  0.986139E-05  0.170784E+05  0.170784E+05  0.227712E+05  0.227712E+05  0.000000E+00  0.170784E+05  0.170784E+05  0.240849E+05 -0.619108E+00  0.180572E+05  0.180572E+05  0.225996E+01
  0.108887E-04  0.170784E+05  0.170784E+05  0.227712E+05  0.227712E+05  0.000000E+00  0.170784E+05  0.170784E+05  0.240849E+05 -0.619108E+00  0.180572E+05  0.180572E+05  0.249540E+01
  0.120230E-04  0.170784E+05  0.170784E+05  0.227712E+05  0.227712E+05  0.000000E+00  0.170784E+05  0.170784E+05  0.240849E+05 -0.619108E+00  0.180572E+05  0.180572E+05  0.275535E+01
  0.132755E-04  0.170784E+05  0.170784E+05  0.227712E+05  0.227712E+05  0.000000E+00  0.170784E+05  0.170784E+05  0.240849E+05 -0.619108E+00  0.180572E+05  0.180572E+05  0.304239E+01
  0.146585E-04  0.170784E+05  0.170784E+05  0.227712E+05  0.227712E+05  0.000000E+00  0.170784E+05  0.170784E+05  0.240849E+05 -0.619108E+00  0.180572E+05  0.180572E+05  0.335934E+01
  0.161856E-04  0.170784E+05  0.170784E+05  0.227712E+05  0.227712E+05  0.000000E+00  0.170784E+05  0.170784E+05  0.240849E+05 -0.619108E+00  0.180572E+05  0.180572E+05  0.370930E+01
  0.178717E-04  0.170784E+05  0.170784E+05  0.227712E+05  0.227712E+05  0.000000E+00  0.170784E+05  0.170784E+05  0.240849E+05 -0.619108E+00  0.180572E+05  0.180572E+05  0.409572E+01
  0.197335E-04  0.170784E+05  0.170784E+05  0.227712E+05  0.227712E+05  0.000000E+00  0.170784E+05  0.170784E+05  0.240849E+05 -0.619108E+00  0.180572E+05  0.180572E+05  0.452239E+01
  0.217893E-04  0.170784E+05  0.170784E+05  0.227712E+05  0.227712E+05  0.000000E+00  0.170784E+05  0.170784E+05  0.240849E+05 -0.619108E+00  0.180572E+05  0.180572E+05  0.499351E+01
  0.240592E-04  0.170784E+05  0.170784E+05  0.227712E+05  0.227712E+05  0.000000E+00  0.170784E+05  0.170784E+05  0.240849E+05 -0.619108E+00  0.180572E+05  0.180572E+05  0.551371E+01
  0.265655E-04  0.170784E+05  0.170784E+05  0.227712E+05  0.227712E+05  0.000000E+00  0.170784E+05  0.170784E+05  0.240849E+05 -0.619108E+00  0.180572E+05  0.180572E+05  0.608810E+01
  0.293330E-04  0.170784E+05  0.170784E+05  0.227712E+05  0.227712E+05  0.000000E+00  0.170784E+05  0.170784E+05  0.240849E+05 -0.619108E+00  0.180572E+05  0.180572E+05  0.672233E+01
  0.323888E-04  0.170784E+05  0.170784E+05  0.227712E+05  0.227712E+05  0.000000E+00  0.170784E+05  0.170784E+05  0.240849E+05 -0.619108E+00  0.180572E+05  0.180572E+05  0.742263E+01
  0.357629E-04  0.170784E+05  0.170784E+05  0.227712E+05  0.227712E+05  0.000000E+00  0.170784E+05  0.170784E+05  0.240849E+05 -0.619108E+00  0.180572E+05  0.180572E+05  0.819589E+01
  0.394885E-04  0.170784E+05  0.170784E+05  0.227712E+05  0.227712E+05  0.000000E+00  0.170784E+05  0.170784E+05  0.240849E+05 -0.619108E+00  0.180572E+05  0.180572E+05  0.904969E+01
  0.436023E-04  0.170784E+05  0.170784E+05  0.227712E+05  0.227711E+05  0.000000E+00  0.170784E+05  0.170784E+05  0.240849E+05 -0.619107E+00  0.180572E+05  0.180572E+05  0.999245E+01
  0.481446E-04  0.170784E+05  0.170784E+05  0.227712E+05  0.227711E+05  0.000000E+00  0.170784E+05  0.170784E+05  0.240849E+05 -0.619107E+00  0.180572E+05  0.180571E+05  0.110334E+02
  0.531600E-04  0.170784E+05  0.170784E+05  0.227712E+05  0.227711E+05  0.000000E+00  0.170784E+05  0.170784E+05  0.240849E+05 -0.619107E+00  0.180572E+05  0.180571E+05  0.121828E+02
  0.586980E-04  0.170784E+05  0.170784E+05  0.227711E+05  0.227710E+05  0.000000E+00  0.170784E+05  0.170784E+05  0.240849E+05 -0.619107E+00  0.180572E+05  0.180571E+05  0.134520E+02
  0.648129E-04  0.170784E+05  0.170783E+05  0.227711E+05  0.227710E+05  0.000000E+00  0.170784E+05  0.170784E+05  0.240848E+05 -0.619106E+00  0.180572E+05  0.180571E+05  0.148533E+02
  0.715648E-04  0.170784E+05  0.170783E+05  0.227711E+05  0.227709E+05  0.000000E+00  0.170784E+05  0.170784E+05  0.240848E+05 -0.619106E+00  0.180572E+05  0.180570E+05  0.164007E+02
  0.790201E-04  0.170784E+05  0.170783E+05  0.227711E+05  0.227709E+05  0.000000E+00  0.170784E+05  0.170784E+05  0.240848E+05 -0.619105E+00  0.180572E+05  0.180570E+05  0.181092E+02
  0.872521E-04  0.170784E+05  0.170783E+05  0.227710E+05  0.227708E+05  0.000000E+00  0.170784E+05  0.170784E+05  0.240848E+05 -0.619105E+00  0.180572E+05  0.180569E+05  0.199957E+02
  0.963416E-04  0.170784E+05  0.170782E+05  0.227710E+05  0.227707E+05  0.000000E+00  0.170784E+05  0.170784E+05  0.240847E+05 -0.619104E+00  0.180572E+05  0.180568E+05  0.220787E+02
  0.106378E-03  0.170784E+05  0.170782E+05  0.227709E+05  0.227706E+05  0.000000E+00  0.170783E+05  0.170783E+05  0.240847E+05 -0.619103E+00  0.180572E+05  0.180567E+05  0.243787E+02
  0.117460E-03  0.170784E+05  0.170781E+05  0.227708E+05  0.227704E+05  0.000000E+00  0.170783E+05  0.170783E+05  0.240846E+05 -0.619101E+00  0.180571E+05  0.180566E+05  0.269184E+02
  0.129696E-03  0.170783E+05  0.170781E+05  0.227707E+05  0.227703E+05  0.000000E+00  0.170783E+05  0.170783E+05  0.240846E+05 -0.619100E+00  0.180571E+05  0.180565E+05  0.297225E+02
  0.143208E-03  0.170783E+05  0.170780E+05  0.227706E+05  0.227701E+05  0.000000E+00  0.170783E+05  0.170783E+05  0.240845E+05 -0.619098E+00  0.180571E+05  0.180563E+05  0.328188E+02
  0.158126E-03  0.170783E+05  0.170779E+05  0.227705E+05  0.227698E+05  0.000000E+00  0.170782E+05  0.170782E+05  0.240844E+05 -0.619096E+00  0.180571E+05  0.180561E+05  0.362376E+02
  0.174599E-03  0.170783E+05  0.170778E+05  0.227703E+05  0.227695E+05  0.000000E+00  0.170782E+05  0.170782E+05  0.240843E+05 -0.619093E+00  0.180570E+05  0.180559E+05  0.400125E+02
  0.192788E-03  0.170782E+05  0.170776E+05  0.227701E+05  0.227691E+05  0.000000E+00  0.170781E+05  0.170781E+05  0.240842E+05 -0.619089E+00  0.180570E+05  0.180556E+05  0.441805E+02
  0.212872E-03  0.170782E+05  0.170775E+05  0.227699E+05  0.227686E+05  0.000000E+00  0.170781E+05  0.170781E+05  0.240840E+05 -0.619085E+00  0.180569E+05  0.180552E+05  0.487828E+02
  0.235048E-03  0.170781E+05  0.170772E+05  0.227696E+05  0.227681E+05  0.000000E+00  0.170780E+05  0.170780E+05  0.240838E+05 -0.619080E+00  0.180568E+05  0.180548E+05  0.538643E+02
  0.259534E-03  0.170781E+05  0.170770E+05  0.227692E+05  0.227674E+05  0.000000E+00  0.170779E+05  0.170779E+05  0.240835E+05 -0.619074E+00  0.180567E+05  0.180543E+05  0.594751E+02
  0.286571E-03  0.170780E+05  0.170767E+05  0.227688E+05  0.227665E+05  0.000000E+00  0.170778E+05  0.170778E+05  0.240832E+05 -0.619067E+00  0.180566E+05  0.180536E+05  0.656702E+02
  0.316425E-03  0.170779E+05  0.170763E+05  0.227683E+05  0.227655E+05  0.000000E+00  0.170776E+05  0.170776E+05  0.240829E+05 -0.619057E+00  0.180565E+05  0.180528E+05  0.725104E+02
  0.349389E-03  0.170777E+05  0.170758E+05  0.227676E+05  0.227642E+05  0.000000E+00  0.170774E+05  0.170774E+05  0.240824E+05 -0.619046E+00  0.180563E+05  0.180518E+05  0.800628E+02
  0.385786E-03  0.170776E+05  0.170752E+05  0.227668E+05  0.227627E+05  0.000000E+00  0.170772E+05  0.170772E+05  0.240818E+05 -0.619033E+00  0.180561E+05  0.180507E+05  0.884015E+02
  0.425976E-03  0.170774E+05  0.170745E+05  0.227659E+05  0.227608E+05  0.000000E+00  0.170769E+05  0.170769E+05  0.240812E+05 -0.619016E+00  0.180559E+05  0.180492E+05  0.976083E+02
  0.470352E-03  0.170772E+05  0.170737E+05  0.227647E+05  0.227586E+05  0.000000E+00  0.170766E+05  0.170766E+05  0.240803E+05 -0.618996E+00  0.180556E+05  0.180475E+05  0.107773E+03
  0.519351E-03  0.170769E+05  0.170727E+05  0.227633E+05  0.227558E+05  0.000000E+00  0.170762E+05  0.170762E+05  0.240793E+05 -0.618971E+00  0.180552E+05  0.180453E+05  0.118996E+03
  0.573455E-03  0.170766E+05  0.170714E+05  0.227615E+05  0.227524E+05  0.000000E+00  0.170757E+05  0.170757E+05  0.240781E+05 -0.618941E+00  0.180547E+05  0.180427E+05  0.131387E+03
  0.633195E-03  0.170762E+05  0.170699E+05  0.227594E+05  0.227482E+05  0.000000E+00  0.170752E+05  0.170752E+05  0.240766E+05 -0.618904E+00  0.180542E+05  0.180395E+05  0.145066E+03
  0.699158E-03  0.170757E+05  0.170680E+05  0.227568E+05  0.227432E+05  0.000000E+00  0.170744E+05  0.170744E+05  0.240748E+05 -0.618859E+00  0.180535E+05  0.180356E+05  0.160167E+03
  0.771993E-03  0.170751E+05  0.170657E+05  0.227536E+05  0.227371E+05  0.000000E+00  0.170736E+05  0.170736E+05  0.240726E+05 -0.618805E+00  0.180527E+05  0.180309E+05  0.176838E+03
  0.852416E-03  0.170744E+05  0.170629E+05  0.227497E+05  0.227296E+05  0.000000E+00  0.170725E+05  0.170725E+05  0.240698E+05 -0.618738E+00  0.180517E+05  0.180251E+05  0.195240E+03
  0.941216E-03  0.170735E+05  0.170595E+05  0.227450E+05  0.227205E+05  0.000000E+00  0.170712E+05  0.170712E+05  0.240665E+05 -0.618657E+00  0.180505E+05  0.180181E+05  0.215553E+03
  0.103927E-02  0.170724E+05  0.170553E+05  0.227393E+05  0.227094E+05  0.000000E+00  0.170696E+05  0.170696E+05  0.240625E+05 -0.618558E+00  0.180490E+05  0.180095E+05  0.237972E+03
  0.114753E-02  0.170711E+05  0.170503E+05  0.227323E+05  0.226958E+05  0.000000E+00  0.170677E+05  0.170677E+05  0.240576E+05 -0.618438E+00  0.180472E+05  0.179991E+05  0.262714E+03
  0.126708E-02  0.170695E+05  0.170441E+05  0.227237E+05  0.226793E+05  0.000000E+00  0.170653E+05  0.170653E+05  0.240516E+05 -0.618291E+00  0.180450E+05  0.179864E+05  0.290017E+03
  0.139908E-02  0.170675E+05  0.170366E+05  0.227133E+05  0.226592E+05  0.000000E+00  0.170625E+05  0.170625E+05  0.240443E+05 -0.618112E+00  0.180423E+05  0.179708E+05  0.320142E+03
  0.154483E-02  0.170651E+05  0.170274E+05  0.227007E+05  0.226347E+05  0.000000E+00  0.170590E+05  0.170590E+05  0.240354E+05 -0.617894E+00  0.180390E+05  0.179519E+05  0.353375E+03
  0.170576E-02  0.170622E+05  0.170163E+05  0.226852E+05  0.226049E+05  0.000000E+00  0.170547E+05  0.170547E+05  0.240246E+05 -0.617628E+00  0.180350E+05  0.179289E+05  0.390029E+03
  0.188346E-02  0.170586E+05  0.170027E+05  0.226664E+05  0.225685E+05  0.000000E+00  0.170495E+05  0.170495E+05  0.240114E+05 -0.617304E+00  0.180301E+05  0.179008E+05  0.430447E+03
  0.207967E-02  0.170543E+05  0.169861E+05  0.226434E+05  0.225243E+05  0.000000E+00  0.170432E+05  0.170432E+05  0.239954E+05 -0.616909E+00  0.180242E+05  0.178666E+05  0.475001E+03
  0.229632E-02  0.170490E+05  0.169659E+05  0.226155E+05  0.224705E+05  0.000000E+00  0.170355E+05  0.170355E+05  0.239758E+05 -0.616429E+00  0.180169E+05  0.178250E+05  0.524097E+03
  0.253554E-02  0.170425E+05  0.169413E+05  0.225815E+05  0.224051E+05  0.000000E+00  0.170261E+05  0.170261E+05  0.239520E+05 -0.615844E+00  0.180081E+05  0.177743E+05  0.578174E+03
  0.279968E-02  0.170347E+05  0.169114E+05  0.225400E+05  0.223255E+05  0.000000E+00  0.170146E+05  0.170146E+05  0.239230E+05 -0.615131E+00  0.179974E+05  0.177127E+05  0.637705E+03
  0.309134E-02  0.170251E+05  0.168749E+05  0.224896E+05  0.222288E+05  0.000000E+00  0.170007E+05  0.170007E+05  0.238877E+05 -0.614264E+00  0.179843E+05  0.176376E+05  0.703196E+03
  0.341338E-02  0.170135E+05  0.168306E+05  0.224282E+05  0.221115E+05  0.000000E+00  0.169837E+05  0.169837E+05  0.238448E+05 -0.613209E+00  0.179683E+05  0.175464E+05  0.775185E+03
  0.376897E-02  0.169993E+05  0.167766E+05  0.223535E+05  0.219691E+05  0.000000E+00  0.169630E+05  0.169630E+05  0.237927E+05 -0.611926E+00  0.179489E+05  0.174355E+05  0.854238E+03
  0.416160E-02  0.169821E+05  0.167110E+05  0.222627E+05  0.217966E+05  0.000000E+00  0.169379E+05  0.169379E+05  0.237293E+05 -0.610367E+00  0.179253E+05  0.173009E+05  0.940941E+03
  0.459514E-02  0.169611E+05  0.166312E+05  0.221524E+05  0.215880E+05  0.000000E+00  0.169074E+05  0.169074E+05  0.236524E+05 -0.608473E+00  0.178965E+05  0.171375E+05  0.103589E+04
  0.507384E-02  0.169356E+05  0.165344E+05  0.220185E+05  0.213360E+05  0.000000E+00  0.168702E+05  0.168702E+05  0.235592E+05 -0.606176E+00  0.178616E+05  0.169394E+05  0.113968E+04
  0.560241E-02  0.169046E+05  0.164169E+05  0.218561E+05  0.210322E+05  0.000000E+00  0.168251E+05  0.168251E+05  0.234464E+05 -0.603391E+00  0.178191E+05  0.166997E+05  0.125288E+04
  0.618604E-02  0.168670E+05  0.162745E+05  0.216593E+05  0.206670E+05  0.000000E+00  0.167704E+05  0.167704E+05  0.233099E+05 -0.600019E+00  0.177674E+05  0.164100E+05  0.137598E+04
  0.683048E-02  0.168213E+05  0.161022E+05  0.214211E+05  0.202294E+05  0.000000E+00  0.167041E+05  0.167041E+05  0.231452E+05 -0.595943E+00  0.177047E+05  0.160606E+05  0.150939E+04
  0.754204E-02  0.167659E+05  0.158939E+05  0.211335E+05  0.197068E+05  0.000000E+00  0.166238E+05  0.166238E+05  0.229469E+05 -0.591026E+00  0.176286E+05  0.156401E+05  0.165334E+04
  0.832774E-02  0.166988E+05  0.156428E+05  0.207867E+05  0.190858E+05  0.000000E+00  0.165267E+05  0.165267E+05  0.227086E+05 -0.585107E+00  0.175364E+05  0.151356E+05  0.180783E+04
  0.919528E-02  0.166178E+05  0.153406E+05  0.203697E+05  0.183520E+05  0.000000E+00  0.164096E+05  0.164096E+05  0.224233E+05 -0.578002E+00  0.174249E+05  0.145326E+05  0.197250E+04
  0.101532E-01  0.165200E+05  0.149780E+05  0.198699E+05  0.174911E+05  0.000000E+00  0.162687E+05  0.162687E+05  0.220832E+05 -0.569501E+00  0.172902E+05  0.138149E+05  0.214648E+04
  0.112109E-01  0.164022E+05  0.145447E+05  0.192731E+05  0.164897E+05  0.000000E+00  0.160995E+05  0.160995E+05  0.216794E+05 -0.559374E+00  0.171279E+05  0.129655E+05  0.232829E+04
  0.123788E-01  0.162608E+05  0.140290E+05  0.185636E+05  0.153373E+05  0.000000E+00  0.158971E+05  0.158971E+05  0.212030E+05 -0.547368E+00  0.169328E+05  0.119671E+05  0.251552E+04
  0.136684E-01  0.160916E+05  0.134187E+05  0.177251E+05  0.140287E+05  0.000000E+00  0.156560E+05  0.156560E+05  0.206448E+05 -0.533221E+00  0.166989E+05  0.108037E+05  0.270466E+04
  0.150923E-01  0.158898E+05  0.127012E+05  0.167411E+05  0.125670E+05  0.000000E+00  0.153702E+05  0.153702E+05  0.199961E+05 -0.516675E+00  0.164197E+05  0.946245E+04  0.289075E+04
  0.166646E-01  0.156504E+05  0.118648E+05  0.155964E+05  0.109677E+05  0.000000E+00  0.150335E+05  0.150335E+05  0.192499E+05 -0.497495E+00  0.160879E+05  0.793728E+04  0.306709E+04
  0.184006E-01  0.153678E+05  0.108997E+05  0.142790E+05  0.926281E+04  0.000000E+00  0.146397E+05  0.146397E+05  0.184021E+05 -0.475500E+00  0.156959E+05  0.623302E+04  0.322496E+04
  0.203175E-01  0.150367E+05  0.980039E+04  0.127833E+05  0.750441E+04  0.000000E+00  0.141833E+05  0.141833E+05  0.174525E+05 -0.450607E+00  0.152362E+05  0.437149E+04  0.335334E+04
  0.224341E-01  0.146515E+05  0.856837E+04  0.111140E+05  0.576617E+04  0.000000E+00  0.136602E+05  0.136602E+05  0.164070E+05 -0.422871E+00  0.147015E+05  0.239870E+04  0.343896E+04
  0.247711E-01  0.142077E+05  0.721567E+04  0.929048E+04  0.414047E+04  0.000000E+00  0.130683E+05  0.130683E+05  0.152789E+05 -0.392549E+00  0.140864E+05  0.392722E+03  0.346661E+04
  0.273517E-01  0.137018E+05  0.576905E+04  0.735305E+04  0.272849E+04  0.000000E+00  0.124091E+05  0.124091E+05  0.140897E+05 -0.360139E+00  0.133880E+05 -0.152921E+04  0.342006E+04
  0.302011E-01  0.131323E+05  0.427420E+04  0.536779E+04  0.162130E+04  0.000000E+00  0.116888E+05  0.116888E+05  0.128691E+05 -0.326416E+00  0.126075E+05 -0.320770E+04  0.328385E+04
  0.333473E-01  0.125003E+05  0.279887E+04  0.342998E+04  0.872995E+03  0.000000E+00  0.109193E+05  0.109193E+05  0.116530E+05 -0.292420E+00  0.117521E+05 -0.444704E+04  0.304623E+04
  0.368212E-01  0.118099E+05  0.143294E+04  0.166271E+04  0.473077E+03  0.000000E+00  0.101188E+05  0.101188E+05  0.104807E+05 -0.259398E+00  0.108362E+05 -0.503692E+04  0.270331E+04
  0.406571E-01  0.110689E+05  0.282839E+03  0.207043E+03  0.333296E+03  0.000000E+00  0.931120E+04  0.931120E+04  0.939079E+04 -0.228669E+00  0.988241E+04 -0.479730E+04  0.226418E+04
  0.447228E-01  0.103194E+05 -0.518481E+03 -0.771311E+03  0.309281E+03  0.000000E+00  0.855324E+04  0.855324E+04  0.845187E+04 -0.202407E+00  0.895697E+04 -0.371055E+04  0.177621E+04
  0.487885E-01  0.961484E+04 -0.922223E+03 -0.122710E+04  0.273912E+03  0.000000E+00  0.789769E+04  0.789769E+04  0.770897E+04 -0.181945E+00  0.813141E+04 -0.206457E+04  0.131051E+04
  0.528542E-01  0.895995E+04 -0.994615E+03 -0.126268E+04  0.190067E+03  0.000000E+00  0.733772E+04  0.733772E+04  0.713198E+04 -0.166347E+00  0.740882E+04 -0.208987E+03  0.903818E+03
  0.569199E-01  0.835679E+04 -0.823453E+03 -0.100442E+04  0.872880E+02  0.000000E+00  0.686075E+04  0.686075E+04  0.668905E+04 -0.154599E+00  0.678528E+04  0.151735E+04  0.580371E+03
  0.609856E-01  0.780532E+04 -0.504892E+03 -0.584268E+03  0.109791E+02  0.000000E+00  0.645107E+04  0.645107E+04  0.634618E+04 -0.145692E+00  0.625191E+04  0.283877E+04  0.350960E+03
  0.650513E-01  0.730394E+04 -0.130968E+03 -0.122043E+03 -0.142353E+02  0.000000E+00  0.609233E+04  0.609233E+04  0.606834E+04 -0.138688E+00  0.579718E+04  0.357932E+04  0.213800E+03
  0.691171E-01  0.684989E+04  0.220567E+03  0.287197E+03  0.463891E+01  0.000000E+00  0.576956E+04  0.576956E+04  0.582237E+04 -0.132762E+00  0.540853E+04  0.368018E+04  0.156811E+03
  0.731828E-01  0.643955E+04  0.493150E+03  0.580609E+03  0.402064E+02  0.000000E+00  0.547051E+04  0.547051E+04  0.558117E+04 -0.127247E+00  0.507363E+04  0.319627E+04  0.160868E+03
  0.772485E-01  0.606878E+04  0.654700E+03  0.729445E+03  0.647421E+02  0.000000E+00  0.518649E+04  0.518649E+04  0.532730E+04 -0.121676E+00  0.478113E+04  0.227470E+04  0.203468E+03
  0.813142E-01  0.573319E+04  0.697210E+03  0.735892E+03  0.652962E+02  0.000000E+00  0.491251E+04  0.491251E+04  0.505457E+04 -0.115797E+00  0.452113E+04  0.112031E+04  0.262270E+03
  0.853799E-01  0.542842E+04  0.633295E+03  0.626107E+03  0.466605E+02  0.000000E+00  0.464699E+04  0.464699E+04  0.476673E+04 -0.109570E+00  0.428550E+04 -0.448928E+02  0.318055E+03
  0.904429E-01  0.508585E+04  0.447413E+03  0.389380E+03  0.189917E+02  0.000000E+00  0.432995E+04  0.432995E+04  0.440316E+04 -0.101532E+00  0.401689E+04 -0.121338E+04  0.362643E+03
  0.955060E-01  0.477787E+04  0.208484E+03  0.123757E+03  0.767263E+01  0.000000E+00  0.403323E+04  0.403323E+04  0.405671E+04 -0.936192E-01  0.376860E+04 -0.182864E+04  0.367514E+03
  0.100569E+00  0.449887E+04 -0.156096E+02 -0.959977E+02  0.141016E+02  0.000000E+00  0.376318E+04  0.376318E+04  0.374749E+04 -0.863302E-01  0.353678E+04 -0.180564E+04  0.333123E+03
  0.105632E+00  0.424446E+04 -0.173826E+03 -0.224176E+03  0.232008E+02  0.000000E+00  0.352444E+04  0.352444E+04  0.348659E+04 -0.800378E-01  0.332057E+04 -0.123788E+04  0.270615E+03
  0.110695E+00  0.401137E+04 -0.241003E+03 -0.249506E+03  0.219049E+02  0.000000E+00  0.331839E+04  0.331839E+04  0.327577E+04 -0.748994E-01  0.312072E+04 -0.350528E+03  0.196647E+03
  0.115758E+00  0.379715E+04 -0.219074E+03 -0.190503E+03  0.108461E+02  0.000000E+00  0.314265E+04  0.314265E+04  0.310937E+04 -0.708537E-01  0.293826E+04  0.575476E+03  0.127998E+03
  0.120821E+00  0.359995E+04 -0.131602E+03 -0.840343E+02  0.503878E+00  0.000000E+00  0.299184E+04  0.299184E+04  0.297662E+04 -0.676746E-01  0.277357E+04  0.128488E+04  0.772671E+02
  0.125884E+00  0.341827E+04 -0.140440E+02  0.285420E+02 -0.902013E+00  0.000000E+00  0.285893E+04  0.285893E+04  0.286401E+04 -0.650525E-01  0.262603E+04  0.161288E+04  0.504701E+02
  0.130947E+00  0.325083E+04  0.971373E+02  0.113522E+03  0.523402E+01  0.000000E+00  0.273689E+04  0.273689E+04  0.275820E+04 -0.626754E-01  0.249401E+04  0.151787E+04  0.467463E+02
  0.136010E+00  0.309638E+04  0.173699E+03  0.152392E+03  0.110560E+02  0.000000E+00  0.262009E+04  0.262009E+04  0.264920E+04 -0.602970E-01  0.237527E+04  0.107709E+04  0.598541E+02
  0.141073E+00  0.295374E+04  0.201235E+03  0.143666E+03  0.107806E+02  0.000000E+00  0.250518E+04  0.250518E+04  0.253267E+04 -0.577794E-01  0.226727E+04  0.450818E+03  0.807441E+02
  0.146136E+00  0.282171E+04  0.180380E+03  0.996600E+02  0.558853E+01  0.000000E+00  0.239127E+04  0.239127E+04  0.241010E+04 -0.551044E-01  0.216764E+04 -0.171244E+03  0.100365E+03
  0.151199E+00  0.269918E+04  0.124071E+03  0.401248E+02  0.104708E+01  0.000000E+00  0.227953E+04  0.227953E+04  0.228696E+04 -0.523523E-01  0.207441E+04 -0.624836E+03  0.111950E+03
  0.156262E+00  0.258510E+04  0.521920E+02 -0.149015E+02  0.942293E+00  0.000000E+00  0.217233E+04  0.217233E+04  0.216974E+04 -0.496573E-01  0.198621E+04 -0.812111E+03  0.112298E+03
  0.161325E+00  0.247856E+04 -0.146485E+02 -0.508543E+02  0.401490E+01  0.000000E+00  0.207226E+04  0.207226E+04  0.206351E+04 -0.471561E-01  0.190234E+04 -0.719400E+03  0.101910E+03
  0.166388E+00  0.237879E+04 -0.604851E+02 -0.616800E+02  0.614104E+01  0.000000E+00  0.198127E+04  0.198127E+04  0.197083E+04 -0.449448E-01  0.182267E+04 -0.409926E+03  0.841428E+02
  0.171451E+00  0.228514E+04 -0.773107E+02 -0.498262E+02  0.487892E+01  0.000000E+00  0.190015E+04  0.190015E+04  0.189170E+04 -0.430582E-01  0.174735E+04  0.336098E+01  0.637871E+02
  0.176515E+00  0.219712E+04 -0.658203E+02 -0.237873E+02  0.159472E+01  0.000000E+00  0.182834E+04  0.182834E+04  0.182422E+04 -0.414693E-01  0.167665E+04  0.394835E+03  0.455382E+02
  0.181578E+00  0.211428E+04 -0.338261E+02  0.560329E+01 -0.477840E+00  0.000000E+00  0.176422E+04  0.176422E+04  0.176518E+04 -0.401072E-01  0.161072E+04  0.661773E+03  0.327726E+02
  0.186641E+00  0.203627E+04  0.689247E+01  0.288123E+02  0.298302E+00  0.000000E+00  0.170556E+04  0.170556E+04  0.171084E+04 -0.388809E-01  0.154949E+04  0.748958E+03  0.268968E+02
  0.191704E+00  0.196277E+04  0.442418E+02  0.401308E+02  0.258406E+01  0.000000E+00  0.165012E+04  0.165012E+04  0.165774E+04 -0.377046E-01  0.149265E+04  0.657044E+03  0.273340E+02
  0.196767E+00  0.189346E+04  0.689487E+02  0.385656E+02  0.377564E+01  0.000000E+00  0.159613E+04  0.159613E+04  0.160362E+04 -0.365164E-01  0.143975E+04  0.434623E+03  0.320331E+02
  0.201830E+00  0.182806E+04  0.764810E+02  0.271598E+02  0.269261E+01  0.000000E+00  0.154262E+04  0.154262E+04  0.154790E+04 -0.352894E-01  0.139021E+04  0.158386E+03  0.382732E+02
  0.206893E+00  0.176627E+04  0.674408E+02  0.112584E+02  0.573558E+00  0.000000E+00  0.148942E+04  0.148942E+04  0.149154E+04 -0.340308E-01  0.134349E+04 -0.915251E+02  0.434953E+02
  0.211956E+00  0.170781E+04  0.465809E+02 -0.355732E+01 -0.466855E+00  0.000000E+00  0.143709E+04  0.143709E+04  0.143639E+04 -0.327734E-01  0.129911E+04 -0.253572E+03  0.459375E+02
  0.217019E+00  0.165242E+04  0.209244E+02 -0.131849E+02  0.350075E+00  0.000000E+00  0.138654E+04  0.138654E+04  0.138419E+04 -0.315602E-01  0.125672E+04 -0.298633E+03  0.449430E+02
  0.222082E+00  0.159984E+04 -0.239417E+01 -0.159237E+02  0.186620E+01  0.000000E+00  0.133874E+04  0.133874E+04  0.133608E+04 -0.304297E-01  0.121613E+04 -0.233020E+03  0.409196E+02
  0.227145E+00  0.154988E+04 -0.179682E+02 -0.124879E+02  0.238463E+01  0.000000E+00  0.129438E+04  0.129438E+04  0.129241E+04 -0.294051E-01  0.117728E+04 -0.914798E+02  0.350273E+02
  0.232208E+00  0.150233E+04 -0.232182E+02 -0.528924E+01  0.143077E+01  0.000000E+00  0.125372E+04  0.125372E+04  0.125294E+04 -0.284896E-01  0.114018E+04  0.764121E+02  0.287277E+02
  0.237271E+00  0.145704E+04 -0.185923E+02  0.264579E+01  0.710082E-01  0.000000E+00  0.121656E+04  0.121656E+04  0.121705E+04 -0.276694E-01  0.110487E+04  0.221766E+03  0.233398E+02
  0.242334E+00  0.141386E+04 -0.696118E+01  0.872062E+01 -0.339075E+00  0.000000E+00  0.118232E+04  0.118232E+04  0.118386E+04 -0.269201E-01  0.107135E+04  0.309308E+03  0.197196E+02
  0.247397E+00  0.137267E+04  0.750319E+01  0.114646E+02  0.447139E+00  0.000000E+00  0.115020E+04  0.115020E+04  0.115234E+04 -0.262136E-01  0.103959E+04  0.324621E+03  0.181227E+02
  0.252460E+00  0.133335E+04  0.205967E+02  0.107388E+02  0.144694E+01  0.000000E+00  0.111942E+04  0.111942E+04  0.112156E+04 -0.255260E-01  0.100948E+04  0.274643E+03  0.182527E+02
  0.257523E+00  0.129581E+04  0.291509E+02  0.749137E+01  0.157605E+01  0.000000E+00  0.108939E+04  0.108939E+04  0.109095E+04 -0.248417E-01  0.980883E+03  0.182370E+03  0.194445E+02
  0.262586E+00  0.125994E+04  0.316632E+02  0.323055E+01  0.752325E+00  0.000000E+00  0.105978E+04  0.105978E+04  0.106046E+04 -0.241555E-01  0.953655E+03  0.781367E+02  0.209086E+02
  0.267649E+00  0.122564E+04  0.284001E+02 -0.559837E+00 -0.130829E+00  0.000000E+00  0.103054E+04  0.103054E+04  0.103042E+04 -0.234720E-01  0.927637E+03 -0.960524E+01  0.219592E+02
  0.272712E+00  0.119282E+04  0.210384E+02 -0.287085E+01 -0.211566E+00  0.000000E+00  0.100186E+04  0.100186E+04  0.100131E+04 -0.228018E-01  0.902696E+03 -0.614556E+02  0.221703E+02
  0.277775E+00  0.116139E+04  0.120098E+02 -0.337299E+01  0.472270E+00  0.000000E+00  0.974082E+03  0.974082E+03  0.973528E+03 -0.221570E-01  0.878729E+03 -0.706079E+02  0.214318E+02
  0.282838E+00  0.113126E+04  0.376433E+01 -0.236463E+01  0.111471E+01  0.000000E+00  0.947519E+03  0.947519E+03  0.947230E+03 -0.215475E-01  0.855675E+03 -0.424533E+02  0.199127E+02
  0.287901E+00  0.110236E+04 -0.184462E+01 -0.536431E+00  0.103642E+01  0.000000E+00  0.922413E+03  0.922413E+03  0.922446E+03 -0.209782E-01  0.833502E+03  0.895254E+01  0.179599E+02
  0.292964E+00  0.107461E+04 -0.392523E+01  0.133367E+01  0.360581E+00  0.000000E+00  0.898848E+03  0.898848E+03  0.899136E+03 -0.204484E-01  0.812195E+03  0.660631E+02  0.159710E+02
  0.298027E+00  0.104795E+04 -0.260821E+01  0.264327E+01 -0.192066E+00  0.000000E+00  0.876750E+03  0.876750E+03  0.877207E+03 -0.199532E-01  0.791741E+03  0.112995E+03  0.142818E+02
  0.303090E+00  0.102233E+04  0.115899E+01  0.311223E+01 -0.941268E-01  0.000000E+00  0.855915E+03  0.855915E+03  0.856469E+03 -0.194855E-01  0.772121E+03  0.139312E+03  0.130928E+02
  0.308153E+00  0.997680E+03  0.598275E+01  0.279301E+01  0.470448E+00  0.000000E+00  0.836070E+03  0.836070E+03  0.836638E+03 -0.190373E-01  0.753303E+03  0.141697E+03  0.124462E+02
  0.313216E+00  0.973963E+03  0.104453E+02  0.197256E+01  0.860821E+00  0.000000E+00  0.816945E+03  0.816945E+03  0.817412E+03 -0.186020E-01  0.735245E+03  0.123489E+03  0.122480E+02
  0.318279E+00  0.951129E+03  0.134588E+02  0.102284E+01  0.674671E+00  0.000000E+00  0.798324E+03  0.798324E+03  0.798594E+03 -0.181754E-01  0.717897E+03  0.925929E+02  0.123201E+02
  0.323342E+00  0.929136E+03  0.144766E+02  0.260439E+00  0.136398E+00  0.000000E+00  0.780080E+03  0.780080E+03  0.780145E+03 -0.177557E-01  0.701208E+03  0.586314E+02  0.124622E+02
  0.328406E+00  0.907942E+03  0.135355E+02 -0.140986E+00 -0.188736E+00  0.000000E+00  0.762187E+03  0.762187E+03  0.762138E+03 -0.173439E-01  0.685128E+03  0.302091E+02  0.125057E+02
  0.333469E+00  0.887508E+03  0.111492E+02 -0.169604E+00 -0.240491E-02  0.000000E+00  0.744694E+03  0.744694E+03  0.744663E+03 -0.169425E-01  0.669612E+03  0.129684E+02  0.123483E+02
  0.338532E+00  0.867798E+03  0.809935E+01  0.636940E-01  0.445280E+00  0.000000E+00  0.727699E+03  0.727699E+03  0.727767E+03 -0.165542E-01  0.654625E+03  0.876477E+01  0.119638E+02
  0.343595E+00  0.848775E+03  0.519968E+01  0.394962E+00  0.659055E+00  0.000000E+00  0.711304E+03  0.711304E+03  0.711459E+03 -0.161813E-01  0.640143E+03  0.159431E+02  0.113922E+02
  0.348658E+00  0.830408E+03  0.309185E+01  0.676332E+00  0.426254E+00  0.000000E+00  0.695586E+03  0.695586E+03  0.695762E+03 -0.158250E-01  0.626149E+03  0.304186E+02  0.107147E+02
  0.353721E+00  0.812664E+03  0.211868E+01  0.821328E+00  0.106710E-01  0.000000E+00  0.680575E+03  0.680575E+03  0.680725E+03 -0.154850E-01  0.612631E+03  0.471321E+02  0.100254E+02
  0.358784E+00  0.795514E+03  0.229135E+01  0.816923E+00 -0.157484E+00  0.000000E+00  0.666248E+03  0.666248E+03  0.666377E+03 -0.151603E-01  0.599575E+03  0.614499E+02  0.940548E+01
  0.363847E+00  0.778932E+03  0.334337E+01  0.706711E+00  0.636089E-01  0.000000E+00  0.652540E+03  0.652540E+03  0.652676E+03 -0.148490E-01  0.586965E+03  0.701813E+02  0.890678E+01
  0.368910E+00  0.762892E+03  0.484119E+01  0.558624E+00  0.405275E+00  0.000000E+00  0.639357E+03  0.639357E+03  0.639510E+03 -0.145490E-01  0.574782E+03  0.720535E+02  0.854563E+01
  0.373973E+00  0.747369E+03  0.631878E+01  0.432800E+00  0.497010E+00  0.000000E+00  0.626606E+03  0.626606E+03  0.626747E+03 -0.142583E-01  0.563007E+03  0.676417E+02  0.830647E+01
  0.379036E+00  0.732343E+03  0.739275E+01  0.361296E+00  0.255032E+00  0.000000E+00  0.614203E+03  0.614203E+03  0.614300E+03 -0.139752E-01  0.551620E+03  0.588843E+02  0.815200E+01
  0.384099E+00  0.717790E+03  0.784289E+01  0.344110E+00 -0.541076E-01  0.000000E+00  0.602095E+03  0.602095E+03  0.602150E+03 -0.136987E-01  0.540597E+03  0.483788E+02  0.803610E+01
  0.389162E+00  0.703690E+03  0.763523E+01  0.358782E+00 -0.114728E+00  0.000000E+00  0.590259E+03  0.590259E+03  0.590310E+03 -0.134285E-01  0.529918E+03  0.386638E+02  0.791602E+01
  0.394225E+00  0.690026E+03  0.690107E+01  0.376340E+00  0.109408E+00  0.000000E+00  0.578702E+03  0.578702E+03  0.578784E+03 -0.131651E-01  0.519565E+03  0.316519E+02  0.776120E+01
  0.399288E+00  0.676777E+03  0.587546E+01  0.375695E+00  0.358811E+00  0.000000E+00  0.567445E+03  0.567445E+03  0.567558E+03 -0.129089E-01  0.509520E+03  0.283082E+02  0.755755E+01
  0.404351E+00  0.663927E+03  0.482530E+01  0.351061E+00  0.367501E+00  0.000000E+00  0.556518E+03  0.556518E+03  0.556628E+03 -0.126604E-01  0.499773E+03  0.285994E+02  0.730724E+01
  0.409414E+00  0.651460E+03  0.398010E+01  0.311032E+00  0.137533E+00  0.000000E+00  0.545945E+03  0.545945E+03  0.546018E+03 -0.124200E-01  0.490315E+03  0.316734E+02  0.702492E+01
  0.414477E+00  0.639360E+03  0.348289E+01  0.271571E+00 -0.826161E-01  0.000000E+00  0.535735E+03  0.535735E+03  0.535774E+03 -0.121879E-01  0.481135E+03  0.361900E+02  0.673189E+01
  0.419540E+00  0.627612E+03  0.337166E+01  0.247145E+00 -0.720132E-01  0.000000E+00  0.525884E+03  0.525884E+03  0.525920E+03 -0.119637E-01  0.472227E+03  0.407043E+02  0.645002E+01
  0.424603E+00  0.616203E+03  0.358718E+01  0.244095E+00  0.136723E+00  0.000000E+00  0.516370E+03  0.516370E+03  0.516431E+03 -0.117472E-01  0.463581E+03  0.440114E+02  0.619657E+01
  0.429666E+00  0.605120E+03  0.400358E+01  0.258631E+00  0.308891E+00  0.000000E+00  0.507160E+03  0.507160E+03  0.507246E+03 -0.115375E-01  0.455186E+03  0.453817E+02  0.598104E+01
  0.434729E+00  0.594350E+03  0.446876E+01  0.279527E+00  0.264083E+00  0.000000E+00  0.498221E+03  0.498221E+03  0.498305E+03 -0.113340E-01  0.447035E+03  0.446524E+02  0.580432E+01
  0.439792E+00  0.583881E+03  0.484531E+01  0.293659E+00  0.587999E-01  0.000000E+00  0.489520E+03  0.489520E+03  0.489580E+03 -0.111359E-01  0.439117E+03  0.421768E+02  0.565990E+01
  0.444855E+00  0.573701E+03  0.503971E+01  0.291670E+00 -0.880795E-01  0.000000E+00  0.481031E+03  0.481031E+03  0.481073E+03 -0.109426E-01  0.431421E+03  0.386621E+02  0.553654E+01
  0.449918E+00  0.563801E+03  0.501772E+01  0.271435E+00 -0.325448E-01  0.000000E+00  0.472740E+03  0.472740E+03  0.472785E+03 -0.107538E-01  0.423937E+03  0.349516E+02  0.542164E+01
  0.454981E+00  0.554168E+03  0.480243E+01  0.238184E+00  0.150562E+00  0.000000E+00  0.464642E+03  0.464642E+03  0.464704E+03 -0.105695E-01  0.416655E+03  0.318072E+02  0.530428E+01
  0.460044E+00  0.544794E+03  0.445819E+01  0.201705E+00  0.259389E+00  0.000000E+00  0.456739E+03  0.456739E+03  0.456808E+03 -0.103896E-01  0.409566E+03  0.297430E+02  0.517741E+01
  0.465107E+00  0.535668E+03  0.407034E+01  0.172111E+00  0.182282E+00  0.000000E+00  0.449037E+03  0.449037E+03  0.449092E+03 -0.102144E-01  0.402664E+03  0.289418E+02  0.503880E+01
  0.470170E+00  0.526782E+03  0.372019E+01  0.156019E+00  0.758649E-02  0.000000E+00  0.441542E+03  0.441542E+03  0.441572E+03 -0.100438E-01  0.395943E+03  0.292613E+02  0.489063E+01
  0.475233E+00  0.518127E+03  0.346686E+01  0.154565E+00 -0.806375E-01  0.000000E+00  0.434256E+03  0.434256E+03  0.434274E+03 -0.987798E-02  0.389396E+03  0.303181E+02  0.473819E+01
  0.480297E+00  0.509695E+03  0.333742E+01  0.163712E+00  0.608620E-03  0.000000E+00  0.427177E+03  0.427177E+03  0.427207E+03 -0.971687E-02  0.383019E+03  0.316166E+02  0.458803E+01
  0.485360E+00  0.501477E+03  0.332592E+01  0.176424E+00  0.153533E+00  0.000000E+00  0.420297E+03  0.420297E+03  0.420349E+03 -0.956032E-02  0.376806E+03  0.326860E+02  0.444608E+01
  0.490423E+00  0.493468E+03  0.339994E+01  0.185594E+00  0.212136E+00  0.000000E+00  0.413605E+03  0.413605E+03  0.413665E+03 -0.940808E-02  0.370752E+03  0.331898E+02  0.431632E+01
  0.495486E+00  0.485659E+03  0.351335E+01  0.186551E+00  0.118562E+00  0.000000E+00  0.407087E+03  0.407087E+03  0.407136E+03 -0.925979E-02  0.364852E+03  0.329856E+02  0.420013E+01
  0.500549E+00  0.478044E+03  0.361905E+01  0.178316E+00 -0.234379E-01  0.000000E+00  0.400730E+03  0.400730E+03  0.400760E+03 -0.911513E-02  0.359101E+03  0.321276E+02  0.409635E+01
  0.505612E+00  0.470616E+03  0.367996E+01  0.163340E+00 -0.659115E-01  0.000000E+00  0.394523E+03  0.394523E+03  0.394544E+03 -0.897384E-02  0.353493E+03  0.308210E+02  0.400198E+01
  0.510675E+00  0.463370E+03  0.367663E+01  0.146072E+00  0.270486E-01  0.000000E+00  0.388457E+03  0.388457E+03  0.388487E+03 -0.883577E-02  0.348023E+03  0.293467E+02  0.391324E+01
  0.515738E+00  0.456298E+03  0.360800E+01  0.131057E+00  0.148612E+00  0.000000E+00  0.382526E+03  0.382526E+03  0.382569E+03 -0.870081E-02  0.342686E+03  0.279803E+02  0.382654E+01
  0.520801E+00  0.449395E+03  0.348881E+01  0.121313E+00  0.168524E+00  0.000000E+00  0.376729E+03  0.376729E+03  0.376772E+03 -0.856891E-02  0.337476E+03  0.269264E+02  0.373929E+01
  0.525864E+00  0.442657E+03  0.334345E+01  0.117542E+00  0.698098E-01  0.000000E+00  0.371065E+03  0.371065E+03  0.371095E+03 -0.844002E-02  0.332389E+03  0.262813E+02  0.365033E+01
  0.530927E+00  0.436076E+03  0.319838E+01  0.118302E+00 -0.400746E-01  0.000000E+00  0.365533E+03  0.365533E+03  0.365549E+03 -0.831415E-02  0.327422E+03  0.260282E+02  0.355984E+01
  0.535990E+00  0.429649E+03  0.307563E+01  0.120909E+00 -0.480426E-01  0.000000E+00  0.360133E+03  0.360133E+03  0.360149E+03 -0.819127E-02  0.322571E+03  0.260619E+02  0.346906E+01
  0.541053E+00  0.423370E+03  0.298852E+01  0.122616E+00  0.466891E-01  0.000000E+00  0.354863E+03  0.354863E+03  0.354892E+03 -0.807137E-02  0.317832E+03  0.262299E+02  0.337972E+01
  0.546116E+00  0.417235E+03  0.293994E+01  0.121579E+00  0.138043E+00  0.000000E+00  0.349720E+03  0.349720E+03  0.349760E+03 -0.795436E-02  0.313202E+03  0.263777E+02  0.329353E+01
  0.551179E+00  0.411239E+03  0.292375E+01  0.117326E+00  0.129368E+00  0.000000E+00  0.344699E+03  0.344699E+03  0.344736E+03 -0.784013E-02  0.308677E+03  0.263865E+02  0.321170E+01
  0.556242E+00  0.405378E+03  0.292747E+01  0.110650E+00  0.335170E-01  0.000000E+00  0.339793E+03  0.339793E+03  0.339818E+03 -0.772853E-02  0.304256E+03  0.261941E+02  0.313479E+01
  0.561305E+00  0.399648E+03  0.293654E+01  0.103092E+00 -0.464806E-01  0.000000E+00  0.334999E+03  0.334999E+03  0.335012E+03 -0.761941E-02  0.299935E+03  0.257991E+02  0.306265E+01
  0.566368E+00  0.394045E+03  0.293810E+01  0.962660E-01 -0.295711E-01  0.000000E+00  0.330309E+03  0.330309E+03  0.330323E+03 -0.751269E-02  0.295710E+03  0.252497E+02  0.299457E+01
  0.571431E+00  0.388565E+03  0.292315E+01  0.912921E-01  0.600648E-01  0.000000E+00  0.325719E+03  0.325719E+03  0.325744E+03 -0.740825E-02  0.291578E+03  0.246227E+02  0.292958E+01
  0.576494E+00  0.383204E+03  0.288867E+01  0.885094E-01  0.123770E+00  0.000000E+00  0.321227E+03  0.321227E+03  0.321258E+03 -0.730605E-02  0.287537E+03  0.240002E+02  0.286666E+01
  0.581557E+00  0.377959E+03  0.283700E+01  0.875017E-01  0.951291E-01  0.000000E+00  0.316828E+03  0.316828E+03  0.316856E+03 -0.720599E-02  0.283583E+03  0.234496E+02  0.280501E+01
  0.586620E+00  0.372827E+03  0.277381E+01  0.873740E-01  0.751810E-02  0.000000E+00  0.312522E+03  0.312522E+03  0.312539E+03 -0.710803E-02  0.279714E+03  0.230107E+02  0.274414E+01
  0.591683E+00  0.367804E+03  0.270689E+01  0.871327E-01 -0.458425E-01  0.000000E+00  0.308306E+03  0.308306E+03  0.308316E+03 -0.701212E-02  0.275928E+03  0.226914E+02  0.268391E+01
  0.616337E+00  0.344804E+03  0.249649E+01  0.727304E-01 -0.122225E-02  0.000000E+00  0.289021E+03  0.289021E+03  0.289034E+03 -0.657337E-02  0.258596E+03  0.218506E+02  0.240877E+01
  0.631147E+00  0.332060E+03  0.244434E+01  0.734297E-01  0.590348E-01  0.000000E+00  0.278345E+03  0.278345E+03  0.278366E+03 -0.633051E-02  0.248998E+03  0.210522E+02  0.226481E+01
  0.652539E+00  0.314922E+03  0.231051E+01  0.533323E-01 -0.321425E-01  0.000000E+00  0.263978E+03  0.263978E+03  0.263984E+03 -0.600362E-02  0.236093E+03  0.196538E+02  0.207998E+01
  0.674657E+00  0.298626E+03  0.216683E+01  0.557651E-01 -0.446308E-03  0.000000E+00  0.250314E+03  0.250314E+03  0.250324E+03 -0.569286E-02  0.223826E+03  0.188225E+02  0.190550E+01
  0.697525E+00  0.283134E+03  0.206788E+01  0.471944E-01  0.594881E-01  0.000000E+00  0.237331E+03  0.237331E+03  0.237347E+03 -0.539749E-02  0.212169E+03  0.178585E+02  0.174690E+01
  0.721168E+00  0.268409E+03  0.195475E+01  0.399624E-01  0.538254E-01  0.000000E+00  0.224987E+03  0.224987E+03  0.225001E+03 -0.511670E-02  0.201093E+03  0.168790E+02  0.160183E+01
  0.745612E+00  0.254416E+03  0.184778E+01  0.385216E-01  0.125237E-01  0.000000E+00  0.213256E+03  0.213256E+03  0.213265E+03 -0.484987E-02  0.190570E+03  0.160465E+02  0.146781E+01
  0.770884E+00  0.241118E+03  0.174877E+01  0.340820E-01 -0.158767E-01  0.000000E+00  0.202110E+03  0.202110E+03  0.202114E+03 -0.459634E-02  0.180573E+03  0.152010E+02  0.134526E+01
  0.797014E+00  0.228485E+03  0.165482E+01  0.292974E-01 -0.216419E-01  0.000000E+00  0.191521E+03  0.191521E+03  0.191523E+03 -0.435548E-02  0.171080E+03  0.144062E+02  0.123271E+01
  0.824028E+00  0.216486E+03  0.156733E+01  0.269942E-01 -0.163474E-01  0.000000E+00  0.181462E+03  0.181462E+03  0.181465E+03 -0.412671E-02  0.162065E+03  0.136614E+02  0.112936E+01
  0.851959E+00  0.205091E+03  0.148258E+01  0.230971E-01 -0.105291E-01  0.000000E+00  0.171910E+03  0.171910E+03  0.171913E+03 -0.390944E-02  0.153506E+03  0.129391E+02  0.103465E+01
  0.880836E+00  0.194271E+03  0.140518E+01  0.210560E-01 -0.832002E-02  0.000000E+00  0.162841E+03  0.162841E+03  0.162844E+03 -0.370318E-02  0.145382E+03  0.122647E+02  0.947696E+00
  0.910692E+00  0.184000E+03  0.133070E+01  0.182974E-01 -0.974983E-02  0.000000E+00  0.154232E+03  0.154232E+03  0.154234E+03 -0.350737E-02  0.137672E+03  0.116162E+02  0.868003E+00
  0.941560E+00  0.174251E+03  0.125945E+01  0.163785E-01 -0.125854E-01  0.000000E+00  0.146060E+03  0.146060E+03  0.146061E+03 -0.332152E-02  0.130356E+03  0.110049E+02  0.794891E+00
  0.973475E+00  0.164999E+03  0.119190E+01  0.144969E-01 -0.124465E-01  0.000000E+00  0.138305E+03  0.138305E+03  0.138306E+03 -0.314513E-02  0.123414E+03  0.104224E+02  0.727866E+00
  0.100647E+01  0.156219E+03  0.112691E+01  0.127697E-01 -0.422383E-02  0.000000E+00  0.130945E+03  0.130945E+03  0.130947E+03 -0.297775E-02  0.116828E+03  0.986965E+01  0.666414E+00
  0.104058E+01  0.147889E+03  0.106567E+01  0.113915E-01  0.106964E-01  0.000000E+00  0.123962E+03  0.123962E+03  0.123966E+03 -0.281894E-02  0.110581E+03  0.934546E+01  0.610077E+00
  0.107586E+01  0.139987E+03  0.100798E+01  0.100453E-01  0.165129E-01  0.000000E+00  0.117338E+03  0.117338E+03  0.117342E+03 -0.266831E-02  0.104656E+03  0.884748E+01  0.558445E+00
  0.111232E+01  0.132492E+03  0.953589E+00  0.890040E-02  0.954243E-03  0.000000E+00  0.111056E+03  0.111056E+03  0.111058E+03 -0.252544E-02  0.990383E+02  0.837525E+01  0.511129E+00
  0.115002E+01  0.125386E+03  0.902320E+00  0.788995E-02 -0.726764E-02  0.000000E+00  0.105100E+03  0.105100E+03  0.105100E+03 -0.238997E-02  0.937126E+02  0.792732E+01  0.467774E+00
  0.118900E+01  0.118648E+03  0.853485E+00  0.697982E-02  0.102062E-01  0.000000E+00  0.994517E+02  0.994517E+02  0.994542E+02 -0.226152E-02  0.886640E+02  0.750239E+01  0.428053E+00
  0.122931E+01  0.112259E+03  0.807175E+00  0.617878E-02  0.524627E-03  0.000000E+00  0.940968E+02  0.940968E+02  0.940980E+02 -0.213975E-02  0.838784E+02  0.709941E+01  0.391664E+00
  0.127097E+01  0.106203E+03  0.763389E+00  0.547045E-02 -0.681195E-03  0.000000E+00  0.890206E+02  0.890206E+02  0.890216E+02 -0.202431E-02  0.793428E+02  0.671731E+01  0.358330E+00
  0.131405E+01  0.100464E+03  0.722130E+00  0.484154E-02  0.485173E-02  0.000000E+00  0.842095E+02  0.842095E+02  0.842110E+02 -0.191490E-02  0.750448E+02  0.635503E+01  0.327800E+00
  0.135859E+01  0.950246E+02  0.682949E+00  0.428444E-02 -0.859292E-03  0.000000E+00  0.796504E+02  0.796504E+02  0.796511E+02 -0.181122E-02  0.709727E+02  0.601165E+01  0.299843E+00
  0.140464E+01  0.898711E+02  0.645516E+00  0.379116E-02  0.381110E-03  0.000000E+00  0.753306E+02  0.753306E+02  0.753314E+02 -0.171299E-02  0.671151E+02  0.568621E+01  0.274244E+00
  0.145225E+01  0.849886E+02  0.609861E+00  0.335437E-02  0.525909E-02  0.000000E+00  0.712380E+02  0.712380E+02  0.712392E+02 -0.161992E-02  0.634610E+02  0.537782E+01  0.250807E+00
  0.150148E+01  0.803633E+02  0.576382E+00  0.296774E-02 -0.338230E-02  0.000000E+00  0.673610E+02  0.673610E+02  0.673611E+02 -0.153175E-02  0.600001E+02  0.508562E+01  0.229350E+00
  0.155237E+01  0.759825E+02  0.545100E+00  0.262531E-02 -0.113190E-02  0.000000E+00  0.636890E+02  0.636890E+02  0.636893E+02 -0.144825E-02  0.567226E+02  0.480881E+01  0.209710E+00
  0.160499E+01  0.718338E+02  0.515516E+00  0.232215E-02  0.352524E-02  0.000000E+00  0.602116E+02  0.602116E+02  0.602125E+02 -0.136917E-02  0.536194E+02  0.454662E+01  0.191734E+00
  0.165939E+01  0.679053E+02  0.487225E+00  0.205383E-02  0.406987E-02  0.000000E+00  0.569187E+02  0.569187E+02  0.569195E+02 -0.129429E-02  0.506813E+02  0.429830E+01  0.175284E+00
  0.171563E+01  0.641855E+02  0.460303E+00  0.181636E-02  0.307647E-02  0.000000E+00  0.538007E+02  0.538007E+02  0.538014E+02 -0.122339E-02  0.478998E+02  0.406314E+01  0.160230E+00
  0.177379E+01  0.606640E+02  0.434929E+00  0.160619E-02  0.261973E-02  0.000000E+00  0.508489E+02  0.508489E+02  0.508495E+02 -0.115626E-02  0.452668E+02  0.384047E+01  0.146456E+00
  0.183391E+01  0.573307E+02  0.410925E+00  0.142021E-02  0.280430E-02  0.000000E+00  0.480549E+02  0.480549E+02  0.480555E+02 -0.109273E-02  0.427750E+02  0.362968E+01  0.133855E+00
  0.189607E+01  0.541758E+02  0.388125E+00  0.125565E-02  0.244838E-02  0.000000E+00  0.454104E+02  0.454104E+02  0.454110E+02 -0.103259E-02  0.404169E+02  0.343014E+01  0.122327E+00
  0.196034E+01  0.511901E+02  0.366683E+00  0.111008E-02  0.355495E-04  0.000000E+00  0.429077E+02  0.429077E+02  0.429079E+02 -0.975683E-03  0.381856E+02  0.324127E+01  0.111783E+00
  0.202678E+01  0.483647E+02  0.346562E+00  0.981300E-03 -0.169358E-02  0.000000E+00  0.405395E+02  0.405395E+02  0.405395E+02 -0.921832E-03  0.360745E+02  0.306254E+01  0.102140E+00
  0.209548E+01  0.456915E+02  0.327433E+00  0.867360E-03  0.148564E-02  0.000000E+00  0.382988E+02  0.382988E+02  0.382992E+02 -0.870879E-03  0.340772E+02  0.289341E+01  0.933204E-01
  0.216651E+01  0.431624E+02  0.309226E+00  0.766606E-03 -0.465144E-03  0.000000E+00  0.361789E+02  0.361789E+02  0.361790E+02 -0.822673E-03  0.321879E+02  0.273337E+01  0.852555E-01
  0.223994E+01  0.407699E+02  0.292024E+00  0.677487E-03  0.749164E-03  0.000000E+00  0.341735E+02  0.341735E+02  0.341737E+02 -0.777071E-03  0.304009E+02  0.258198E+01  0.778815E-01
  0.231586E+01  0.385070E+02  0.275721E+00  0.598691E-03 -0.103195E-02  0.000000E+00  0.322767E+02  0.322767E+02  0.322767E+02 -0.733939E-03  0.287109E+02  0.243876E+01  0.711397E-01
  0.239436E+01  0.363668E+02  0.260320E+00  0.529002E-03  0.102769E-02  0.000000E+00  0.304827E+02  0.304827E+02  0.304830E+02 -0.693145E-03  0.271127E+02  0.230330E+01  0.649766E-01
  0.247552E+01  0.343428E+02  0.245870E+00  0.467397E-03  0.814198E-03  0.000000E+00  0.287863E+02  0.287863E+02  0.287865E+02 -0.654569E-03  0.256015E+02  0.217519E+01  0.593429E-01
  0.255943E+01  0.324290E+02  0.232205E+00  0.412935E-03  0.783816E-05  0.000000E+00  0.271821E+02  0.271821E+02  0.271822E+02 -0.618092E-03  0.241728E+02  0.205405E+01  0.541936E-01
  0.264618E+01  0.306195E+02  0.219250E+00  0.364789E-03 -0.185641E-03  0.000000E+00  0.256654E+02  0.256654E+02  0.256654E+02 -0.583602E-03  0.228220E+02  0.193949E+01  0.494873E-01
  0.273587E+01  0.289088E+02  0.206973E+00  0.322231E-03  0.148622E-03  0.000000E+00  0.242314E+02  0.242314E+02  0.242315E+02 -0.550995E-03  0.215451E+02  0.183119E+01  0.451865E-01
  0.282860E+01  0.272916E+02  0.195323E+00  0.284615E-03  0.689910E-03  0.000000E+00  0.228759E+02  0.228759E+02  0.228760E+02 -0.520172E-03  0.203382E+02  0.172880E+01  0.412564E-01
  0.292448E+01  0.257630E+02  0.184355E+00  0.251374E-03  0.136236E-03  0.000000E+00  0.215947E+02  0.215947E+02  0.215947E+02 -0.491037E-03  0.191976E+02  0.163201E+01  0.376655E-01
  0.302360E+01  0.243183E+02  0.174026E+00  0.222000E-03 -0.437702E-03  0.000000E+00  0.203837E+02  0.203837E+02  0.203837E+02 -0.463502E-03  0.181196E+02  0.154053E+01  0.343848E-01
  0.312609E+01  0.229530E+02  0.164287E+00  0.196041E-03  0.408951E-03  0.000000E+00  0.192393E+02  0.192393E+02  0.192394E+02 -0.437479E-03  0.171010E+02  0.145408E+01  0.313876E-01
  0.323205E+01  0.216628E+02  0.155059E+00  0.173108E-03 -0.447589E-04  0.000000E+00  0.181579E+02  0.181579E+02  0.181579E+02 -0.412888E-03  0.161385E+02  0.137237E+01  0.286497E-01
  0.334160E+01  0.204437E+02  0.146302E+00  0.152846E-03 -0.423524E-03  0.000000E+00  0.171360E+02  0.171360E+02  0.171360E+02 -0.389652E-03  0.152292E+02  0.129517E+01  0.261488E-01
  0.345486E+01  0.192919E+02  0.138024E+00  0.134946E-03 -0.227769E-03  0.000000E+00  0.161705E+02  0.161705E+02  0.161705E+02 -0.367699E-03  0.143701E+02  0.122222E+01  0.238647E-01
  0.357197E+01  0.182038E+02  0.130233E+00  0.119134E-03 -0.212672E-03  0.000000E+00  0.152585E+02  0.152585E+02  0.152585E+02 -0.346959E-03  0.135586E+02  0.115330E+01  0.217787E-01
  0.369304E+01  0.171759E+02  0.122901E+00  0.105168E-03 -0.321087E-03  0.000000E+00  0.143969E+02  0.143969E+02  0.143969E+02 -0.327368E-03  0.127921E+02  0.108820E+01  0.198737E-01
  0.381821E+01  0.162050E+02  0.115967E+00  0.928326E-04  0.284722E-04  0.000000E+00  0.135831E+02  0.135831E+02  0.135831E+02 -0.308863E-03  0.120682E+02  0.102671E+01  0.181342E-01
  0.394763E+01  0.152880E+02  0.109391E+00  0.819387E-04  0.853485E-04  0.000000E+00  0.128144E+02  0.128144E+02  0.128145E+02 -0.291384E-03  0.113845E+02  0.968619E+00  0.165459E-01
  0.408144E+01  0.144219E+02  0.103170E+00  0.723187E-04  0.165309E-04  0.000000E+00  0.120885E+02  0.120885E+02  0.120885E+02 -0.274877E-03  0.107388E+02  0.913761E+00  0.150957E-01
  0.421978E+01  0.136041E+02  0.973140E-01  0.638243E-04 -0.219586E-03  0.000000E+00  0.114030E+02  0.114030E+02  0.114030E+02 -0.259290E-03  0.101292E+02  0.861955E+00  0.137718E-01
  0.436281E+01  0.128319E+02  0.918055E-01  0.563238E-04 -0.150408E-03  0.000000E+00  0.107557E+02  0.107557E+02  0.107557E+02 -0.244571E-03  0.955360E+01  0.813037E+00  0.125633E-01
  0.451069E+01  0.121027E+02  0.865972E-01  0.497017E-04 -0.168406E-03  0.000000E+00  0.101445E+02  0.101445E+02  0.101445E+02 -0.230673E-03  0.901015E+01  0.766846E+00  0.114601E-01
  0.466358E+01  0.114143E+02  0.816596E-01  0.438553E-04 -0.888975E-04  0.000000E+00  0.956748E+01  0.956748E+01  0.956747E+01 -0.217552E-03  0.849710E+01  0.723234E+00  0.104532E-01
  0.482165E+01  0.107644E+02  0.769956E-01  0.386942E-04  0.121863E-03  0.000000E+00  0.902273E+01  0.902273E+01  0.902275E+01 -0.205165E-03  0.801281E+01  0.682062E+00  0.953417E-02
  0.498508E+01  0.101509E+02  0.726111E-01  0.341387E-04 -0.813430E-04  0.000000E+00  0.850850E+01  0.850850E+01  0.850850E+01 -0.193472E-03  0.755568E+01  0.643196E+00  0.869546E-02
  0.515405E+01  0.957181E+01  0.684802E-01  0.301177E-04 -0.112019E-03  0.000000E+00  0.802312E+01  0.802312E+01  0.802311E+01 -0.182435E-03  0.712423E+01  0.606510E+00  0.793008E-02
  0.532875E+01  0.902523E+01  0.645687E-01  0.265687E-04 -0.920047E-04  0.000000E+00  0.756497E+01  0.756497E+01  0.756497E+01 -0.172018E-03  0.671702E+01  0.571882E+00  0.723165E-02
  0.550937E+01  0.850939E+01  0.608664E-01  0.234365E-04 -0.921750E-04  0.000000E+00  0.713259E+01  0.713259E+01  0.713259E+01 -0.162186E-03  0.633274E+01  0.539200E+00  0.659437E-02
  0.569611E+01  0.802259E+01  0.573825E-01  0.206723E-04  0.759354E-04  0.000000E+00  0.672456E+01  0.672456E+01  0.672457E+01 -0.152908E-03  0.597012E+01  0.508358E+00  0.601292E-02
  0.588918E+01  0.756322E+01  0.541057E-01  0.182333E-04 -0.795122E-04  0.000000E+00  0.633951E+01  0.633951E+01  0.633951E+01 -0.144152E-03  0.562796E+01  0.479253E+00  0.548245E-02
  0.608879E+01  0.712976E+01  0.510063E-01  0.160811E-04 -0.566648E-04  0.000000E+00  0.597618E+01  0.597618E+01  0.597618E+01 -0.135890E-03  0.530512E+01  0.451790E+00  0.499850E-02
  0.629517E+01  0.672078E+01  0.480725E-01  0.141821E-04 -0.636162E-04  0.000000E+00  0.563337E+01  0.563337E+01  0.563337E+01 -0.128095E-03  0.500054E+01  0.425877E+00  0.455703E-02
  0.650855E+01  0.633493E+01  0.453108E-01  0.125067E-04 -0.143682E-04  0.000000E+00  0.530995E+01  0.530995E+01  0.530995E+01 -0.120741E-03  0.471320E+01  0.401429E+00  0.415434E-02
  0.672916E+01  0.597091E+01  0.427140E-01  0.110287E-04 -0.102153E-04  0.000000E+00  0.500484E+01  0.500484E+01  0.500484E+01 -0.113803E-03  0.444214E+01  0.378365E+00  0.378704E-02
  0.695724E+01  0.562752E+01  0.402575E-01  0.972475E-05  0.387525E-04  0.000000E+00  0.471700E+01  0.471700E+01  0.471701E+01 -0.107258E-03  0.418645E+01  0.356607E+00  0.345203E-02
  0.719306E+01  0.530361E+01  0.379343E-01  0.857457E-05  0.261667E-04  0.000000E+00  0.444550E+01  0.444550E+01  0.444550E+01 -0.101085E-03  0.394528E+01  0.336083E+00  0.314650E-02
  0.743687E+01  0.499809E+01  0.357501E-01  0.756006E-05 -0.412135E-04  0.000000E+00  0.418941E+01  0.418941E+01  0.418941E+01 -0.952616E-04  0.371782E+01  0.316724E+00  0.286787E-02
  0.768894E+01  0.470993E+01  0.336936E-01  0.666520E-05  0.274450E-04  0.000000E+00  0.394788E+01  0.394788E+01  0.394788E+01 -0.897694E-04  0.350330E+01  0.298466E+00  0.261379E-02
  0.794956E+01  0.443817E+01  0.317471E-01  0.587598E-05  0.275423E-04  0.000000E+00  0.372008E+01  0.372008E+01  0.372009E+01 -0.845897E-04  0.330100E+01  0.281245E+00  0.238210E-02
  0.821901E+01  0.418188E+01  0.299108E-01  0.517996E-05  0.722298E-05  0.000000E+00  0.350526E+01  0.350526E+01  0.350527E+01 -0.797050E-04  0.311023E+01  0.265006E+00  0.217084E-02
  0.849759E+01  0.394021E+01  0.281855E-01  0.456617E-05 -0.943610E-05  0.000000E+00  0.330269E+01  0.330269E+01  0.330269E+01 -0.750988E-04  0.293035E+01  0.249692E+00  0.197823E-02
  0.878562E+01  0.371232E+01  0.265563E-01  0.402491E-05 -0.248565E-04  0.000000E+00  0.311168E+01  0.311168E+01  0.311168E+01 -0.707554E-04  0.276074E+01  0.235252E+00  0.180262E-02
  0.908341E+01  0.349745E+01  0.250160E-01  0.354762E-05 -0.482385E-05  0.000000E+00  0.293157E+01  0.293157E+01  0.293157E+01 -0.666600E-04  0.260083E+01  0.221636E+00  0.164252E-02
  0.939129E+01  0.329487E+01  0.235683E-01  0.312680E-05 -0.348039E-05  0.000000E+00  0.276177E+01  0.276177E+01  0.276177E+01 -0.627988E-04  0.245007E+01  0.208799E+00  0.149658E-02
  0.970961E+01  0.310387E+01  0.222040E-01  0.275576E-05  0.881200E-05  0.000000E+00  0.260167E+01  0.260167E+01  0.260168E+01 -0.591586E-04  0.230794E+01  0.196696E+00  0.136354E-02
  0.100387E+02  0.292382E+01  0.209135E-01  0.242864E-05 -0.140128E-04  0.000000E+00  0.245075E+01  0.245075E+01  0.245075E+01 -0.557268E-04  0.217396E+01  0.185286E+00  0.124227E-02
  0.103790E+02  0.275408E+01  0.196998E-01  0.214025E-05  0.120267E-04  0.000000E+00  0.230848E+01  0.230848E+01  0.230848E+01 -0.524917E-04  0.204767E+01  0.174531E+00  0.113174E-02
  0.107308E+02  0.259409E+01  0.185572E-01  0.188602E-05  0.104829E-04  0.000000E+00  0.217437E+01  0.217437E+01  0.217437E+01 -0.494423E-04  0.192863E+01  0.164392E+00  0.103100E-02
  0.110945E+02  0.244328E+01  0.174766E-01  0.166192E-05 -0.131112E-04  0.000000E+00  0.204797E+01  0.204797E+01  0.204796E+01 -0.465680E-04  0.181644E+01  0.154836E+00  0.939181E-03
  0.114706E+02  0.230114E+01  0.164602E-01  0.146438E-05 -0.644254E-05  0.000000E+00  0.192882E+01  0.192882E+01  0.192882E+01 -0.438589E-04  0.171069E+01  0.145829E+00  0.855507E-03
  0.118593E+02  0.216718E+01  0.155033E-01  0.129027E-05 -0.850485E-05  0.000000E+00  0.181654E+01  0.181654E+01  0.181654E+01 -0.413056E-04  0.161104E+01  0.137339E+00  0.779253E-03
  0.122613E+02  0.204093E+01  0.145987E-01  0.113681E-05 -0.660577E-05  0.000000E+00  0.171071E+01  0.171071E+01  0.171071E+01 -0.388993E-04  0.151712E+01  0.129339E+00  0.709767E-03
  0.126769E+02  0.192196E+01  0.137483E-01  0.100155E-05 -0.841188E-05  0.000000E+00  0.161099E+01  0.161099E+01  0.161099E+01 -0.366317E-04  0.142863E+01  0.121799E+00  0.646451E-03
  0.131066E+02  0.180984E+01  0.129469E-01  0.882355E-06 -0.101849E-05  0.000000E+00  0.151701E+01  0.151701E+01  0.151701E+01 -0.344948E-04  0.134524E+01  0.114695E+00  0.588758E-03
  0.135509E+02  0.170420E+01  0.121901E-01  0.777312E-06 -0.680189E-05  0.000000E+00  0.142846E+01  0.142846E+01  0.142846E+01 -0.324813E-04  0.126666E+01  0.108000E+00  0.536193E-03
  0.140102E+02  0.160465E+01  0.114791E-01  0.684745E-06  0.294056E-05  0.000000E+00  0.134503E+01  0.134503E+01  0.134503E+01 -0.305841E-04  0.119263E+01  0.101692E+00  0.488302E-03
  0.144850E+02  0.151087E+01  0.108078E-01  0.603178E-06 -0.423867E-05  0.000000E+00  0.126641E+01  0.126641E+01  0.126641E+01 -0.287965E-04  0.112288E+01  0.957484E-01  0.444670E-03
  0.149760E+02  0.142250E+01  0.101755E-01  0.531305E-06  0.209941E-05  0.000000E+00  0.119235E+01  0.119235E+01  0.119235E+01 -0.271123E-04  0.105717E+01  0.901488E-01  0.404922E-03
  0.154836E+02  0.133926E+01  0.958074E-02  0.467978E-06 -0.497421E-05  0.000000E+00  0.112257E+01  0.112257E+01  0.112257E+01 -0.255257E-04  0.995268E+00  0.848733E-01  0.368712E-03
  0.160084E+02  0.126083E+01  0.901902E-02  0.412183E-06 -0.417089E-05  0.000000E+00  0.105683E+01  0.105683E+01  0.105683E+01 -0.240310E-04  0.936953E+00  0.799034E-01  0.335728E-03
  0.165511E+02  0.118696E+01  0.849114E-02  0.363025E-06  0.282625E-05  0.000000E+00  0.994910E+00  0.994910E+00  0.994911E+00 -0.226229E-04  0.882022E+00  0.752217E-01  0.305683E-03
  0.171121E+02  0.111737E+01  0.799311E-02  0.319719E-06  0.122053E-05  0.000000E+00  0.936579E+00  0.936579E+00  0.936579E+00 -0.212965E-04  0.830280E+00  0.708116E-01  0.278316E-03
  0.176921E+02  0.105182E+01  0.752416E-02  0.281567E-06  0.230145E-05  0.000000E+00  0.881636E+00  0.881636E+00  0.881637E+00 -0.200472E-04  0.781545E+00  0.666576E-01  0.253390E-03
  0.182917E+02  0.990077E+00  0.708283E-02  0.247960E-06 -0.301303E-05  0.000000E+00  0.829885E+00  0.829885E+00  0.829885E+00 -0.188705E-04  0.735644E+00  0.627449E-01  0.230688E-03
  0.189117E+02  0.931927E+00  0.666647E-02  0.218355E-06 -0.158498E-05  0.000000E+00  0.781144E+00  0.781144E+00  0.781143E+00 -0.177621E-04  0.692413E+00  0.590598E-01  0.210013E-03
  0.195528E+02  0.877160E+00  0.627514E-02  0.192278E-06 -0.225482E-05  0.000000E+00  0.735238E+00  0.735238E+00  0.735238E+00 -0.167183E-04  0.651700E+00  0.555891E-01  0.191183E-03
  0.202155E+02  0.825583E+00  0.590580E-02  0.169309E-06 -0.120491E-06  0.000000E+00  0.692006E+00  0.692006E+00  0.692006E+00 -0.157353E-04  0.613359E+00  0.523204E-01  0.174036E-03
  0.209007E+02  0.777011E+00  0.555869E-02  0.149078E-06 -0.133817E-05  0.000000E+00  0.651293E+00  0.651293E+00  0.651292E+00 -0.148095E-04  0.577254E+00  0.492423E-01  0.158421E-03
  0.216091E+02  0.731270E+00  0.523122E-02  0.131260E-06  0.727471E-06  0.000000E+00  0.612953E+00  0.612953E+00  0.612953E+00 -0.139377E-04  0.543255E+00  0.463436E-01  0.144202E-03
  0.223416E+02  0.688200E+00  0.492335E-02  0.115568E-06  0.864533E-06  0.000000E+00  0.576851E+00  0.576851E+00  0.576851E+00 -0.131168E-04  0.511242E+00  0.436140E-01  0.131255E-03
  0.230989E+02  0.647643E+00  0.463305E-02  0.101748E-06  0.136254E-07  0.000000E+00  0.542856E+00  0.542856E+00  0.542856E+00 -0.123438E-04  0.481098E+00  0.410438E-01  0.119467E-03
  0.238818E+02  0.609456E+00  0.436004E-02  0.895778E-07 -0.133813E-05  0.000000E+00  0.510848E+00  0.510848E+00  0.510848E+00 -0.116160E-04  0.452717E+00  0.386237E-01  0.108733E-03
  0.246913E+02  0.573502E+00  0.410271E-02  0.788605E-07  0.395228E-07  0.000000E+00  0.480711E+00  0.480711E+00  0.480711E+00 -0.109307E-04  0.425996E+00  0.363451E-01  0.989608E-04
  0.255282E+02  0.539651E+00  0.386068E-02  0.694231E-07  0.200141E-06  0.000000E+00  0.452337E+00  0.452337E+00  0.452337E+00 -0.102855E-04  0.400839E+00  0.341998E-01  0.900637E-04
  0.263935E+02  0.507781E+00  0.363258E-02  0.611131E-07 -0.841374E-06  0.000000E+00  0.425623E+00  0.425623E+00  0.425623E+00 -0.967809E-05  0.377156E+00  0.321801E-01  0.819639E-04
  0.272881E+02  0.477778E+00  0.341808E-02  0.537960E-07  0.602772E-06  0.000000E+00  0.400475E+00  0.400475E+00  0.400475E+00 -0.910625E-05  0.354860E+00  0.302787E-01  0.745901E-04
  0.282130E+02  0.449533E+00  0.321590E-02  0.473535E-07 -0.745327E-06  0.000000E+00  0.376800E+00  0.376800E+00  0.376800E+00 -0.856791E-05  0.333872E+00  0.284887E-01  0.678776E-04
  0.291693E+02  0.422945E+00  0.302582E-02  0.416811E-07 -0.213338E-06  0.000000E+00  0.354513E+00  0.354513E+00  0.354513E+00 -0.806115E-05  0.314115E+00  0.268036E-01  0.617672E-04
  0.301580E+02  0.397916E+00  0.284667E-02  0.366871E-07  0.407100E-06  0.000000E+00  0.333535E+00  0.333535E+00  0.333535E+00 -0.758412E-05  0.295518E+00  0.252175E-01  0.562051E-04
  0.311802E+02  0.374357E+00  0.267822E-02  0.322904E-07  0.409518E-06  0.000000E+00  0.313787E+00  0.313787E+00  0.313788E+00 -0.713510E-05  0.278014E+00  0.237244E-01  0.511424E-04
  0.322370E+02  0.352183E+00  0.251954E-02  0.284197E-07  0.228344E-06  0.000000E+00  0.295201E+00  0.295201E+00  0.295201E+00 -0.671246E-05  0.261539E+00  0.223191E-01  0.465342E-04
  0.333297E+02  0.331311E+00  0.237024E-02  0.250123E-07 -0.508424E-06  0.000000E+00  0.277706E+00  0.277706E+00  0.277706E+00 -0.631466E-05  0.246032E+00  0.209964E-01  0.423400E-04
  0.344594E+02  0.311667E+00  0.222974E-02  0.220127E-07  0.243925E-06  0.000000E+00  0.261241E+00  0.261241E+00  0.261241E+00 -0.594025E-05  0.231438E+00  0.197514E-01  0.385227E-04
  0.356274E+02  0.293180E+00  0.209743E-02  0.193722E-07  0.271857E-06  0.000000E+00  0.245744E+00  0.245744E+00  0.245744E+00 -0.558788E-05  0.217704E+00  0.185798E-01  0.350485E-04
  0.368350E+02  0.275780E+00  0.197301E-02  0.170480E-07 -0.139735E-06  0.000000E+00  0.231160E+00  0.231160E+00  0.231160E+00 -0.525626E-05  0.204778E+00  0.174771E-01  0.318867E-04
  0.380836E+02  0.259406E+00  0.185584E-02  0.150021E-07  0.214364E-06  0.000000E+00  0.217435E+00  0.217435E+00  0.217435E+00 -0.494417E-05  0.192614E+00  0.164393E-01  0.290093E-04
  0.393744E+02  0.243997E+00  0.174559E-02  0.132014E-07  0.166966E-06  0.000000E+00  0.204519E+00  0.204519E+00  0.204519E+00 -0.465048E-05  0.181168E+00  0.154628E-01  0.263908E-04
  0.407090E+02  0.229496E+00  0.164189E-02  0.116165E-07 -0.123130E-06  0.000000E+00  0.192364E+00  0.192364E+00  0.192364E+00 -0.437411E-05  0.170397E+00  0.145438E-01  0.240079E-04
  0.420889E+02  0.215852E+00  0.154425E-02  0.102216E-07  0.904568E-07  0.000000E+00  0.180927E+00  0.180927E+00  0.180927E+00 -0.411404E-05  0.160262E+00  0.136790E-01  0.218397E-04
  0.435155E+02  0.203012E+00  0.145240E-02  0.899392E-08 -0.177291E-06  0.000000E+00  0.170166E+00  0.170166E+00  0.170166E+00 -0.386933E-05  0.150725E+00  0.128653E-01  0.198666E-04
  0.449904E+02  0.190932E+00  0.136599E-02  0.791346E-08  0.128978E-06  0.000000E+00  0.160039E+00  0.160039E+00  0.160039E+00 -0.363908E-05  0.141752E+00  0.120997E-01  0.180714E-04
  0.465154E+02  0.179565E+00  0.128465E-02  0.696261E-08  0.475388E-07  0.000000E+00  0.150512E+00  0.150512E+00  0.150512E+00 -0.342243E-05  0.133310E+00  0.113793E-01  0.164379E-04
  0.480920E+02  0.168870E+00  0.120814E-02  0.612584E-08  0.102109E-06  0.000000E+00  0.141547E+00  0.141547E+00  0.141547E+00 -0.321859E-05  0.125367E+00  0.107015E-01  0.149517E-04
  0.497221E+02  0.158808E+00  0.113617E-02  0.538949E-08 -0.144793E-07  0.000000E+00  0.133113E+00  0.133113E+00  0.133113E+00 -0.302681E-05  0.117894E+00  0.100638E-01  0.135995E-04
  0.514074E+02  0.149341E+00  0.106844E-02  0.474152E-08 -0.106301E-06  0.000000E+00  0.125178E+00  0.125178E+00  0.125178E+00 -0.284639E-05  0.110864E+00  0.946386E-02  0.123692E-04
  0.531499E+02  0.140436E+00  0.100471E-02  0.417133E-08  0.707779E-07  0.000000E+00  0.117714E+00  0.117714E+00  0.117714E+00 -0.267664E-05  0.104250E+00  0.889943E-02  0.112500E-04
  0.549514E+02  0.132057E+00  0.944774E-03  0.366962E-08 -0.115720E-06  0.000000E+00  0.110691E+00  0.110691E+00  0.110691E+00 -0.251696E-05  0.980280E-01  0.836844E-02  0.102317E-04
  0.568140E+02  0.124176E+00  0.888395E-03  0.322817E-08  0.218356E-07  0.000000E+00  0.104084E+00  0.104084E+00  0.104084E+00 -0.236674E-05  0.921752E-01  0.786892E-02  0.930540E-05
  0.587397E+02  0.116761E+00  0.835349E-03  0.283975E-08  0.593932E-07  0.000000E+00  0.978698E-01  0.978698E-01  0.978698E-01 -0.222543E-05  0.866696E-01  0.739903E-02  0.846274E-05
  0.607307E+02  0.109787E+00  0.785445E-03  0.249799E-08  0.512547E-07  0.000000E+00  0.920239E-01  0.920239E-01  0.920239E-01 -0.209250E-05  0.814908E-01  0.695702E-02  0.769619E-05
  0.627892E+02  0.103227E+00  0.738507E-03  0.219732E-08 -0.661097E-07  0.000000E+00  0.865249E-01  0.865249E-01  0.865249E-01 -0.196746E-05  0.766195E-01  0.654124E-02  0.699889E-05
  0.649174E+02  0.970560E-01  0.694361E-03  0.193278E-08  0.216522E-07  0.000000E+00  0.813526E-01  0.813526E-01  0.813526E-01 -0.184985E-05  0.720377E-01  0.615015E-02  0.636462E-05
  0.671178E+02  0.912518E-01  0.652839E-03  0.170005E-08 -0.436519E-07  0.000000E+00  0.764875E-01  0.764875E-01  0.764875E-01 -0.173922E-05  0.677282E-01  0.578230E-02  0.578769E-05
  0.693928E+02  0.857927E-01  0.613781E-03  0.149530E-08  0.244827E-07  0.000000E+00  0.719117E-01  0.719117E-01  0.719117E-01 -0.163517E-05  0.636749E-01  0.543631E-02  0.526293E-05
  0.717449E+02  0.806582E-01  0.577043E-03  0.131518E-08 -0.521340E-07  0.000000E+00  0.676079E-01  0.676079E-01  0.676079E-01 -0.153731E-05  0.598628E-01  0.511089E-02  0.478563E-05
  0.741767E+02  0.758291E-01  0.542490E-03  0.115673E-08 -0.357094E-07  0.000000E+00  0.635602E-01  0.635602E-01  0.635602E-01 -0.144527E-05  0.562776E-01  0.480484E-02  0.435152E-05
  0.766909E+02  0.712875E-01  0.509996E-03  0.101734E-08 -0.400356E-07  0.000000E+00  0.597534E-01  0.597534E-01  0.597534E-01 -0.135871E-05  0.529058E-01  0.451700E-02  0.395669E-05
  0.792903E+02  0.670163E-01  0.479436E-03  0.894729E-09 -0.340945E-07  0.000000E+00  0.561733E-01  0.561733E-01  0.561733E-01 -0.127730E-05  0.497349E-01  0.424630E-02  0.359760E-05
  0.819779E+02  0.629996E-01  0.450698E-03  0.786874E-09 -0.108957E-07  0.000000E+00  0.528064E-01  0.528064E-01  0.528064E-01 -0.120075E-05  0.467529E-01  0.399172E-02  0.327103E-05
  0.847565E+02  0.592222E-01  0.423672E-03  0.692005E-09 -0.579838E-08  0.000000E+00  0.496402E-01  0.496402E-01  0.496402E-01 -0.112875E-05  0.439488E-01  0.375232E-02  0.297403E-05
  0.876294E+02  0.556700E-01  0.398257E-03  0.608559E-09 -0.271463E-07  0.000000E+00  0.466628E-01  0.466628E-01  0.466628E-01 -0.106105E-05  0.413118E-01  0.352719E-02  0.270394E-05
  0.905996E+02  0.523298E-01  0.374358E-03  0.535162E-09  0.154093E-07  0.000000E+00  0.438630E-01  0.438630E-01  0.438630E-01 -0.997384E-06  0.388323E-01  0.331548E-02  0.245832E-05
  0.936705E+02  0.491888E-01  0.351884E-03  0.470607E-09  0.124600E-07  0.000000E+00  0.412302E-01  0.412302E-01  0.412302E-01 -0.937518E-06  0.365007E-01  0.311641E-02  0.223496E-05
  0.968454E+02  0.462353E-01  0.330752E-03  0.413829E-09 -0.203366E-07  0.000000E+00  0.387546E-01  0.387546E-01  0.387546E-01 -0.881226E-06  0.343084E-01  0.292922E-02  0.203186E-05
  0.100128E+03  0.434582E-01  0.310882E-03  0.363893E-09 -0.130248E-07  0.000000E+00  0.364268E-01  0.364268E-01  0.364268E-01 -0.828295E-06  0.322470E-01  0.275321E-02  0.184717E-05
  0.103522E+03  0.408470E-01  0.292198E-03  0.319975E-09 -0.116241E-07  0.000000E+00  0.342381E-01  0.342381E-01  0.342381E-01 -0.778527E-06  0.303088E-01  0.258771E-02  0.167923E-05
  0.107031E+03  0.383919E-01  0.274631E-03  0.281352E-09 -0.140008E-07  0.000000E+00  0.321802E-01  0.321802E-01  0.321802E-01 -0.731733E-06  0.284865E-01  0.243211E-02  0.152652E-05
  0.110659E+03  0.360835E-01  0.258114E-03  0.247384E-09 -0.126871E-07  0.000000E+00  0.302453E-01  0.302453E-01  0.302453E-01 -0.687737E-06  0.267732E-01  0.228580E-02  0.138768E-05
  0.114409E+03  0.339133E-01  0.242585E-03  0.217513E-09 -0.206277E-09  0.000000E+00  0.284262E-01  0.284262E-01  0.284262E-01 -0.646373E-06  0.251625E-01  0.214825E-02  0.126144E-05
  0.118287E+03  0.318728E-01  0.227986E-03  0.191244E-09 -0.698223E-08  0.000000E+00  0.267159E-01  0.267159E-01  0.267159E-01 -0.607483E-06  0.236481E-01  0.201893E-02  0.114665E-05
  0.122297E+03  0.299546E-01  0.214260E-03  0.168144E-09 -0.802635E-08  0.000000E+00  0.251080E-01  0.251080E-01  0.251080E-01 -0.570921E-06  0.222244E-01  0.189735E-02  0.104229E-05
  0.126442E+03  0.281511E-01  0.201356E-03  0.147831E-09  0.523185E-08  0.000000E+00  0.235964E-01  0.235964E-01  0.235964E-01 -0.536549E-06  0.208860E-01  0.178304E-02  0.947414E-06
  0.130728E+03  0.264558E-01  0.189225E-03  0.129969E-09 -0.829719E-08  0.000000E+00  0.221753E-01  0.221753E-01  0.221753E-01 -0.504236E-06  0.196278E-01  0.167559E-02  0.861154E-06
  0.135159E+03  0.248620E-01  0.177821E-03  0.114262E-09  0.470413E-08  0.000000E+00  0.208394E-01  0.208394E-01  0.208394E-01 -0.473859E-06  0.184450E-01  0.157457E-02  0.782731E-06
  0.139740E+03  0.233637E-01  0.167100E-03  0.100452E-09 -0.619133E-08  0.000000E+00  0.195835E-01  0.195835E-01  0.195835E-01 -0.445303E-06  0.173331E-01  0.147961E-02  0.711436E-06
  0.144476E+03  0.219553E-01  0.157022E-03  0.883087E-10 -0.633731E-08  0.000000E+00  0.184030E-01  0.184030E-01  0.184030E-01 -0.418459E-06  0.162880E-01  0.139035E-02  0.646623E-06
  0.149373E+03  0.206314E-01  0.147549E-03  0.776317E-10  0.190048E-08  0.000000E+00  0.172933E-01  0.172933E-01  0.172933E-01 -0.393226E-06  0.153055E-01  0.130643E-02  0.587702E-06
  0.154437E+03  0.193870E-01  0.138644E-03  0.682441E-10  0.261460E-08  0.000000E+00  0.162502E-01  0.162502E-01  0.162502E-01 -0.369507E-06  0.143821E-01  0.122756E-02  0.534140E-06
  0.159671E+03  0.182172E-01  0.130274E-03  0.599904E-10  0.110518E-08  0.000000E+00  0.152697E-01  0.152697E-01  0.152697E-01 -0.347212E-06  0.135141E-01  0.115341E-02  0.485451E-06
  0.165083E+03  0.171177E-01  0.122406E-03  0.527338E-10  0.733903E-09  0.000000E+00  0.143481E-01  0.143481E-01  0.143481E-01 -0.326256E-06  0.126982E-01  0.108372E-02  0.441192E-06
  0.170679E+03  0.160843E-01  0.115011E-03  0.463540E-10  0.188583E-08  0.000000E+00  0.134819E-01  0.134819E-01  0.134819E-01 -0.306559E-06  0.119314E-01  0.101822E-02  0.400960E-06
  0.176464E+03  0.151129E-01  0.108060E-03  0.407451E-10  0.509776E-09  0.000000E+00  0.126677E-01  0.126677E-01  0.126677E-01 -0.288046E-06  0.112106E-01  0.956653E-03  0.364390E-06
  0.182445E+03  0.141999E-01  0.101527E-03  0.358141E-10 -0.838218E-09  0.000000E+00  0.119024E-01  0.119024E-01  0.119024E-01 -0.270645E-06  0.105332E-01  0.898786E-03  0.331150E-06
  0.188629E+03  0.133419E-01  0.953870E-04  0.314792E-10 -0.208475E-08  0.000000E+00  0.111832E-01  0.111832E-01  0.111832E-01 -0.254291E-06  0.989656E-02  0.844398E-03  0.300936E-06
  0.195023E+03  0.125355E-01  0.896161E-04  0.276683E-10  0.476195E-09  0.000000E+00  0.105072E-01  0.105072E-01  0.105072E-01 -0.238920E-06  0.929821E-02  0.793282E-03  0.273474E-06
  0.201633E+03  0.117775E-01  0.841925E-04  0.243183E-10  0.938300E-09  0.000000E+00  0.987196E-02  0.987196E-02  0.987196E-02 -0.224475E-06  0.873589E-02  0.745242E-03  0.248514E-06
  0.208467E+03  0.110653E-01  0.790953E-04  0.213734E-10 -0.819302E-09  0.000000E+00  0.927492E-02  0.927492E-02  0.927492E-02 -0.210899E-06  0.820742E-02  0.700093E-03  0.225828E-06
  0.215533E+03  0.103959E-01  0.743050E-04  0.187847E-10 -0.208873E-09  0.000000E+00  0.871383E-02  0.871383E-02  0.871383E-02 -0.198141E-06  0.771078E-02  0.657662E-03  0.205209E-06
  0.222839E+03  0.976678E-02  0.698031E-04  0.165092E-10  0.895689E-09  0.000000E+00  0.818653E-02  0.818653E-02  0.818653E-02 -0.186151E-06  0.724407E-02  0.617787E-03  0.186470E-06
  0.230392E+03  0.917560E-02  0.655726E-04  0.145090E-10  0.644519E-09  0.000000E+00  0.769101E-02  0.769101E-02  0.769101E-02 -0.174883E-06  0.680548E-02  0.580314E-03  0.169439E-06
  0.238201E+03  0.862006E-02  0.615969E-04  0.127509E-10  0.799002E-09  0.000000E+00  0.722535E-02  0.722535E-02  0.722535E-02 -0.164295E-06  0.639333E-02  0.545099E-03  0.153961E-06
  0.246275E+03  0.809801E-02  0.578609E-04  0.112055E-10  0.730765E-09  0.000000E+00  0.678776E-02  0.678776E-02  0.678776E-02 -0.154344E-06  0.600605E-02  0.512007E-03  0.139895E-06
  0.254623E+03  0.760744E-02  0.543502E-04  0.984723E-11 -0.586645E-09  0.000000E+00  0.637657E-02  0.637657E-02  0.637657E-02 -0.144994E-06  0.564212E-02  0.480910E-03  0.127112E-06
  0.263253E+03  0.714647E-02  0.510512E-04  0.865339E-11 -0.494352E-09  0.000000E+00  0.599018E-02  0.599018E-02  0.599018E-02 -0.136209E-06  0.530015E-02  0.451689E-03  0.115495E-06
  0.272176E+03  0.671332E-02  0.479513E-04  0.760411E-11 -0.409317E-09  0.000000E+00  0.562711E-02  0.562711E-02  0.562711E-02 -0.127953E-06  0.497883E-02  0.424231E-03  0.104937E-06
  0.281402E+03  0.630631E-02  0.450385E-04  0.668190E-11 -0.631109E-09  0.000000E+00  0.528596E-02  0.528596E-02  0.528596E-02 -0.120195E-06  0.467691E-02  0.398430E-03  0.953440E-07
  0.290940E+03  0.592388E-02  0.423015E-04  0.587140E-11 -0.520149E-09  0.000000E+00  0.496540E-02  0.496540E-02  0.496540E-02 -0.112906E-06  0.439322E-02  0.374187E-03  0.866262E-07
  0.300801E+03  0.556455E-02  0.397298E-04  0.515908E-11 -0.266061E-09  0.000000E+00  0.466421E-02  0.466421E-02  0.466421E-02 -0.106058E-06  0.412667E-02  0.351408E-03  0.787043E-07
  0.310997E+03  0.522692E-02  0.373134E-04  0.453307E-11 -0.666763E-12  0.000000E+00  0.438121E-02  0.438121E-02  0.438121E-02 -0.996227E-07  0.387623E-02  0.330005E-03  0.715059E-07
  0.321538E+03  0.490971E-02  0.350431E-04  0.398292E-11 -0.545458E-09  0.000000E+00  0.411532E-02  0.411532E-02  0.411532E-02 -0.935767E-07  0.364094E-02  0.309895E-03  0.649648E-07
  0.332437E+03  0.461166E-02  0.329100E-04  0.349945E-11  0.271653E-09  0.000000E+00  0.386550E-02  0.386550E-02  0.386550E-02 -0.878961E-07  0.341986E-02  0.291000E-03  0.590212E-07
  0.343705E+03  0.433164E-02  0.309058E-04  0.307459E-11  0.592841E-10  0.000000E+00  0.363078E-02  0.363078E-02  0.363078E-02 -0.825590E-07  0.321216E-02  0.273247E-03  0.536207E-07
  0.355355E+03  0.406856E-02  0.290228E-04  0.270124E-11 -0.308481E-09  0.000000E+00  0.341027E-02  0.341027E-02  0.341027E-02 -0.775448E-07  0.301703E-02  0.256568E-03  0.487136E-07
  0.367399E+03  0.382140E-02  0.272538E-04  0.237316E-11  0.170985E-09  0.000000E+00  0.320309E-02  0.320309E-02  0.320309E-02 -0.728339E-07  0.283370E-02  0.240898E-03  0.442550E-07
  0.379853E+03  0.358919E-02  0.255917E-04  0.208487E-11 -0.110385E-09  0.000000E+00  0.300846E-02  0.300846E-02  0.300846E-02 -0.684082E-07  0.266148E-02  0.226176E-03  0.402039E-07
  0.392728E+03  0.337104E-02  0.240303E-04  0.183154E-11  0.117405E-10  0.000000E+00  0.282560E-02  0.282560E-02  0.282560E-02 -0.642504E-07  0.249968E-02  0.212345E-03  0.365232E-07
  0.406039E+03  0.316610E-02  0.225634E-04  0.160896E-11  0.639378E-11  0.000000E+00  0.265382E-02  0.265382E-02  0.265382E-02 -0.603443E-07  0.234768E-02  0.199351E-03  0.331790E-07
  0.419802E+03  0.297358E-02  0.211853E-04  0.141338E-11 -0.218746E-10  0.000000E+00  0.249245E-02  0.249245E-02  0.249245E-02 -0.566748E-07  0.220489E-02  0.187144E-03  0.301407E-07
  0.434031E+03  0.279271E-02  0.198907E-04  0.124153E-11 -0.185943E-09  0.000000E+00  0.234085E-02  0.234085E-02  0.234085E-02 -0.532277E-07  0.207075E-02  0.175676E-03  0.273802E-07
  0.448743E+03  0.262281E-02  0.186745E-04  0.109055E-11 -0.177099E-09  0.000000E+00  0.219843E-02  0.219843E-02  0.219843E-02 -0.499894E-07  0.194475E-02  0.164903E-03  0.248723E-07
  0.463953E+03  0.246321E-02  0.175320E-04  0.957895E-12 -0.104198E-09  0.000000E+00  0.206466E-02  0.206466E-02  0.206466E-02 -0.469475E-07  0.182638E-02  0.154783E-03  0.225938E-07
  0.479679E+03  0.231329E-02  0.164588E-04  0.841348E-12  0.328990E-10  0.000000E+00  0.193899E-02  0.193899E-02  0.193899E-02 -0.440900E-07  0.171520E-02  0.145276E-03  0.205238E-07
  0.495937E+03  0.217245E-02  0.154506E-04  0.738956E-12 -0.119059E-09  0.000000E+00  0.182094E-02  0.182094E-02  0.182094E-02 -0.414058E-07  0.161075E-02  0.136346E-03  0.186433E-07
  0.512747E+03  0.204017E-02  0.145036E-04  0.649002E-12  0.169279E-10  0.000000E+00  0.171006E-02  0.171006E-02  0.171006E-02 -0.388844E-07  0.151265E-02  0.127956E-03  0.169348E-07
  0.530127E+03  0.191591E-02  0.136140E-04  0.569976E-12 -0.998054E-11  0.000000E+00  0.160590E-02  0.160590E-02  0.160590E-02 -0.365160E-07  0.142050E-02  0.120076E-03  0.153828E-07
  0.548096E+03  0.179919E-02  0.127784E-04  0.500554E-12 -0.840128E-10  0.000000E+00  0.150807E-02  0.150807E-02  0.150807E-02 -0.342914E-07  0.133394E-02  0.112674E-03  0.139729E-07
  0.566673E+03  0.168956E-02  0.119935E-04  0.439569E-12 -0.765945E-10  0.000000E+00  0.141618E-02  0.141618E-02  0.141618E-02 -0.322019E-07  0.125265E-02  0.105721E-03  0.126921E-07
  0.585881E+03  0.158658E-02  0.112562E-04  0.385998E-12  0.338924E-10  0.000000E+00  0.132986E-02  0.132986E-02  0.132986E-02 -0.302392E-07  0.117628E-02  0.991899E-04  0.115286E-07
  0.605739E+03  0.148986E-02  0.105637E-04  0.338941E-12 -0.236994E-10  0.000000E+00  0.124879E-02  0.124879E-02  0.124879E-02 -0.283958E-07  0.110456E-02  0.930553E-04  0.104716E-07
  0.626271E+03  0.139902E-02  0.991331E-05  0.297607E-12 -0.601263E-10  0.000000E+00  0.117265E-02  0.117265E-02  0.117265E-02 -0.266644E-07  0.103720E-02  0.872932E-04  0.951151E-08
  0.647498E+03  0.131370E-02  0.930239E-05  0.261302E-12  0.154761E-10  0.000000E+00  0.110113E-02  0.110113E-02  0.110113E-02 -0.250382E-07  0.973932E-03  0.818811E-04  0.863936E-08
  0.669445E+03  0.123356E-02  0.872858E-05  0.229414E-12 -0.223339E-10  0.000000E+00  0.103396E-02  0.103396E-02  0.103396E-02 -0.235108E-07  0.914510E-03  0.767978E-04  0.784712E-08
  0.692136E+03  0.115830E-02  0.818965E-05  0.201406E-12  0.130387E-10  0.000000E+00  0.970872E-03  0.970872E-03  0.970872E-03 -0.220763E-07  0.858702E-03  0.720233E-04  0.712749E-08
  0.715596E+03  0.108761E-02  0.768347E-05  0.176809E-12 -0.190360E-11  0.000000E+00  0.911622E-03  0.911622E-03  0.911622E-03 -0.207290E-07  0.806289E-03  0.675390E-04  0.647381E-08
  0.739852E+03  0.102122E-02  0.720806E-05  0.155206E-12  0.829715E-11  0.000000E+00  0.855976E-03  0.855976E-03  0.855976E-03 -0.194637E-07  0.757064E-03  0.633273E-04  0.588005E-08
  0.764929E+03  0.958876E-03  0.676157E-05  0.136235E-12  0.932059E-11  0.000000E+00  0.803716E-03  0.803716E-03  0.803716E-03 -0.182754E-07  0.710835E-03  0.593717E-04  0.534072E-08
  0.790856E+03  0.900323E-03  0.634223E-05  0.119575E-12 -0.165114E-10  0.000000E+00  0.754637E-03  0.754637E-03  0.754637E-03 -0.171594E-07  0.667421E-03  0.556566E-04  0.485084E-08
  0.817663E+03  0.845334E-03  0.594841E-05  0.104945E-12 -0.188526E-10  0.000000E+00  0.708545E-03  0.708545E-03  0.708545E-03 -0.161114E-07  0.626649E-03  0.521676E-04  0.440588E-08
  0.845377E+03  0.793693E-03  0.557855E-05  0.920992E-13  0.703532E-11  0.000000E+00  0.665260E-03  0.665260E-03  0.665260E-03 -0.151271E-07  0.588361E-03  0.488908E-04  0.400173E-08
  0.874031E+03  0.745197E-03  0.523120E-05  0.808196E-13 -0.172614E-10  0.000000E+00  0.624610E-03  0.624610E-03  0.624610E-03 -0.142028E-07  0.552404E-03  0.458135E-04  0.363464E-08
  0.903657E+03  0.699656E-03  0.490500E-05  0.709159E-13  0.223257E-11  0.000000E+00  0.586437E-03  0.586437E-03  0.586437E-03 -0.133348E-07  0.518639E-03  0.429235E-04  0.330122E-08
  0.934286E+03  0.656889E-03  0.459866E-05  0.622207E-13  0.148222E-11  0.000000E+00  0.550589E-03  0.550589E-03  0.550589E-03 -0.125197E-07  0.486931E-03  0.402094E-04  0.299839E-08
  0.965954E+03  0.616728E-03  0.431098E-05  0.545869E-13 -0.985086E-11  0.000000E+00  0.516927E-03  0.516927E-03  0.516927E-03 -0.117542E-07  0.457156E-03  0.376607E-04  0.272333E-08
  0.998695E+03  0.579015E-03  0.404082E-05  0.478854E-13 -0.541429E-12  0.000000E+00  0.485316E-03  0.485316E-03  0.485316E-03 -0.110354E-07  0.429196E-03  0.352673E-04  0.247352E-08
  0.103255E+04  0.543601E-03  0.378713E-05  0.420026E-13  0.238329E-11  0.000000E+00  0.455632E-03  0.455632E-03  0.455632E-03 -0.103604E-07  0.402941E-03  0.330198E-04  0.224662E-08
  0.106754E+04  0.510347E-03  0.354890E-05  0.368387E-13 -0.666241E-11  0.000000E+00  0.427758E-03  0.427758E-03  0.427758E-03 -0.972663E-08  0.378287E-03  0.309092E-04  0.204055E-08
  0.110373E+04  0.479122E-03  0.332519E-05  0.323062E-13 -0.445465E-11  0.000000E+00  0.401585E-03  0.401585E-03  0.401585E-03 -0.913148E-08  0.355137E-03  0.289274E-04  0.185339E-08
  0.114114E+04  0.449801E-03  0.311513E-05  0.283282E-13 -0.935011E-12  0.000000E+00  0.377008E-03  0.377008E-03  0.377008E-03 -0.857264E-08  0.333400E-03  0.270665E-04  0.168340E-08
  0.117982E+04  0.422269E-03  0.291788E-05  0.248370E-13 -0.559296E-11  0.000000E+00  0.353931E-03  0.353931E-03  0.353931E-03 -0.804790E-08  0.312990E-03  0.253192E-04  0.152901E-08
  0.121981E+04  0.396418E-03  0.273267E-05  0.217734E-13 -0.543783E-11  0.000000E+00  0.332262E-03  0.332262E-03  0.332262E-03 -0.755518E-08  0.293825E-03  0.236786E-04  0.138880E-08
  0.126115E+04  0.372145E-03  0.255877E-05  0.190850E-13  0.316137E-12  0.000000E+00  0.311916E-03  0.311916E-03  0.311916E-03 -0.709255E-08  0.275831E-03  0.221382E-04  0.126145E-08
  0.130390E+04  0.349354E-03  0.239548E-05  0.167262E-13 -0.135968E-11  0.000000E+00  0.292812E-03  0.292812E-03  0.292812E-03 -0.665816E-08  0.258936E-03  0.206920E-04  0.114580E-08
  0.134810E+04  0.327955E-03  0.224217E-05  0.146568E-13  0.387139E-12  0.000000E+00  0.274876E-03  0.274876E-03  0.274876E-03 -0.625029E-08  0.243072E-03  0.193342E-04  0.104076E-08
  0.139379E+04  0.307862E-03  0.209822E-05  0.128414E-13 -0.532423E-12  0.000000E+00  0.258034E-03  0.258034E-03  0.258034E-03 -0.586735E-08  0.228178E-03  0.180596E-04  0.945359E-09
  0.144103E+04  0.288998E-03  0.196308E-05  0.112489E-13 -0.956084E-12  0.000000E+00  0.242222E-03  0.242222E-03  0.242222E-03 -0.550779E-08  0.214194E-03  0.168630E-04  0.858719E-09
  0.148988E+04  0.271286E-03  0.183621E-05  0.985216E-14  0.671271E-12  0.000000E+00  0.227376E-03  0.227376E-03  0.227376E-03 -0.517021E-08  0.201064E-03  0.157397E-04  0.780032E-09
  0.154038E+04  0.254657E-03  0.171709E-05  0.862724E-14 -0.247130E-11  0.000000E+00  0.213437E-03  0.213437E-03  0.213437E-03 -0.485326E-08  0.188737E-03  0.146854E-04  0.708569E-09
  0.159259E+04  0.239044E-03  0.160528E-05  0.755311E-14 -0.150441E-11  0.000000E+00  0.200350E-03  0.200350E-03  0.200350E-03 -0.455569E-08  0.177164E-03  0.136959E-04  0.643665E-09
  0.164657E+04  0.224386E-03  0.150031E-05  0.661132E-14 -0.128303E-11  0.000000E+00  0.188064E-03  0.188064E-03  0.188064E-03 -0.427631E-08  0.166299E-03  0.127672E-04  0.584720E-09
  0.170238E+04  0.210624E-03  0.140178E-05  0.578568E-14 -0.150979E-11  0.000000E+00  0.176529E-03  0.176529E-03  0.176529E-03 -0.401402E-08  0.156098E-03  0.118957E-04  0.531185E-09
  0.176008E+04  0.197704E-03  0.130930E-05  0.506196E-14 -0.111976E-11  0.000000E+00  0.165699E-03  0.165699E-03  0.165699E-03 -0.376777E-08  0.146521E-03  0.110779E-04  0.482563E-09
  0.181974E+04  0.185575E-03  0.122250E-05  0.442767E-14 -0.364535E-12  0.000000E+00  0.155532E-03  0.155532E-03  0.155532E-03 -0.353659E-08  0.137530E-03  0.103107E-04  0.438404E-09
  0.188142E+04  0.174188E-03  0.114103E-05  0.387185E-14 -0.157615E-11  0.000000E+00  0.145987E-03  0.145987E-03  0.145987E-03 -0.331956E-08  0.129090E-03  0.959094E-05  0.398298E-09
  0.194519E+04  0.163497E-03  0.106459E-05  0.338486E-14 -0.163185E-11  0.000000E+00  0.137027E-03  0.137027E-03  0.137027E-03 -0.311580E-08  0.121166E-03  0.891582E-05  0.361872E-09
  0.201113E+04  0.153461E-03  0.992849E-06  0.295827E-14 -0.150740E-11  0.000000E+00  0.128615E-03  0.128615E-03  0.128615E-03 -0.292452E-08  0.113727E-03  0.828268E-05  0.328788E-09
  0.207929E+04  0.144040E-03  0.925540E-06  0.258465E-14  0.193989E-12  0.000000E+00  0.120718E-03  0.120718E-03  0.120718E-03 -0.274495E-08  0.106744E-03  0.768901E-05  0.298739E-09
  0.214977E+04  0.135195E-03  0.862392E-06  0.225748E-14 -0.323363E-12  0.000000E+00  0.113304E-03  0.113304E-03  0.113304E-03 -0.257638E-08  0.100188E-03  0.713245E-05  0.271446E-09
  0.222264E+04  0.126892E-03  0.803154E-06  0.197106E-14 -0.467653E-12  0.000000E+00  0.106345E-03  0.106345E-03  0.106345E-03 -0.241813E-08  0.940345E-04  0.661082E-05  0.246656E-09
  0.229797E+04  0.119098E-03  0.747593E-06  0.172036E-14 -0.401390E-12  0.000000E+00  0.998115E-04  0.998115E-04  0.998115E-04 -0.226958E-08  0.882576E-04  0.612203E-05  0.224139E-09
  0.237586E+04  0.111782E-03  0.695488E-06  0.150098E-14 -0.103958E-11  0.000000E+00  0.936787E-04  0.936787E-04  0.936787E-04 -0.213013E-08  0.828348E-04  0.566416E-05  0.203686E-09
  0.245639E+04  0.104913E-03  0.646631E-06  0.130907E-14 -0.964284E-12  0.000000E+00  0.879218E-04  0.879218E-04  0.879218E-04 -0.199922E-08  0.777443E-04  0.523538E-05  0.185107E-09
  0.253965E+04  0.984661E-04  0.600829E-06  0.114122E-14  0.883560E-13  0.000000E+00  0.825177E-04  0.825177E-04  0.825177E-04 -0.187634E-08  0.729658E-04  0.483400E-05  0.168231E-09
  0.262574E+04  0.924140E-04  0.557900E-06  0.994463E-15 -0.623499E-12  0.000000E+00  0.774449E-04  0.774449E-04  0.774449E-04 -0.176099E-08  0.684804E-04  0.445841E-05  0.152900E-09
  0.271474E+04  0.867330E-04  0.517673E-06  0.866189E-15  0.398874E-13  0.000000E+00  0.726831E-04  0.726831E-04  0.726831E-04 -0.165272E-08  0.642700E-04  0.410711E-05  0.138973E-09
  0.280675E+04  0.814004E-04  0.479988E-06  0.754107E-15  0.141815E-12  0.000000E+00  0.682134E-04  0.682134E-04  0.682134E-04 -0.155108E-08  0.603178E-04  0.377871E-05  0.126321E-09
  0.290189E+04  0.763949E-04  0.444694E-06  0.656208E-15  0.145342E-12  0.000000E+00  0.640178E-04  0.640178E-04  0.640178E-04 -0.145568E-08  0.566081E-04  0.347187E-05  0.114826E-09
  0.300025E+04  0.716965E-04  0.411651E-06  0.570729E-15 -0.369501E-12  0.000000E+00  0.600797E-04  0.600797E-04  0.600797E-04 -0.136613E-08  0.531261E-04  0.318537E-05  0.104383E-09
  0.310194E+04  0.672863E-04  0.380727E-06  0.496125E-15  0.747151E-13  0.000000E+00  0.563832E-04  0.563832E-04  0.563832E-04 -0.128208E-08  0.498577E-04  0.291805E-05  0.948936E-10
  0.320708E+04  0.631468E-04  0.351797E-06  0.431038E-15 -0.537249E-12  0.000000E+00  0.529135E-04  0.529135E-04  0.529135E-04 -0.120318E-08  0.467898E-04  0.266881E-05  0.862714E-10
  0.331578E+04  0.592613E-04  0.324744E-06  0.374282E-15 -0.300935E-12  0.000000E+00  0.496568E-04  0.496568E-04  0.496568E-04 -0.112913E-08  0.439104E-04  0.243664E-05  0.784364E-10
  0.342817E+04  0.556144E-04  0.299461E-06  0.324814E-15 -0.100472E-13  0.000000E+00  0.466001E-04  0.466001E-04  0.466001E-04 -0.105962E-08  0.412077E-04  0.222058E-05  0.713163E-10
  0.354437E+04  0.521914E-04  0.275843E-06  0.281719E-15  0.132392E-12  0.000000E+00  0.437311E-04  0.437311E-04  0.437311E-04 -0.994384E-09  0.386710E-04  0.201971E-05  0.648456E-10
  0.366451E+04  0.489785E-04  0.253796E-06  0.244196E-15  0.142244E-12  0.000000E+00  0.410382E-04  0.410382E-04  0.410382E-04 -0.933153E-09  0.362901E-04  0.183320E-05  0.589645E-10
  0.378872E+04  0.459631E-04  0.233228E-06  0.211544E-15 -0.206001E-12  0.000000E+00  0.385108E-04  0.385108E-04  0.385108E-04 -0.875683E-09  0.340554E-04  0.166025E-05  0.536190E-10
  0.391714E+04  0.431328E-04  0.214055E-06  0.183147E-15 -0.329750E-12  0.000000E+00  0.361386E-04  0.361386E-04  0.361386E-04 -0.821743E-09  0.319580E-04  0.150009E-05  0.487599E-10
  0.404991E+04  0.404764E-04  0.196196E-06  0.158465E-15 -0.230873E-12  0.000000E+00  0.339122E-04  0.339122E-04  0.339122E-04 -0.771118E-09  0.299895E-04  0.135201E-05  0.443426E-10
  0.418718E+04  0.379833E-04  0.179577E-06  0.137028E-15  0.117623E-12  0.000000E+00  0.318227E-04  0.318227E-04  0.318227E-04 -0.723604E-09  0.281420E-04  0.121534E-05  0.403266E-10
  0.432911E+04  0.356434E-04  0.164126E-06  0.118420E-15  0.173051E-12  0.000000E+00  0.298616E-04  0.298616E-04  0.298616E-04 -0.679011E-09  0.264081E-04  0.108945E-05  0.366752E-10
  0.447584E+04  0.334473E-04  0.149777E-06  0.102280E-15 -0.196064E-13  0.000000E+00  0.280210E-04  0.280210E-04  0.280210E-04 -0.637160E-09  0.247807E-04  0.973711E-06  0.333550E-10
  0.462755E+04  0.313862E-04  0.136467E-06  0.882909E-16 -0.239424E-12  0.000000E+00  0.262937E-04  0.262937E-04  0.262937E-04 -0.597882E-09  0.232534E-04  0.867558E-06  0.303357E-10
  0.478440E+04  0.294519E-04  0.124137E-06  0.761749E-16 -0.169933E-12  0.000000E+00  0.246725E-04  0.246725E-04  0.246725E-04 -0.561020E-09  0.218201E-04  0.770434E-06  0.275898E-10
  0.494657E+04  0.276365E-04  0.112729E-06  0.656892E-16 -0.208085E-12  0.000000E+00  0.231511E-04  0.231511E-04  0.231511E-04 -0.526425E-09  0.204749E-04  0.681809E-06  0.250923E-10
  0.511423E+04  0.259328E-04  0.102190E-06  0.566216E-16  0.879799E-14  0.000000E+00  0.217233E-04  0.217233E-04  0.217233E-04 -0.493959E-09  0.192124E-04  0.601177E-06  0.228205E-10
  0.528758E+04  0.243338E-04  0.924703E-07  0.487865E-16 -0.132262E-13  0.000000E+00  0.203834E-04  0.203834E-04  0.203834E-04 -0.463491E-09  0.180277E-04  0.528045E-06  0.207540E-10
  0.546681E+04  0.228333E-04  0.835204E-07  0.420215E-16  0.823310E-13  0.000000E+00  0.191259E-04  0.191259E-04  0.191259E-04 -0.434897E-09  0.169158E-04  0.461943E-06  0.188740E-10
  0.565210E+04  0.214251E-04  0.752947E-07  0.361851E-16 -0.849764E-13  0.000000E+00  0.179459E-04  0.179459E-04  0.179459E-04 -0.408064E-09  0.158724E-04  0.402414E-06  0.171636E-10
  0.584368E+04  0.201035E-04  0.677490E-07  0.311535E-16  0.992369E-13  0.000000E+00  0.168385E-04  0.168385E-04  0.168385E-04 -0.382883E-09  0.148931E-04  0.349017E-06  0.156074E-10
  0.604175E+04  0.188634E-04  0.608412E-07  0.268189E-16  0.281763E-13  0.000000E+00  0.157992E-04  0.157992E-04  0.157992E-04 -0.359253E-09  0.139742E-04  0.301322E-06  0.141915E-10
  0.624654E+04  0.176995E-04  0.545309E-07  0.230873E-16  0.905851E-13  0.000000E+00  0.148240E-04  0.148240E-04  0.148240E-04 -0.337078E-09  0.131119E-04  0.258912E-06  0.129031E-10
  0.645827E+04  0.166073E-04  0.487795E-07  0.198767E-16  0.910536E-13  0.000000E+00  0.139089E-04  0.139089E-04  0.139089E-04 -0.316269E-09  0.123026E-04  0.221385E-06  0.117308E-10
  0.667717E+04  0.155824E-04  0.435497E-07  0.171159E-16 -0.859036E-13  0.000000E+00  0.130501E-04  0.130501E-04  0.130501E-04 -0.296742E-09  0.115432E-04  0.188349E-06  0.106640E-10
  0.690349E+04  0.146206E-04  0.388058E-07  0.147431E-16 -0.910727E-13  0.000000E+00  0.122443E-04  0.122443E-04  0.122443E-04 -0.278419E-09  0.108306E-04  0.159424E-06  0.969338E-11
  0.713749E+04  0.137180E-04  0.345133E-07  0.127043E-16 -0.438942E-13  0.000000E+00  0.114881E-04  0.114881E-04  0.114881E-04 -0.261224E-09  0.101619E-04  0.134244E-06  0.881019E-11
  0.737942E+04  0.128711E-04  0.306392E-07  0.109530E-16  0.558352E-13  0.000000E+00  0.107786E-04  0.107786E-04  0.107786E-04 -0.245090E-09  0.953441E-05  0.112456E-06  0.800663E-11
  0.762954E+04  0.120763E-04  0.271519E-07  0.944889E-17  0.305818E-13  0.000000E+00  0.101128E-04  0.101128E-04  0.101128E-04 -0.229950E-09  0.894558E-05  0.937239E-07  0.727556E-11
  0.788815E+04  0.113305E-04  0.240209E-07  0.815696E-17 -0.659890E-13  0.000000E+00  0.948799E-05  0.948799E-05  0.948799E-05 -0.215744E-09  0.839304E-05  0.777245E-07  0.661050E-11
  0.815552E+04  0.106307E-04  0.212172E-07  0.704713E-17 -0.578978E-13  0.000000E+00  0.890176E-05  0.890176E-05  0.890176E-05 -0.202414E-09  0.787456E-05  0.641531E-07  0.600556E-11
  0.843195E+04  0.997403E-05  0.187131E-07  0.609340E-17 -0.483517E-13  0.000000E+00  0.835168E-05  0.835168E-05  0.835168E-05 -0.189906E-09  0.738805E-05  0.527224E-07  0.545535E-11
  0.871775E+04  0.935784E-05  0.164821E-07  0.527346E-17  0.508523E-13  0.000000E+00  0.783554E-05  0.783554E-05  0.783554E-05 -0.178170E-09  0.693154E-05  0.431646E-07  0.495500E-11
  0.901324E+04  0.877964E-05  0.144995E-07  0.456807E-17 -0.581446E-13  0.000000E+00  0.735125E-05  0.735125E-05  0.735125E-05 -0.167157E-09  0.650319E-05  0.352316E-07  0.450005E-11
  0.931874E+04  0.823710E-05  0.127416E-07  0.396077E-17 -0.319386E-13  0.000000E+00  0.689683E-05  0.689683E-05  0.689683E-05 -0.156825E-09  0.610125E-05  0.286957E-07  0.408644E-11
  0.963460E+04  0.772802E-05  0.111865E-07  0.343750E-17  0.571217E-14  0.000000E+00  0.647046E-05  0.647046E-05  0.647046E-05 -0.147129E-09  0.572411E-05  0.233503E-07  0.371048E-11
  0.996117E+04  0.725034E-05  0.981365E-08  0.298613E-17  0.341644E-13  0.000000E+00  0.607040E-05  0.607040E-05  0.607040E-05 -0.138033E-09  0.537024E-05  0.190096E-07  0.336879E-11
  0.102988E+05  0.680213E-05  0.860392E-08  0.259638E-17 -0.302020E-13  0.000000E+00  0.569504E-05  0.569504E-05  0.569504E-05 -0.129497E-09  0.503821E-05  0.155083E-07  0.305831E-11
  0.106479E+05  0.638158E-05  0.753975E-08  0.225948E-17  0.208704E-13  0.000000E+00  0.534285E-05  0.534285E-05  0.534285E-05 -0.121489E-09  0.472666E-05  0.127012E-07  0.277622E-11
  0.110088E+05  0.598698E-05  0.660504E-08  0.196791E-17  0.167502E-13  0.000000E+00  0.501240E-05  0.501240E-05  0.501240E-05 -0.113975E-09  0.443435E-05  0.104620E-07  0.251997E-11
  0.113819E+05  0.561674E-05  0.578507E-08  0.171526E-17  0.318059E-13  0.000000E+00  0.470236E-05  0.470236E-05  0.470236E-05 -0.106925E-09  0.416008E-05  0.868199E-08  0.228723E-11
  0.117677E+05  0.526935E-05  0.506651E-08  0.149609E-17 -0.325690E-13  0.000000E+00  0.441147E-05  0.441147E-05  0.441147E-05 -0.100311E-09  0.390275E-05  0.726921E-08  0.207586E-11
  0.121666E+05  0.494341E-05  0.443734E-08  0.130574E-17  0.187349E-13  0.000000E+00  0.413854E-05  0.413854E-05  0.413854E-05 -0.941047E-10  0.366130E-05  0.614648E-08  0.188394E-11
  0.125790E+05  0.463759E-05  0.388676E-08  0.114025E-17  0.180407E-13  0.000000E+00  0.388247E-05  0.388247E-05  0.388247E-05 -0.882820E-10  0.343476E-05  0.525011E-08  0.170969E-11
  0.130054E+05  0.435066E-05  0.340513E-08  0.996228E-18 -0.277869E-13  0.000000E+00  0.364222E-05  0.364222E-05  0.364222E-05 -0.828190E-10  0.322222E-05  0.452832E-08  0.155150E-11
  0.134462E+05  0.408144E-05  0.298388E-08  0.870753E-18  0.195197E-13  0.000000E+00  0.341681E-05  0.341681E-05  0.341681E-05 -0.776935E-10  0.302281E-05  0.393980E-08  0.140791E-11
  0.139019E+05  0.382886E-05  0.261543E-08  0.761365E-18 -0.248842E-13  0.000000E+00  0.320532E-05  0.320532E-05  0.320532E-05 -0.728847E-10  0.283571E-05  0.345221E-08  0.127758E-11
  0.143731E+05  0.359188E-05  0.229308E-08  0.665941E-18  0.204703E-13  0.000000E+00  0.300691E-05  0.300691E-05  0.300691E-05 -0.683731E-10  0.266018E-05  0.304088E-08  0.115929E-11
  0.148603E+05  0.336954E-05  0.201098E-08  0.582620E-18 -0.215303E-13  0.000000E+00  0.282076E-05  0.282076E-05  0.282076E-05 -0.641402E-10  0.249549E-05  0.268752E-08  0.105194E-11
  0.153640E+05  0.316094E-05  0.176399E-08  0.509855E-18 -0.198211E-13  0.000000E+00  0.264611E-05  0.264611E-05  0.264611E-05 -0.601690E-10  0.234098E-05  0.237896E-08  0.954513E-12
  0.158848E+05  0.296523E-05  0.154762E-08  0.446252E-18  0.591349E-14  0.000000E+00  0.248226E-05  0.248226E-05  0.248226E-05 -0.564433E-10  0.219602E-05  0.210608E-08  0.866102E-12
  0.164232E+05  0.278162E-05  0.135800E-08  0.390651E-18 -0.198806E-14  0.000000E+00  0.232854E-05  0.232854E-05  0.232854E-05 -0.529479E-10  0.206002E-05  0.186272E-08  0.785872E-12
  0.169799E+05  0.260936E-05  0.119173E-08  0.342030E-18  0.328196E-14  0.000000E+00  0.218433E-05  0.218433E-05  0.218433E-05 -0.496686E-10  0.193243E-05  0.164484E-08  0.713067E-12
  0.175554E+05  0.244775E-05  0.104588E-08  0.299512E-18  0.574489E-14  0.000000E+00  0.204903E-05  0.204903E-05  0.204903E-05 -0.465921E-10  0.181273E-05  0.144973E-08  0.647001E-12
  0.181504E+05  0.229613E-05  0.917912E-09  0.262310E-18  0.128542E-13  0.000000E+00  0.192209E-05  0.192209E-05  0.192209E-05 -0.437058E-10  0.170043E-05  0.127543E-08  0.587051E-12
  0.187656E+05  0.215388E-05  0.805605E-09  0.229762E-18 -0.936164E-14  0.000000E+00  0.180301E-05  0.180301E-05  0.180301E-05 -0.409980E-10  0.159507E-05  0.112033E-08  0.532651E-12
  0.194017E+05  0.202044E-05  0.707031E-09  0.201272E-18 -0.115627E-13  0.000000E+00  0.169130E-05  0.169130E-05  0.169130E-05 -0.384578E-10  0.149624E-05  0.982929E-09  0.483288E-12
  0.200593E+05  0.189524E-05  0.620509E-09  0.176340E-18  0.197267E-14  0.000000E+00  0.158649E-05  0.158649E-05  0.158649E-05 -0.360746E-10  0.140351E-05  0.861699E-09  0.438495E-12
  0.207392E+05  0.177780E-05  0.544564E-09  0.154510E-18  0.100960E-13  0.000000E+00  0.148817E-05  0.148817E-05  0.148817E-05 -0.338390E-10  0.131653E-05  0.755088E-09  0.397850E-12
  0.214422E+05  0.166761E-05  0.477905E-09  0.135391E-18  0.887897E-14  0.000000E+00  0.139593E-05  0.139593E-05  0.139593E-05 -0.317416E-10  0.123492E-05  0.661542E-09  0.360968E-12
