  0.986139E-05  0.191838E+06  0.191838E+06  0.255783E+06  0.255783E+06  0.000000E+00  0.191838E+06  0.191838E+06  0.201902E+06 -0.605506E+00  0.190945E+06  0.190945E+06  0.486734E+00
  0.108887E-04  0.191838E+06  0.191838E+06  0.255783E+06  0.255783E+06  0.000000E+00  0.191838E+06  0.191838E+06  0.201902E+06 -0.605506E+00  0.190945E+06  0.190945E+06  0.537439E+00
  0.120230E-04  0.191838E+06  0.191838E+06  0.255783E+06  0.255783E+06  0.000000E+00  0.191838E+06  0.191838E+06  0.201902E+06 -0.605506E+00  0.190945E+06  0.190945E+06  0.593427E+00
  0.132755E-04  0.191838E+06  0.191838E+06  0.255783E+06  0.255782E+06  0.000000E+00  0.191838E+06  0.191838E+06  0.201902E+06 -0.605506E+00  0.190945E+06  0.190945E+06  0.655248E+00
  0.146585E-04  0.191838E+06  0.191838E+06  0.255782E+06  0.255782E+06  0.000000E+00  0.191838E+06  0.191838E+06  0.201902E+06 -0.605506E+00  0.190945E+06  0.190945E+06  0.723508E+00
  0.161856E-04  0.191838E+06  0.191838E+06  0.255782E+06  0.255782E+06  0.000000E+00  0.191838E+06  0.191838E+06  0.201902E+06 -0.605506E+00  0.190945E+06  0.190945E+06  0.798880E+00
  0.178717E-04  0.191838E+06  0.191838E+06  0.255781E+06  0.255781E+06  0.000000E+00  0.191838E+06  0.191838E+06  0.201902E+06 -0.605505E+00  0.190945E+06  0.190945E+06  0.882104E+00
  0.197335E-04  0.191838E+06  0.191838E+06  0.255781E+06  0.255780E+06  0.000000E+00  0.191838E+06  0.191838E+06  0.201902E+06 -0.605505E+00  0.190945E+06  0.190945E+06  0.973997E+00
  0.217893E-04  0.191838E+06  0.191838E+06  0.255780E+06  0.255779E+06  0.000000E+00  0.191838E+06  0.191838E+06  0.201902E+06 -0.605505E+00  0.190945E+06  0.190945E+06  0.107546E+01
  0.240592E-04  0.191838E+06  0.191838E+06  0.255779E+06  0.255778E+06  0.000000E+00  0.191838E+06  0.191838E+06  0.201902E+06 -0.605505E+00  0.190945E+06  0.190945E+06  0.118750E+01
  0.265655E-04  0.191838E+06  0.191838E+06  0.255778E+06  0.255777E+06  0.000000E+00  0.191838E+06  0.191838E+06  0.201901E+06 -0.605504E+00  0.190945E+06  0.190945E+06  0.131121E+01
  0.293330E-04  0.191838E+06  0.191838E+06  0.255777E+06  0.255776E+06  0.000000E+00  0.191838E+06  0.191838E+06  0.201901E+06 -0.605504E+00  0.190945E+06  0.190945E+06  0.144780E+01
  0.323888E-04  0.191838E+06  0.191838E+06  0.255775E+06  0.255774E+06  0.000000E+00  0.191838E+06  0.191838E+06  0.201901E+06 -0.605503E+00  0.190945E+06  0.190945E+06  0.159863E+01
  0.357629E-04  0.191838E+06  0.191837E+06  0.255773E+06  0.255771E+06  0.000000E+00  0.191838E+06  0.191838E+06  0.201901E+06 -0.605503E+00  0.190945E+06  0.190945E+06  0.176516E+01
  0.394885E-04  0.191837E+06  0.191837E+06  0.255771E+06  0.255769E+06  0.000000E+00  0.191837E+06  0.191837E+06  0.201901E+06 -0.605502E+00  0.190945E+06  0.190945E+06  0.194905E+01
  0.436023E-04  0.191837E+06  0.191837E+06  0.255768E+06  0.255765E+06  0.000000E+00  0.191837E+06  0.191837E+06  0.201900E+06 -0.605501E+00  0.190944E+06  0.190944E+06  0.215209E+01
  0.481446E-04  0.191837E+06  0.191837E+06  0.255764E+06  0.255761E+06  0.000000E+00  0.191837E+06  0.191837E+06  0.201900E+06 -0.605500E+00  0.190944E+06  0.190944E+06  0.237628E+01
  0.531600E-04  0.191837E+06  0.191837E+06  0.255759E+06  0.255756E+06  0.000000E+00  0.191837E+06  0.191837E+06  0.201900E+06 -0.605499E+00  0.190944E+06  0.190944E+06  0.262383E+01
  0.586980E-04  0.191837E+06  0.191836E+06  0.255754E+06  0.255750E+06  0.000000E+00  0.191837E+06  0.191837E+06  0.201899E+06 -0.605497E+00  0.190944E+06  0.190944E+06  0.289716E+01
  0.648129E-04  0.191836E+06  0.191836E+06  0.255747E+06  0.255742E+06  0.000000E+00  0.191836E+06  0.191836E+06  0.201899E+06 -0.605495E+00  0.190943E+06  0.190943E+06  0.319897E+01
  0.715648E-04  0.191836E+06  0.191835E+06  0.255739E+06  0.255733E+06  0.000000E+00  0.191836E+06  0.191836E+06  0.201898E+06 -0.605493E+00  0.190943E+06  0.190943E+06  0.353221E+01
  0.790201E-04  0.191835E+06  0.191835E+06  0.255729E+06  0.255722E+06  0.000000E+00  0.191835E+06  0.191835E+06  0.201897E+06 -0.605490E+00  0.190942E+06  0.190942E+06  0.390017E+01
  0.872521E-04  0.191835E+06  0.191834E+06  0.255717E+06  0.255708E+06  0.000000E+00  0.191835E+06  0.191835E+06  0.201896E+06 -0.605487E+00  0.190942E+06  0.190942E+06  0.430645E+01
  0.963416E-04  0.191834E+06  0.191833E+06  0.255703E+06  0.255691E+06  0.000000E+00  0.191834E+06  0.191834E+06  0.201894E+06 -0.605482E+00  0.190941E+06  0.190941E+06  0.475505E+01
  0.106378E-03  0.191833E+06  0.191832E+06  0.255685E+06  0.255671E+06  0.000000E+00  0.191833E+06  0.191833E+06  0.201893E+06 -0.605477E+00  0.190940E+06  0.190940E+06  0.525038E+01
  0.117460E-03  0.191832E+06  0.191831E+06  0.255663E+06  0.255646E+06  0.000000E+00  0.191832E+06  0.191832E+06  0.201891E+06 -0.605471E+00  0.190939E+06  0.190939E+06  0.579730E+01
  0.129696E-03  0.191831E+06  0.191829E+06  0.255637E+06  0.255616E+06  0.000000E+00  0.191830E+06  0.191830E+06  0.201888E+06 -0.605463E+00  0.190938E+06  0.190937E+06  0.640118E+01
  0.143208E-03  0.191829E+06  0.191827E+06  0.255605E+06  0.255579E+06  0.000000E+00  0.191829E+06  0.191829E+06  0.201885E+06 -0.605453E+00  0.190936E+06  0.190935E+06  0.706795E+01
  0.158126E-03  0.191827E+06  0.191825E+06  0.255565E+06  0.255534E+06  0.000000E+00  0.191827E+06  0.191827E+06  0.201881E+06 -0.605442E+00  0.190934E+06  0.190933E+06  0.780415E+01
  0.174599E-03  0.191824E+06  0.191822E+06  0.255517E+06  0.255480E+06  0.000000E+00  0.191824E+06  0.191824E+06  0.201877E+06 -0.605428E+00  0.190931E+06  0.190931E+06  0.861702E+01
  0.192788E-03  0.191821E+06  0.191818E+06  0.255459E+06  0.255413E+06  0.000000E+00  0.191821E+06  0.191821E+06  0.201871E+06 -0.605410E+00  0.190928E+06  0.190928E+06  0.951451E+01
  0.212872E-03  0.191818E+06  0.191814E+06  0.255387E+06  0.255332E+06  0.000000E+00  0.191817E+06  0.191817E+06  0.201864E+06 -0.605389E+00  0.190925E+06  0.190924E+06  0.105054E+02
  0.235048E-03  0.191813E+06  0.191809E+06  0.255300E+06  0.255233E+06  0.000000E+00  0.191813E+06  0.191813E+06  0.201856E+06 -0.605364E+00  0.190920E+06  0.190919E+06  0.115995E+02
  0.259534E-03  0.191808E+06  0.191802E+06  0.255195E+06  0.255112E+06  0.000000E+00  0.191807E+06  0.191807E+06  0.201846E+06 -0.605332E+00  0.190915E+06  0.190913E+06  0.128074E+02
  0.286571E-03  0.191801E+06  0.191794E+06  0.255065E+06  0.254965E+06  0.000000E+00  0.191800E+06  0.191800E+06  0.201834E+06 -0.605294E+00  0.190908E+06  0.190906E+06  0.141411E+02
  0.316425E-03  0.191793E+06  0.191785E+06  0.254908E+06  0.254785E+06  0.000000E+00  0.191792E+06  0.191792E+06  0.201819E+06 -0.605248E+00  0.190900E+06  0.190898E+06  0.156134E+02
  0.349389E-03  0.191783E+06  0.191773E+06  0.254716E+06  0.254567E+06  0.000000E+00  0.191782E+06  0.191782E+06  0.201801E+06 -0.605191E+00  0.190890E+06  0.190887E+06  0.172388E+02
  0.385786E-03  0.191771E+06  0.191759E+06  0.254483E+06  0.254301E+06  0.000000E+00  0.191769E+06  0.191769E+06  0.201779E+06 -0.605122E+00  0.190878E+06  0.190874E+06  0.190332E+02
  0.425976E-03  0.191757E+06  0.191741E+06  0.254198E+06  0.253977E+06  0.000000E+00  0.191754E+06  0.191754E+06  0.201752E+06 -0.605038E+00  0.190863E+06  0.190859E+06  0.210140E+02
  0.470352E-03  0.191739E+06  0.191720E+06  0.253852E+06  0.253582E+06  0.000000E+00  0.191736E+06  0.191736E+06  0.201719E+06 -0.604936E+00  0.190845E+06  0.190840E+06  0.232004E+02
  0.519351E-03  0.191717E+06  0.191694E+06  0.253430E+06  0.253102E+06  0.000000E+00  0.191713E+06  0.191713E+06  0.201679E+06 -0.604811E+00  0.190823E+06  0.190817E+06  0.256137E+02
  0.573455E-03  0.191690E+06  0.191662E+06  0.252916E+06  0.252517E+06  0.000000E+00  0.191686E+06  0.191686E+06  0.201630E+06 -0.604659E+00  0.190797E+06  0.190789E+06  0.282771E+02
  0.633195E-03  0.191658E+06  0.191624E+06  0.252291E+06  0.251806E+06  0.000000E+00  0.191653E+06  0.191653E+06  0.201571E+06 -0.604474E+00  0.190764E+06  0.190754E+06  0.312164E+02
  0.699158E-03  0.191619E+06  0.191577E+06  0.251531E+06  0.250941E+06  0.000000E+00  0.191612E+06  0.191612E+06  0.201499E+06 -0.604249E+00  0.190724E+06  0.190712E+06  0.344595E+02
  0.771993E-03  0.191571E+06  0.191520E+06  0.250607E+06  0.249891E+06  0.000000E+00  0.191562E+06  0.191562E+06  0.201411E+06 -0.603974E+00  0.190676E+06  0.190661E+06  0.380375E+02
  0.852416E-03  0.191512E+06  0.191451E+06  0.249484E+06  0.248615E+06  0.000000E+00  0.191502E+06  0.191502E+06  0.201304E+06 -0.603641E+00  0.190617E+06  0.190599E+06  0.419841E+02
  0.941216E-03  0.191441E+06  0.191366E+06  0.248121E+06  0.247068E+06  0.000000E+00  0.191429E+06  0.191429E+06  0.201174E+06 -0.603235E+00  0.190546E+06  0.190524E+06  0.463363E+02
  0.103927E-02  0.191355E+06  0.191263E+06  0.246468E+06  0.245194E+06  0.000000E+00  0.191340E+06  0.191340E+06  0.201016E+06 -0.602741E+00  0.190458E+06  0.190432E+06  0.511345E+02
  0.114753E-02  0.191249E+06  0.191137E+06  0.244465E+06  0.242925E+06  0.000000E+00  0.191231E+06  0.191231E+06  0.200825E+06 -0.602142E+00  0.190352E+06  0.190320E+06  0.564227E+02
  0.126708E-02  0.191121E+06  0.190985E+06  0.242043E+06  0.240186E+06  0.000000E+00  0.191099E+06  0.191099E+06  0.200592E+06 -0.601414E+00  0.190223E+06  0.190183E+06  0.622486E+02
  0.139908E-02  0.190965E+06  0.190799E+06  0.239117E+06  0.236883E+06  0.000000E+00  0.190938E+06  0.190938E+06  0.200310E+06 -0.600531E+00  0.190066E+06  0.190017E+06  0.686635E+02
  0.154483E-02  0.190776E+06  0.190573E+06  0.235590E+06  0.232912E+06  0.000000E+00  0.190743E+06  0.190743E+06  0.199969E+06 -0.599461E+00  0.189874E+06  0.189816E+06  0.757228E+02
  0.170576E-02  0.190546E+06  0.190299E+06  0.231351E+06  0.228151E+06  0.000000E+00  0.190506E+06  0.190506E+06  0.199557E+06 -0.598168E+00  0.189642E+06  0.189571E+06  0.834857E+02
  0.188346E-02  0.190267E+06  0.189967E+06  0.226272E+06  0.222466E+06  0.000000E+00  0.190218E+06  0.190218E+06  0.199060E+06 -0.596605E+00  0.189360E+06  0.189273E+06  0.920148E+02
  0.207967E-02  0.189929E+06  0.189563E+06  0.220209E+06  0.215707E+06  0.000000E+00  0.189870E+06  0.189870E+06  0.198461E+06 -0.594721E+00  0.189017E+06  0.188912E+06  0.101376E+03
  0.229632E-02  0.189520E+06  0.189075E+06  0.213005E+06  0.207718E+06  0.000000E+00  0.189448E+06  0.189448E+06  0.197743E+06 -0.592457E+00  0.188602E+06  0.188474E+06  0.111637E+03
  0.253554E-02  0.189026E+06  0.188484E+06  0.204497E+06  0.198340E+06  0.000000E+00  0.188938E+06  0.188938E+06  0.196885E+06 -0.589742E+00  0.188099E+06  0.187943E+06  0.122866E+03
  0.279968E-02  0.188431E+06  0.187771E+06  0.194519E+06  0.187426E+06  0.000000E+00  0.188323E+06  0.188323E+06  0.195863E+06 -0.586500E+00  0.187492E+06  0.187302E+06  0.135134E+03
  0.309134E-02  0.187715E+06  0.186912E+06  0.182922E+06  0.174859E+06  0.000000E+00  0.187584E+06  0.187584E+06  0.194651E+06 -0.582644E+00  0.186759E+06  0.186529E+06  0.148506E+03
  0.341338E-02  0.186856E+06  0.185879E+06  0.169588E+06  0.160576E+06  0.000000E+00  0.186696E+06  0.186696E+06  0.193224E+06 -0.578083E+00  0.185877E+06  0.185598E+06  0.163043E+03
  0.376897E-02  0.185829E+06  0.184641E+06  0.154467E+06  0.144607E+06  0.000000E+00  0.185635E+06  0.185635E+06  0.191554E+06 -0.572721E+00  0.184818E+06  0.184481E+06  0.178799E+03
  0.416160E-02  0.184606E+06  0.183163E+06  0.137609E+06  0.127117E+06  0.000000E+00  0.184371E+06  0.184371E+06  0.189616E+06 -0.566465E+00  0.183552E+06  0.183144E+06  0.195812E+03
  0.459514E-02  0.183157E+06  0.181406E+06  0.119215E+06  0.108449E+06  0.000000E+00  0.182872E+06  0.182872E+06  0.187389E+06 -0.559230E+00  0.182044E+06  0.181552E+06  0.214105E+03
  0.507384E-02  0.181451E+06  0.179327E+06  0.996858E+05  0.891685E+05  0.000000E+00  0.181105E+06  0.181105E+06  0.184858E+06 -0.550950E+00  0.180256E+06  0.179663E+06  0.233680E+03
  0.560241E-02  0.179453E+06  0.176881E+06  0.796689E+05  0.700811E+05  0.000000E+00  0.179034E+06  0.179034E+06  0.182014E+06 -0.541585E+00  0.178150E+06  0.177437E+06  0.254508E+03
  0.618604E-02  0.177133E+06  0.174021E+06  0.600760E+05  0.522054E+05  0.000000E+00  0.176626E+06  0.176626E+06  0.178863E+06 -0.531137E+00  0.175687E+06  0.174832E+06  0.276532E+03
  0.683048E-02  0.174462E+06  0.170702E+06  0.420494E+05  0.366656E+05  0.000000E+00  0.173849E+06  0.173849E+06  0.175417E+06 -0.519652E+00  0.172831E+06  0.171807E+06  0.299661E+03
  0.754204E-02  0.171415E+06  0.166882E+06  0.268383E+05  0.244846E+05  0.000000E+00  0.170676E+06  0.170676E+06  0.171694E+06 -0.507221E+00  0.169552E+06  0.168330E+06  0.323768E+03
  0.832774E-02  0.167977E+06  0.162523E+06  0.155580E+05  0.162795E+05  0.000000E+00  0.167088E+06  0.167088E+06  0.167712E+06 -0.493966E+00  0.165830E+06  0.164377E+06  0.348692E+03
  0.919528E-02  0.164138E+06  0.157596E+06  0.883673E+04  0.119374E+05  0.000000E+00  0.163072E+06  0.163072E+06  0.163469E+06 -0.480007E+00  0.161658E+06  0.159937E+06  0.374232E+03
  0.101532E-01  0.159899E+06  0.152075E+06  0.643426E+04  0.104376E+05  0.000000E+00  0.158624E+06  0.158624E+06  0.158942E+06 -0.465420E+00  0.157047E+06  0.155014E+06  0.400142E+03
  0.112109E-01  0.155266E+06  0.145944E+06  0.702646E+04  0.100556E+05  0.000000E+00  0.153747E+06  0.153747E+06  0.154072E+06 -0.450182E+00  0.152017E+06  0.149628E+06  0.426102E+03
  0.123788E-01  0.150247E+06  0.139190E+06  0.843977E+04  0.909176E+04  0.000000E+00  0.148445E+06  0.148445E+06  0.148787E+06 -0.434162E+00  0.146599E+06  0.143802E+06  0.451677E+03
  0.136684E-01  0.144848E+06  0.131805E+06  0.852771E+04  0.688121E+04  0.000000E+00  0.142722E+06  0.142722E+06  0.143031E+06 -0.417146E+00  0.140819E+06  0.137563E+06  0.476244E+03
  0.150923E-01  0.139074E+06  0.123784E+06  0.644626E+04  0.428791E+04  0.000000E+00  0.136582E+06  0.136582E+06  0.136801E+06 -0.398945E+00  0.134688E+06  0.130922E+06  0.498925E+03
  0.166646E-01  0.132928E+06  0.115143E+06  0.338197E+04  0.280735E+04  0.000000E+00  0.130030E+06  0.130030E+06  0.130153E+06 -0.379502E+00  0.128207E+06  0.123884E+06  0.518539E+03
  0.184006E-01  0.126419E+06  0.105924E+06  0.155632E+04  0.263393E+04  0.000000E+00  0.123079E+06  0.123079E+06  0.123158E+06 -0.358931E+00  0.121362E+06  0.116451E+06  0.533617E+03
  0.203175E-01  0.119570E+06  0.962169E+05  0.174667E+04  0.203299E+04  0.000000E+00  0.115764E+06  0.115764E+06  0.115837E+06 -0.337394E+00  0.114190E+06  0.108677E+06  0.542459E+03
  0.224341E-01  0.112418E+06  0.861729E+05  0.219734E+04  0.155661E+04  0.000000E+00  0.108141E+06  0.108141E+06  0.108217E+06 -0.315068E+00  0.106730E+06  0.100635E+06  0.543206E+03
  0.247711E-01  0.105021E+06  0.760184E+05  0.137154E+04  0.118355E+04  0.000000E+00  0.100295E+06  0.100295E+06  0.100345E+06 -0.292130E+00  0.990638E+05  0.924484E+05  0.533902E+03
  0.273517E-01  0.974608E+05  0.660651E+05  0.595411E+03  0.893162E+03  0.000000E+00  0.923444E+05  0.923444E+05  0.923727E+05 -0.268885E+00  0.912979E+05  0.842839E+05  0.512660E+03
  0.302011E-01  0.898488E+05  0.567127E+05  0.827076E+03  0.668830E+03  0.000000E+00  0.844489E+05  0.844489E+05  0.844789E+05 -0.245833E+00  0.835702E+05  0.763483E+05  0.478054E+03
  0.333473E-01  0.823274E+05  0.484283E+05  0.537006E+03  0.498448E+03  0.000000E+00  0.768031E+05  0.768031E+05  0.768236E+05 -0.223540E+00  0.760597E+05  0.688933E+05  0.429622E+03
  0.368212E-01  0.750616E+05  0.416879E+05  0.286774E+03  0.370651E+03  0.000000E+00  0.696229E+05  0.696229E+05  0.696355E+05 -0.202601E+00  0.689682E+05  0.621833E+05  0.368374E+03
  0.406571E-01  0.682217E+05  0.368750E+05  0.377331E+03  0.275964E+03  0.000000E+00  0.631133E+05  0.631133E+05  0.631266E+05 -0.183634E+00  0.624874E+05  0.564393E+05  0.297390E+03
  0.447228E-01  0.621677E+05  0.341884E+05  0.209505E+03  0.208975E+03  0.000000E+00  0.576081E+05  0.576081E+05  0.576163E+05 -0.167594E+00  0.569504E+05  0.519156E+05  0.225061E+03
  0.487885E-01  0.571999E+05  0.332677E+05  0.163657E+03  0.163240E+03  0.000000E+00  0.532999E+05  0.532999E+05  0.533063E+05 -0.155045E+00  0.525834E+05  0.486461E+05  0.161336E+03
  0.528542E-01  0.530542E+05  0.332499E+05  0.131069E+03  0.130732E+03  0.000000E+00  0.498268E+05  0.498268E+05  0.498320E+05 -0.144931E+00  0.490396E+05  0.461313E+05  0.110001E+03
  0.569199E-01  0.495298E+05  0.334192E+05  0.106921E+03  0.106644E+03  0.000000E+00  0.469044E+05  0.469044E+05  0.469086E+05 -0.136423E+00  0.460594E+05  0.439916E+05  0.726281E+02
  0.609856E-01  0.464375E+05  0.332222E+05  0.882621E+02  0.880321E+02  0.000000E+00  0.442839E+05  0.442839E+05  0.442873E+05 -0.128795E+00  0.434138E+05  0.419239E+05  0.488389E+02
  0.650513E-01  0.436366E+05  0.323372E+05  0.733511E+02  0.731594E+02  0.000000E+00  0.417952E+05  0.417952E+05  0.417981E+05 -0.121553E+00  0.409401E+05  0.397432E+05  0.367824E+02
  0.691171E-01  0.410253E+05  0.306648E+05  0.611530E+02  0.609933E+02  0.000000E+00  0.393369E+05  0.393369E+05  0.393393E+05 -0.114401E+00  0.385338E+05  0.373700E+05  0.336619E+02
  0.731828E-01  0.385479E+05  0.283061E+05  0.510521E+02  0.509194E+02  0.000000E+00  0.368788E+05  0.368788E+05  0.368808E+05 -0.107250E+00  0.361556E+05  0.348274E+05  0.362814E+02
  0.772485E-01  0.361876E+05  0.255056E+05  0.426691E+02  0.425589E+02  0.000000E+00  0.344468E+05  0.344468E+05  0.344485E+05 -0.100176E+00  0.338198E+05  0.322141E+05  0.415526E+02
  0.813142E-01  0.339549E+05  0.225788E+05  0.357494E+02  0.356578E+02  0.000000E+00  0.321010E+05  0.321010E+05  0.321024E+05 -0.933526E-01  0.315734E+05  0.296660E+05  0.468951E+02
  0.853799E-01  0.318714E+05  0.198380E+05  0.300962E+02  0.300198E+02  0.000000E+00  0.299104E+05  0.299104E+05  0.299116E+05 -0.869811E-01  0.294721E+05  0.273161E+05  0.504839E+02
  0.904429E-01  0.295252E+05  0.170623E+05  0.245645E+02  0.245026E+02  0.000000E+00  0.274942E+05  0.274942E+05  0.274952E+05 -0.799538E-01  0.271375E+05  0.248266E+05  0.510793E+02
  0.955060E-01  0.274935E+05  0.152484E+05  0.204026E+02  0.203513E+02  0.000000E+00  0.254980E+05  0.254980E+05  0.254988E+05 -0.741476E-01  0.251829E+05  0.229273E+05  0.472129E+02
  0.100569E+00  0.257812E+05  0.144077E+05  0.172888E+02  0.172452E+02  0.000000E+00  0.239277E+05  0.239277E+05  0.239284E+05 -0.695806E-01  0.236187E+05  0.216070E+05  0.399904E+02
  0.105632E+00  0.243460E+05  0.143110E+05  0.149244E+02  0.148864E+02  0.000000E+00  0.227107E+05  0.227107E+05  0.227113E+05 -0.660407E-01  0.223830E+05  0.207326E+05  0.312340E+02
  0.110695E+00  0.231188E+05  0.145947E+05  0.130611E+02  0.130276E+02  0.000000E+00  0.217296E+05  0.217296E+05  0.217302E+05 -0.631872E-01  0.213725E+05  0.201086E+05  0.228247E+02
  0.115758E+00  0.220269E+05  0.148830E+05  0.115153E+02  0.114856E+02  0.000000E+00  0.208627E+05  0.208627E+05  0.208632E+05 -0.606657E-01  0.204799E+05  0.195420E+05  0.161968E+02
  0.120821E+00  0.210062E+05  0.148832E+05  0.101666E+02  0.101402E+02  0.000000E+00  0.200084E+05  0.200084E+05  0.200088E+05 -0.581810E-01  0.196151E+05  0.188854E+05  0.120743E+02
  0.125884E+00  0.200121E+05  0.144454E+05  0.895032E+01  0.892706E+01  0.000000E+00  0.191049E+05  0.191049E+05  0.191053E+05 -0.555536E-01  0.187217E+05  0.180637E+05  0.104495E+02
  0.130947E+00  0.190282E+05  0.135795E+05  0.784479E+01  0.782446E+01  0.000000E+00  0.181403E+05  0.181403E+05  0.181406E+05 -0.527483E-01  0.177862E+05  0.170823E+05  0.107467E+02
  0.136010E+00  0.180604E+05  0.124203E+05  0.685213E+01  0.683447E+01  0.000000E+00  0.171413E+05  0.171413E+05  0.171415E+05 -0.498433E-01  0.168286E+05  0.160061E+05  0.120903E+02
  0.141073E+00  0.171244E+05  0.111655E+05  0.598121E+01  0.596591E+01  0.000000E+00  0.161533E+05  0.161533E+05  0.161536E+05 -0.469704E-01  0.158845E+05  0.149260E+05  0.135836E+02
  0.146136E+00  0.162429E+05  0.100175E+05  0.523828E+01  0.522497E+01  0.000000E+00  0.152284E+05  0.152284E+05  0.152286E+05 -0.442809E-01  0.149969E+05  0.139349E+05  0.145290E+02
  0.151199E+00  0.154425E+05  0.913378E+04  0.462241E+01  0.461071E+01  0.000000E+00  0.144144E+05  0.144144E+05  0.144146E+05 -0.419139E-01  0.142087E+05  0.131081E+05  0.145513E+02
  0.156262E+00  0.147396E+05  0.858841E+04  0.412249E+01  0.411206E+01  0.000000E+00  0.137372E+05  0.137372E+05  0.137374E+05 -0.399445E-01  0.135441E+05  0.124798E+05  0.136162E+02
  0.161325E+00  0.141301E+05  0.835837E+04  0.371801E+01  0.370857E+01  0.000000E+00  0.131895E+05  0.131895E+05  0.131897E+05 -0.383519E-01  0.129970E+05  0.120318E+05  0.119617E+02
  0.166388E+00  0.135956E+05  0.834825E+04  0.338449E+01  0.337586E+01  0.000000E+00  0.127405E+05  0.127405E+05  0.127406E+05 -0.370461E-01  0.125403E+05  0.117101E+05  0.997500E+01
  0.171451E+00  0.131156E+05  0.843207E+04  0.309940E+01  0.309145E+01  0.000000E+00  0.123524E+05  0.123524E+05  0.123525E+05 -0.359174E-01  0.121420E+05  0.114507E+05  0.806018E+01
  0.176515E+00  0.126700E+05  0.848800E+04  0.284498E+01  0.283765E+01  0.000000E+00  0.119885E+05  0.119885E+05  0.119886E+05 -0.348593E-01  0.117709E+05  0.111941E+05  0.653303E+01
  0.181578E+00  0.122388E+05  0.842335E+04  0.260906E+01  0.260232E+01  0.000000E+00  0.116170E+05  0.116170E+05  0.116171E+05 -0.337790E-01  0.113983E+05  0.108933E+05  0.556071E+01
  0.186641E+00  0.118073E+05  0.819431E+04  0.238545E+01  0.237928E+01  0.000000E+00  0.112185E+05  0.112185E+05  0.112186E+05 -0.326204E-01  0.110058E+05  0.105251E+05  0.514954E+01
  0.191704E+00  0.113729E+05  0.781279E+04  0.217347E+01  0.216787E+01  0.000000E+00  0.107927E+05  0.107927E+05  0.107928E+05 -0.313822E-01  0.105922E+05  0.100960E+05  0.517522E+01
  0.196767E+00  0.109420E+05  0.733328E+04  0.197579E+01  0.197072E+01  0.000000E+00  0.103539E+05  0.103539E+05  0.103540E+05 -0.301062E-01  0.101697E+05  0.963424E+04  0.544018E+01
  0.201830E+00  0.105239E+05  0.682871E+04  0.179580E+01  0.179120E+01  0.000000E+00  0.992168E+04  0.992168E+04  0.992175E+04 -0.288494E-01  0.975459E+04  0.917538E+04  0.573720E+01
  0.206893E+00  0.101272E+05  0.636870E+04  0.163590E+01  0.163173E+01  0.000000E+00  0.951471E+04  0.951471E+04  0.951477E+04 -0.276660E-01  0.936238E+04  0.875166E+04  0.590130E+01
  0.211956E+00  0.975971E+04  0.600443E+04  0.149693E+01  0.149312E+01  0.000000E+00  0.914774E+04  0.914774E+04  0.914779E+04 -0.265989E-01  0.900587E+04  0.838664E+04  0.584058E+01
  0.217019E+00  0.942627E+04  0.575883E+04  0.137786E+01  0.137435E+01  0.000000E+00  0.882861E+04  0.882861E+04  0.882867E+04 -0.256710E-01  0.869237E+04  0.809062E+04  0.554329E+01
  0.222082E+00  0.912674E+04  0.562410E+04  0.127604E+01  0.127278E+01  0.000000E+00  0.855594E+04  0.855594E+04  0.855599E+04 -0.248781E-01  0.842109E+04  0.785855E+04  0.506399E+01
  0.227145E+00  0.885605E+04  0.556804E+04  0.118776E+01  0.118472E+01  0.000000E+00  0.832023E+04  0.832023E+04  0.832028E+04 -0.241927E-01  0.818406E+04  0.767322E+04  0.449604E+01
  0.232208E+00  0.860638E+04  0.554633E+04  0.110917E+01  0.110633E+01  0.000000E+00  0.810770E+04  0.810770E+04  0.810774E+04 -0.235747E-01  0.796942E+04  0.751175E+04  0.394025E+01
  0.237271E+00  0.836934E+04  0.551547E+04  0.103702E+01  0.103436E+01  0.000000E+00  0.790426E+04  0.790426E+04  0.790430E+04 -0.229831E-01  0.776477E+04  0.735192E+04  0.347847E+01
  0.242334E+00  0.813794E+04  0.544327E+04  0.969088E+00  0.966594E+00  0.000000E+00  0.769881E+04  0.769881E+04  0.769885E+04 -0.223857E-01  0.756009E+04  0.717741E+04  0.315700E+01
  0.247397E+00  0.790807E+04  0.531516E+04  0.904245E+00  0.901918E+00  0.000000E+00  0.748552E+04  0.748552E+04  0.748556E+04 -0.217656E-01  0.734999E+04  0.698099E+04  0.298185E+01
  0.252460E+00  0.767896E+04  0.513486E+04  0.842333E+00  0.840167E+00  0.000000E+00  0.726436E+04  0.726436E+04  0.726440E+04 -0.211225E-01  0.713423E+04  0.676486E+04  0.292497E+01
  0.257523E+00  0.745234E+04  0.492007E+04  0.783813E+00  0.781802E+00  0.000000E+00  0.703968E+04  0.703968E+04  0.703971E+04 -0.204691E-01  0.691639E+04  0.653796E+04  0.293777E+01
  0.262586E+00  0.723132E+04  0.469547E+04  0.729384E+00  0.727516E+00  0.000000E+00  0.681807E+04  0.681807E+04  0.681810E+04 -0.198248E-01  0.670194E+04  0.631224E+04  0.296690E+01
  0.267649E+00  0.701935E+04  0.448556E+04  0.679636E+00  0.677899E+00  0.000000E+00  0.660644E+04  0.660644E+04  0.660647E+04 -0.192094E-01  0.649668E+04  0.609934E+04  0.296787E+01
  0.272712E+00  0.681940E+04  0.430877E+04  0.634834E+00  0.633213E+00  0.000000E+00  0.641026E+04  0.641026E+04  0.641028E+04 -0.186390E-01  0.630543E+04  0.590795E+04  0.291379E+01
  0.277775E+00  0.663318E+04  0.417385E+04  0.594847E+00  0.593329E+00  0.000000E+00  0.623240E+04  0.623240E+04  0.623242E+04 -0.181218E-01  0.613086E+04  0.574203E+04  0.279840E+01
  0.282838E+00  0.646070E+04  0.407906E+04  0.559193E+00  0.557765E+00  0.000000E+00  0.607258E+04  0.607258E+04  0.607260E+04 -0.176571E-01  0.597283E+04  0.560025E+04  0.263343E+01
  0.287901E+00  0.630029E+04  0.401418E+04  0.527146E+00  0.525798E+00  0.000000E+00  0.592774E+04  0.592774E+04  0.592776E+04 -0.172359E-01  0.582873E+04  0.547704E+04  0.244210E+01
  0.292964E+00  0.614920E+04  0.396429E+04  0.497889E+00  0.496614E+00  0.000000E+00  0.579314E+04  0.579314E+04  0.579316E+04 -0.168446E-01  0.569443E+04  0.536456E+04  0.225102E+01
  0.298027E+00  0.600450E+04  0.391437E+04  0.470691E+00  0.469483E+00  0.000000E+00  0.566388E+04  0.566388E+04  0.566390E+04 -0.164687E-01  0.556567E+04  0.525514E+04  0.208304E+01
  0.303090E+00  0.586379E+04  0.385294E+04  0.445019E+00  0.443877E+00  0.000000E+00  0.553609E+04  0.553609E+04  0.553611E+04 -0.160971E-01  0.543901E+04  0.514302E+04  0.195233E+01
  0.308153E+00  0.572553E+04  0.377413E+04  0.420573E+00  0.419493E+00  0.000000E+00  0.540752E+04  0.540752E+04  0.540754E+04 -0.157233E-01  0.531237E+04  0.502527E+04  0.186261E+01
  0.313216E+00  0.558902E+04  0.367796E+04  0.397244E+00  0.396225E+00  0.000000E+00  0.527758E+04  0.527758E+04  0.527760E+04 -0.153455E-01  0.518509E+04  0.490180E+04  0.180812E+01
  0.318279E+00  0.545452E+04  0.356954E+04  0.375076E+00  0.374114E+00  0.000000E+00  0.514733E+04  0.514733E+04  0.514735E+04 -0.149667E-01  0.505798E+04  0.477511E+04  0.177675E+01
  0.323342E+00  0.532317E+04  0.345705E+04  0.354199E+00  0.353292E+00  0.000000E+00  0.501906E+04  0.501906E+04  0.501907E+04 -0.145937E-01  0.493301E+04  0.464929E+04  0.175414E+01
  0.328406E+00  0.519636E+04  0.334914E+04  0.334748E+00  0.333891E+00  0.000000E+00  0.489534E+04  0.489534E+04  0.489535E+04 -0.142340E-01  0.481241E+04  0.452863E+04  0.172751E+01
  0.333469E+00  0.507507E+04  0.325242E+04  0.316782E+00  0.315972E+00  0.000000E+00  0.477804E+04  0.477804E+04  0.477805E+04 -0.138929E-01  0.469779E+04  0.441616E+04  0.168836E+01
  0.338532E+00  0.495963E+04  0.317021E+04  0.300268E+00  0.299500E+00  0.000000E+00  0.466802E+04  0.466802E+04  0.466803E+04 -0.135730E-01  0.458984E+04  0.431320E+04  0.163363E+01
  0.343595E+00  0.485007E+04  0.310259E+04  0.285099E+00  0.284370E+00  0.000000E+00  0.456530E+04  0.456530E+04  0.456531E+04 -0.132743E-01  0.448863E+04  0.421959E+04  0.156532E+01
  0.348658E+00  0.474614E+04  0.304691E+04  0.271122E+00  0.270428E+00  0.000000E+00  0.446923E+04  0.446923E+04  0.446924E+04 -0.129950E-01  0.439365E+04  0.413397E+04  0.148898E+01
  0.353721E+00  0.464707E+04  0.299855E+04  0.258146E+00  0.257485E+00  0.000000E+00  0.437842E+04  0.437842E+04  0.437843E+04 -0.127310E-01  0.430374E+04  0.405395E+04  0.141173E+01
  0.358784E+00  0.455169E+04  0.295228E+04  0.245980E+00  0.245350E+00  0.000000E+00  0.429105E+04  0.429105E+04  0.429106E+04 -0.124769E-01  0.421725E+04  0.397674E+04  0.134013E+01
  0.363847E+00  0.445898E+04  0.290374E+04  0.234469E+00  0.233868E+00  0.000000E+00  0.420553E+04  0.420553E+04  0.420554E+04 -0.122283E-01  0.413278E+04  0.390004E+04  0.127875E+01
  0.368910E+00  0.436835E+04  0.285050E+04  0.223515E+00  0.222942E+00  0.000000E+00  0.412100E+04  0.412100E+04  0.412101E+04 -0.119825E-01  0.404951E+04  0.382265E+04  0.122940E+01
  0.373973E+00  0.427958E+04  0.279215E+04  0.213074E+00  0.212528E+00  0.000000E+00  0.403719E+04  0.403719E+04  0.403719E+04 -0.117388E-01  0.396721E+04  0.374439E+04  0.119116E+01
  0.379036E+00  0.419262E+04  0.272993E+04  0.203131E+00  0.202611E+00  0.000000E+00  0.395426E+04  0.395426E+04  0.395427E+04 -0.114976E-01  0.388597E+04  0.366582E+04  0.116115E+01
  0.384099E+00  0.410764E+04  0.266619E+04  0.193695E+00  0.193199E+00  0.000000E+00  0.387274E+04  0.387274E+04  0.387275E+04 -0.112606E-01  0.380621E+04  0.358804E+04  0.113551E+01
  0.389162E+00  0.402501E+04  0.260373E+04  0.184785E+00  0.184312E+00  0.000000E+00  0.379340E+04  0.379340E+04  0.379340E+04 -0.110299E-01  0.372858E+04  0.351240E+04  0.111051E+01
  0.394225E+00  0.394513E+04  0.254500E+04  0.176414E+00  0.175963E+00  0.000000E+00  0.371696E+04  0.371696E+04  0.371697E+04 -0.108077E-01  0.365371E+04  0.344007E+04  0.108338E+01
  0.399288E+00  0.386820E+04  0.249150E+04  0.168574E+00  0.168143E+00  0.000000E+00  0.364385E+04  0.364385E+04  0.364386E+04 -0.105951E-01  0.358196E+04  0.337170E+04  0.105274E+01
  0.404351E+00  0.379420E+04  0.244352E+04  0.161235E+00  0.160822E+00  0.000000E+00  0.357409E+04  0.357409E+04  0.357410E+04 -0.103922E-01  0.351336E+04  0.330733E+04  0.101865E+01
  0.409414E+00  0.372300E+04  0.240040E+04  0.154354E+00  0.153958E+00  0.000000E+00  0.350747E+04  0.350747E+04  0.350747E+04 -0.101985E-01  0.344773E+04  0.324655E+04  0.982345E+00
  0.414477E+00  0.365439E+04  0.236081E+04  0.147882E+00  0.147503E+00  0.000000E+00  0.344358E+04  0.344358E+04  0.344359E+04 -0.100127E-01  0.338472E+04  0.318867E+04  0.945637E+00
  0.419540E+00  0.358803E+04  0.232310E+04  0.141768E+00  0.141405E+00  0.000000E+00  0.338190E+04  0.338190E+04  0.338190E+04 -0.983338E-02  0.332388E+04  0.313282E+04  0.910403E+00
  0.424603E+00  0.352355E+04  0.228571E+04  0.135964E+00  0.135616E+00  0.000000E+00  0.332183E+04  0.332183E+04  0.332184E+04 -0.965873E-02  0.326467E+04  0.307817E+04  0.878096E+00
  0.429666E+00  0.346064E+04  0.224756E+04  0.130434E+00  0.130099E+00  0.000000E+00  0.326296E+04  0.326296E+04  0.326296E+04 -0.948755E-02  0.320672E+04  0.302415E+04  0.849476E+00
  0.434729E+00  0.339916E+04  0.220827E+04  0.125155E+00  0.124834E+00  0.000000E+00  0.320509E+04  0.320509E+04  0.320510E+04 -0.931929E-02  0.314984E+04  0.297054E+04  0.824555E+00
  0.439792E+00  0.333906E+04  0.216805E+04  0.120115E+00  0.119808E+00  0.000000E+00  0.314823E+04  0.314823E+04  0.314824E+04 -0.915397E-02  0.309402E+04  0.291743E+04  0.802712E+00
  0.444855E+00  0.328034E+04  0.212750E+04  0.115309E+00  0.115014E+00  0.000000E+00  0.309247E+04  0.309247E+04  0.309248E+04 -0.899183E-02  0.303932E+04  0.286510E+04  0.782942E+00
  0.449918E+00  0.322305E+04  0.208747E+04  0.110734E+00  0.110450E+00  0.000000E+00  0.303799E+04  0.303799E+04  0.303800E+04 -0.883342E-02  0.298589E+04  0.281391E+04  0.764167E+00
  0.454981E+00  0.316731E+04  0.204881E+04  0.106388E+00  0.106116E+00  0.000000E+00  0.298504E+04  0.298504E+04  0.298504E+04 -0.867945E-02  0.293394E+04  0.276428E+04  0.745486E+00
  0.460044E+00  0.311323E+04  0.201214E+04  0.102269E+00  0.102007E+00  0.000000E+00  0.293379E+04  0.293379E+04  0.293379E+04 -0.853044E-02  0.288362E+04  0.271648E+04  0.726345E+00
  0.465107E+00  0.306077E+04  0.197766E+04  0.983647E-01  0.981128E-01  0.000000E+00  0.288426E+04  0.288426E+04  0.288427E+04 -0.838643E-02  0.283496E+04  0.267057E+04  0.706586E+00
  0.470170E+00  0.300986E+04  0.194525E+04  0.946616E-01  0.944192E-01  0.000000E+00  0.283637E+04  0.283637E+04  0.283637E+04 -0.824717E-02  0.278784E+04  0.262641E+04  0.686400E+00
  0.475233E+00  0.296044E+04  0.191456E+04  0.911451E-01  0.909116E-01  0.000000E+00  0.279000E+04  0.279000E+04  0.279000E+04 -0.811234E-02  0.274221E+04  0.258383E+04  0.666213E+00
  0.480297E+00  0.291244E+04  0.188514E+04  0.878001E-01  0.875752E-01  0.000000E+00  0.274503E+04  0.274503E+04  0.274503E+04 -0.798158E-02  0.269793E+04  0.254260E+04  0.646532E+00
  0.485360E+00  0.286571E+04  0.185645E+04  0.846105E-01  0.843938E-01  0.000000E+00  0.270124E+04  0.270124E+04  0.270124E+04 -0.785425E-02  0.265484E+04  0.250242E+04  0.627802E+00
  0.490423E+00  0.282008E+04  0.182800E+04  0.815614E-01  0.813525E-01  0.000000E+00  0.265841E+04  0.265841E+04  0.265841E+04 -0.772972E-02  0.261270E+04  0.246298E+04  0.610308E+00
  0.495486E+00  0.277547E+04  0.179959E+04  0.786428E-01  0.784414E-01  0.000000E+00  0.261644E+04  0.261644E+04  0.261644E+04 -0.760768E-02  0.257143E+04  0.242417E+04  0.594134E+00
  0.500549E+00  0.273188E+04  0.177122E+04  0.758488E-01  0.756545E-01  0.000000E+00  0.257532E+04  0.257532E+04  0.257533E+04 -0.748814E-02  0.253103E+04  0.238602E+04  0.579174E+00
  0.505612E+00  0.268929E+04  0.174302E+04  0.731741E-01  0.729866E-01  0.000000E+00  0.253508E+04  0.253508E+04  0.253508E+04 -0.737113E-02  0.249151E+04  0.234856E+04  0.565186E+00
  0.510675E+00  0.264765E+04  0.171519E+04  0.706138E-01  0.704329E-01  0.000000E+00  0.249569E+04  0.249569E+04  0.249570E+04 -0.725660E-02  0.245283E+04  0.231186E+04  0.551872E+00
  0.515738E+00  0.260696E+04  0.168797E+04  0.681645E-01  0.679900E-01  0.000000E+00  0.245720E+04  0.245720E+04  0.245721E+04 -0.714468E-02  0.241503E+04  0.227599E+04  0.538946E+00
  0.520801E+00  0.256729E+04  0.166161E+04  0.658242E-01  0.656556E-01  0.000000E+00  0.241970E+04  0.241970E+04  0.241970E+04 -0.703564E-02  0.237819E+04  0.224111E+04  0.526201E+00
  0.525864E+00  0.252864E+04  0.163626E+04  0.635887E-01  0.634259E-01  0.000000E+00  0.238322E+04  0.238322E+04  0.238322E+04 -0.692956E-02  0.234235E+04  0.220727E+04  0.513530E+00
  0.530927E+00  0.249096E+04  0.161187E+04  0.614523E-01  0.612949E-01  0.000000E+00  0.234770E+04  0.234770E+04  0.234770E+04 -0.682629E-02  0.230743E+04  0.217440E+04  0.500932E+00
  0.535990E+00  0.245418E+04  0.158835E+04  0.594087E-01  0.592565E-01  0.000000E+00  0.231308E+04  0.231308E+04  0.231309E+04 -0.672563E-02  0.227339E+04  0.214243E+04  0.488485E+00
  0.541053E+00  0.241830E+04  0.156559E+04  0.574528E-01  0.573056E-01  0.000000E+00  0.227934E+04  0.227934E+04  0.227934E+04 -0.662752E-02  0.224021E+04  0.211130E+04  0.476311E+00
  0.546116E+00  0.238329E+04  0.154343E+04  0.555793E-01  0.554369E-01  0.000000E+00  0.224642E+04  0.224642E+04  0.224643E+04 -0.653181E-02  0.220783E+04  0.208094E+04  0.464533E+00
  0.551179E+00  0.234908E+04  0.152171E+04  0.537823E-01  0.536445E-01  0.000000E+00  0.221425E+04  0.221425E+04  0.221425E+04 -0.643825E-02  0.217619E+04  0.205123E+04  0.453244E+00
  0.556242E+00  0.231559E+04  0.150028E+04  0.520564E-01  0.519230E-01  0.000000E+00  0.218272E+04  0.218272E+04  0.218272E+04 -0.634658E-02  0.214520E+04  0.202208E+04  0.442490E+00
  0.561305E+00  0.228280E+04  0.147911E+04  0.503982E-01  0.502691E-01  0.000000E+00  0.215183E+04  0.215183E+04  0.215183E+04 -0.625676E-02  0.211483E+04  0.199347E+04  0.432262E+00
  0.566368E+00  0.225073E+04  0.145823E+04  0.488052E-01  0.486802E-01  0.000000E+00  0.212159E+04  0.212159E+04  0.212159E+04 -0.616882E-02  0.208511E+04  0.196541E+04  0.422507E+00
  0.571431E+00  0.221936E+04  0.143769E+04  0.472746E-01  0.471536E-01  0.000000E+00  0.209197E+04  0.209197E+04  0.209198E+04 -0.608272E-02  0.205602E+04  0.193793E+04  0.413146E+00
  0.576494E+00  0.218863E+04  0.141753E+04  0.458035E-01  0.456861E-01  0.000000E+00  0.206297E+04  0.206297E+04  0.206297E+04 -0.599838E-02  0.202752E+04  0.191099E+04  0.404092E+00
  0.581557E+00  0.215855E+04  0.139781E+04  0.443897E-01  0.442760E-01  0.000000E+00  0.203458E+04  0.203458E+04  0.203458E+04 -0.591584E-02  0.199963E+04  0.188464E+04  0.395271E+00
  0.586620E+00  0.212915E+04  0.137861E+04  0.430318E-01  0.429216E-01  0.000000E+00  0.200684E+04  0.200684E+04  0.200684E+04 -0.583519E-02  0.197237E+04  0.185892E+04  0.386635E+00
  0.591683E+00  0.210041E+04  0.135995E+04  0.417273E-01  0.416204E-01  0.000000E+00  0.197974E+04  0.197974E+04  0.197974E+04 -0.575639E-02  0.194573E+04  0.183381E+04  0.378162E+00
  0.616337E+00  0.196893E+04  0.127537E+04  0.360516E-01  0.359593E-01  0.000000E+00  0.185590E+04  0.185590E+04  0.185590E+04 -0.539631E-02  0.182399E+04  0.171925E+04  0.339739E+00
  0.631147E+00  0.189604E+04  0.122821E+04  0.331073E-01  0.330225E-01  0.000000E+00  0.178721E+04  0.178721E+04  0.178721E+04 -0.519657E-02  0.175648E+04  0.165562E+04  0.319458E+00
  0.652539E+00  0.179798E+04  0.116446E+04  0.293694E-01  0.292942E-01  0.000000E+00  0.169474E+04  0.169474E+04  0.169474E+04 -0.492769E-02  0.166560E+04  0.156991E+04  0.293158E+00
  0.674657E+00  0.170481E+04  0.110427E+04  0.260523E-01  0.259856E-01  0.000000E+00  0.160694E+04  0.160694E+04  0.160694E+04 -0.467242E-02  0.157930E+04  0.148863E+04  0.268697E+00
  0.697525E+00  0.161625E+04  0.104694E+04  0.231063E-01  0.230471E-01  0.000000E+00  0.152347E+04  0.152347E+04  0.152347E+04 -0.442971E-02  0.149726E+04  0.141131E+04  0.246341E+00
  0.721168E+00  0.153206E+04  0.992399E+03  0.204903E-01  0.204378E-01  0.000000E+00  0.144412E+04  0.144412E+04  0.144412E+04 -0.419898E-02  0.141927E+04  0.133780E+04  0.225845E+00
  0.745612E+00  0.145208E+04  0.940637E+03  0.181683E-01  0.181218E-01  0.000000E+00  0.136873E+04  0.136873E+04  0.136873E+04 -0.397978E-02  0.134518E+04  0.126798E+04  0.206981E+00
  0.770884E+00  0.137607E+04  0.891398E+03  0.161070E-01  0.160657E-01  0.000000E+00  0.129709E+04  0.129709E+04  0.129709E+04 -0.377146E-02  0.127476E+04  0.120161E+04  0.189700E+00
  0.797014E+00  0.130387E+04  0.844648E+03  0.142778E-01  0.142412E-01  0.000000E+00  0.122904E+04  0.122904E+04  0.122904E+04 -0.357360E-02  0.120788E+04  0.113858E+04  0.173827E+00
  0.824028E+00  0.123531E+04  0.800253E+03  0.126547E-01  0.126223E-01  0.000000E+00  0.116441E+04  0.116441E+04  0.116441E+04 -0.338570E-02  0.114436E+04  0.107872E+04  0.159265E+00
  0.851959E+00  0.117021E+04  0.758090E+03  0.112148E-01  0.111860E-01  0.000000E+00  0.110305E+04  0.110305E+04  0.110305E+04 -0.320727E-02  0.108405E+04  0.102188E+04  0.145906E+00
  0.880836E+00  0.110839E+04  0.718059E+03  0.993738E-02  0.991192E-02  0.000000E+00  0.104478E+04  0.104478E+04  0.104478E+04 -0.303786E-02  0.102679E+04  0.967903E+03  0.133651E+00
  0.910692E+00  0.104973E+04  0.680066E+03  0.880450E-02  0.878195E-02  0.000000E+00  0.989487E+03  0.989487E+03  0.989488E+03 -0.287707E-02  0.972444E+03  0.916680E+03  0.122412E+00
  0.941560E+00  0.994048E+03  0.644004E+03  0.779983E-02  0.777985E-02  0.000000E+00  0.937004E+03  0.937004E+03  0.937004E+03 -0.272447E-02  0.920862E+03  0.868063E+03  0.112105E+00
  0.973475E+00  0.941207E+03  0.609779E+03  0.690896E-02  0.689127E-02  0.000000E+00  0.887196E+03  0.887196E+03  0.887197E+03 -0.257965E-02  0.871910E+03  0.821924E+03  0.102654E+00
  0.100647E+01  0.891070E+03  0.577305E+03  0.611913E-02  0.610346E-02  0.000000E+00  0.839938E+03  0.839938E+03  0.839938E+03 -0.244224E-02  0.825464E+03  0.778146E+03  0.939889E-01
  0.104058E+01  0.843505E+03  0.546496E+03  0.541895E-02  0.540507E-02  0.000000E+00  0.795103E+03  0.795103E+03  0.795103E+03 -0.231187E-02  0.781400E+03  0.736612E+03  0.860454E-01
  0.107586E+01  0.798384E+03  0.517269E+03  0.479832E-02  0.478603E-02  0.000000E+00  0.752573E+03  0.752573E+03  0.752573E+03 -0.218821E-02  0.739601E+03  0.697214E+03  0.787646E-01
  0.111232E+01  0.755602E+03  0.489558E+03  0.424835E-02  0.423747E-02  0.000000E+00  0.712247E+03  0.712247E+03  0.712247E+03 -0.207096E-02  0.699969E+03  0.659857E+03  0.720924E-01
  0.115002E+01  0.715035E+03  0.463282E+03  0.376101E-02  0.375137E-02  0.000000E+00  0.674009E+03  0.674009E+03  0.674009E+03 -0.195977E-02  0.662389E+03  0.624434E+03  0.659788E-01
  0.118900E+01  0.676572E+03  0.438366E+03  0.332921E-02  0.332068E-02  0.000000E+00  0.637754E+03  0.637754E+03  0.637754E+03 -0.185436E-02  0.626757E+03  0.590848E+03  0.603773E-01
  0.122931E+01  0.640110E+03  0.414746E+03  0.294666E-02  0.293911E-02  0.000000E+00  0.603384E+03  0.603384E+03  0.603384E+03 -0.175442E-02  0.592979E+03  0.559008E+03  0.552456E-01
  0.127097E+01  0.605547E+03  0.392357E+03  0.260779E-02  0.260112E-02  0.000000E+00  0.570805E+03  0.570805E+03  0.570805E+03 -0.165970E-02  0.560961E+03  0.528827E+03  0.505447E-01
  0.131405E+01  0.572792E+03  0.371138E+03  0.230766E-02  0.230175E-02  0.000000E+00  0.539930E+03  0.539930E+03  0.539930E+03 -0.156992E-02  0.530617E+03  0.500224E+03  0.462392E-01
  0.135859E+01  0.541756E+03  0.351033E+03  0.204187E-02  0.203664E-02  0.000000E+00  0.510675E+03  0.510675E+03  0.510675E+03 -0.148486E-02  0.501866E+03  0.473122E+03  0.422963E-01
  0.140464E+01  0.512351E+03  0.331984E+03  0.180651E-02  0.180189E-02  0.000000E+00  0.482958E+03  0.482958E+03  0.482958E+03 -0.140427E-02  0.474626E+03  0.447444E+03  0.386860E-01
  0.145225E+01  0.484494E+03  0.313936E+03  0.159812E-02  0.159403E-02  0.000000E+00  0.456699E+03  0.456699E+03  0.456699E+03 -0.132792E-02  0.448820E+03  0.423118E+03  0.353805E-01
  0.150148E+01  0.458105E+03  0.296840E+03  0.141363E-02  0.141001E-02  0.000000E+00  0.431824E+03  0.431824E+03  0.431824E+03 -0.125559E-02  0.424373E+03  0.400073E+03  0.323543E-01
  0.155237E+01  0.433114E+03  0.280649E+03  0.125032E-02  0.124712E-02  0.000000E+00  0.408268E+03  0.408268E+03  0.408268E+03 -0.118709E-02  0.401222E+03  0.378250E+03  0.295842E-01
  0.160499E+01  0.409449E+03  0.265318E+03  0.110578E-02  0.110295E-02  0.000000E+00  0.385961E+03  0.385961E+03  0.385961E+03 -0.112223E-02  0.379300E+03  0.357584E+03  0.270489E-01
  0.165939E+01  0.387040E+03  0.250800E+03  0.977855E-03  0.975350E-03  0.000000E+00  0.364838E+03  0.364838E+03  0.364838E+03 -0.106082E-02  0.358541E+03  0.338015E+03  0.247286E-01
  0.171563E+01  0.365823E+03  0.237053E+03  0.864647E-03  0.862432E-03  0.000000E+00  0.344838E+03  0.344838E+03  0.344838E+03 -0.100267E-02  0.338886E+03  0.319487E+03  0.226053E-01
  0.177379E+01  0.345739E+03  0.224041E+03  0.764478E-03  0.762520E-03  0.000000E+00  0.325907E+03  0.325907E+03  0.325907E+03 -0.947619E-03  0.320281E+03  0.301948E+03  0.206624E-01
  0.183391E+01  0.326729E+03  0.211724E+03  0.675853E-03  0.674122E-03  0.000000E+00  0.307987E+03  0.307987E+03  0.307987E+03 -0.895515E-03  0.302670E+03  0.285346E+03  0.188850E-01
  0.189607E+01  0.308737E+03  0.200067E+03  0.597451E-03  0.595921E-03  0.000000E+00  0.291028E+03  0.291028E+03  0.291028E+03 -0.846203E-03  0.286003E+03  0.269634E+03  0.172590E-01
  0.196034E+01  0.291711E+03  0.189035E+03  0.528099E-03  0.526746E-03  0.000000E+00  0.274978E+03  0.274978E+03  0.274978E+03 -0.799537E-03  0.270230E+03  0.254765E+03  0.157717E-01
  0.202678E+01  0.275600E+03  0.178597E+03  0.466758E-03  0.465562E-03  0.000000E+00  0.259792E+03  0.259792E+03  0.259792E+03 -0.755382E-03  0.255306E+03  0.240696E+03  0.144114E-01
  0.209548E+01  0.260358E+03  0.168721E+03  0.412507E-03  0.411451E-03  0.000000E+00  0.245425E+03  0.245425E+03  0.245425E+03 -0.713606E-03  0.241186E+03  0.227385E+03  0.131673E-01
  0.216651E+01  0.245938E+03  0.159377E+03  0.364531E-03  0.363597E-03  0.000000E+00  0.231831E+03  0.231831E+03  0.231831E+03 -0.674082E-03  0.227828E+03  0.214791E+03  0.120297E-01
  0.223994E+01  0.232298E+03  0.150539E+03  0.322108E-03  0.321283E-03  0.000000E+00  0.218974E+03  0.218974E+03  0.218974E+03 -0.636697E-03  0.215192E+03  0.202879E+03  0.109894E-01
  0.231586E+01  0.219396E+03  0.142179E+03  0.284600E-03  0.283871E-03  0.000000E+00  0.206813E+03  0.206813E+03  0.206813E+03 -0.601337E-03  0.203240E+03  0.191612E+03  0.100384E-01
  0.239436E+01  0.207196E+03  0.134274E+03  0.251440E-03  0.250796E-03  0.000000E+00  0.195312E+03  0.195312E+03  0.195312E+03 -0.567897E-03  0.191938E+03  0.180957E+03  0.916896E-02
  0.247552E+01  0.195658E+03  0.126798E+03  0.222127E-03  0.221558E-03  0.000000E+00  0.184436E+03  0.184436E+03  0.184436E+03 -0.536274E-03  0.181250E+03  0.170881E+03  0.837420E-02
  0.255943E+01  0.184749E+03  0.119729E+03  0.196216E-03  0.195713E-03  0.000000E+00  0.174153E+03  0.174153E+03  0.174153E+03 -0.506374E-03  0.171144E+03  0.161353E+03  0.764777E-02
  0.264618E+01  0.174435E+03  0.113045E+03  0.173314E-03  0.172870E-03  0.000000E+00  0.164430E+03  0.164430E+03  0.164430E+03 -0.478104E-03  0.161590E+03  0.152345E+03  0.698382E-02
  0.273587E+01  0.164684E+03  0.106727E+03  0.153073E-03  0.152681E-03  0.000000E+00  0.155239E+03  0.155239E+03  0.155239E+03 -0.451379E-03  0.152557E+03  0.143830E+03  0.637706E-02
  0.282860E+01  0.155467E+03  0.100754E+03  0.135187E-03  0.134840E-03  0.000000E+00  0.146550E+03  0.146550E+03  0.146550E+03 -0.426116E-03  0.144018E+03  0.135780E+03  0.582260E-02
  0.292448E+01  0.146755E+03  0.951083E+02  0.119382E-03  0.119076E-03  0.000000E+00  0.138338E+03  0.138338E+03  0.138338E+03 -0.402238E-03  0.135948E+03  0.128171E+03  0.531598E-02
  0.302360E+01  0.138521E+03  0.897729E+02  0.105417E-03  0.105147E-03  0.000000E+00  0.130577E+03  0.130577E+03  0.130577E+03 -0.379671E-03  0.128321E+03  0.120981E+03  0.485311E-02
  0.312609E+01  0.130741E+03  0.847310E+02  0.930791E-04  0.928407E-04  0.000000E+00  0.123243E+03  0.123243E+03  0.123243E+03 -0.358346E-03  0.121113E+03  0.114185E+03  0.443025E-02
  0.323205E+01  0.123388E+03  0.799664E+02  0.821795E-04  0.819690E-04  0.000000E+00  0.116312E+03  0.116312E+03  0.116312E+03 -0.338194E-03  0.114302E+03  0.107764E+03  0.404395E-02
  0.334160E+01  0.116441E+03  0.754644E+02  0.725512E-04  0.723654E-04  0.000000E+00  0.109764E+03  0.109764E+03  0.109764E+03 -0.319153E-03  0.107866E+03  0.101697E+03  0.369109E-02
  0.345486E+01  0.109878E+03  0.712111E+02  0.640466E-04  0.638826E-04  0.000000E+00  0.103577E+03  0.103577E+03  0.103577E+03 -0.301164E-03  0.101786E+03  0.959645E+02  0.336881E-02
  0.357197E+01  0.103678E+03  0.671933E+02  0.565353E-04  0.563905E-04  0.000000E+00  0.977323E+02  0.977323E+02  0.977323E+02 -0.284170E-03  0.960429E+02  0.905496E+02  0.307448E-02
  0.369304E+01  0.978212E+02  0.633978E+02  0.499016E-04  0.497738E-04  0.000000E+00  0.922115E+02  0.922115E+02  0.922115E+02 -0.268118E-03  0.906174E+02  0.854345E+02  0.280568E-02
  0.381821E+01  0.922893E+02  0.598128E+02  0.440434E-04  0.439306E-04  0.000000E+00  0.869968E+02  0.869968E+02  0.869968E+02 -0.252955E-03  0.854928E+02  0.806030E+02  0.256023E-02
  0.394763E+01  0.870645E+02  0.564269E+02  0.388704E-04  0.387708E-04  0.000000E+00  0.820717E+02  0.820717E+02  0.820717E+02 -0.238635E-03  0.806528E+02  0.760398E+02  0.233611E-02
  0.408144E+01  0.821304E+02  0.532292E+02  0.343028E-04  0.342149E-04  0.000000E+00  0.774206E+02  0.774206E+02  0.774206E+02 -0.225111E-03  0.760821E+02  0.717305E+02  0.213148E-02
  0.421978E+01  0.774712E+02  0.502097E+02  0.302701E-04  0.301925E-04  0.000000E+00  0.730286E+02  0.730286E+02  0.730286E+02 -0.212341E-03  0.717659E+02  0.676611E+02  0.194466E-02
  0.436281E+01  0.730718E+02  0.473586E+02  0.267098E-04  0.266414E-04  0.000000E+00  0.688815E+02  0.688815E+02  0.688815E+02 -0.200282E-03  0.676905E+02  0.638188E+02  0.177412E-02
  0.451069E+01  0.689179E+02  0.446666E+02  0.235668E-04  0.235065E-04  0.000000E+00  0.649658E+02  0.649658E+02  0.649658E+02 -0.188897E-03  0.638425E+02  0.601908E+02  0.161844E-02
  0.466358E+01  0.649962E+02  0.421250E+02  0.207924E-04  0.207392E-04  0.000000E+00  0.612691E+02  0.612691E+02  0.612691E+02 -0.178148E-03  0.602096E+02  0.567657E+02  0.147633E-02
  0.482165E+01  0.612941E+02  0.397256E+02  0.183435E-04  0.182966E-04  0.000000E+00  0.577792E+02  0.577792E+02  0.577792E+02 -0.168001E-03  0.567801E+02  0.535322E+02  0.134664E-02
  0.498508E+01  0.577996E+02  0.374609E+02  0.161822E-04  0.161407E-04  0.000000E+00  0.544851E+02  0.544851E+02  0.544851E+02 -0.158423E-03  0.535429E+02  0.504801E+02  0.122827E-02
  0.515405E+01  0.545011E+02  0.353231E+02  0.142746E-04  0.142381E-04  0.000000E+00  0.513758E+02  0.513758E+02  0.513758E+02 -0.149382E-03  0.504873E+02  0.475992E+02  0.112025E-02
  0.532875E+01  0.513878E+02  0.333054E+02  0.125912E-04  0.125590E-04  0.000000E+00  0.484411E+02  0.484411E+02  0.484411E+02 -0.140849E-03  0.476033E+02  0.448801E+02  0.102167E-02
  0.550937E+01  0.484497E+02  0.314012E+02  0.111057E-04  0.110773E-04  0.000000E+00  0.456714E+02  0.456714E+02  0.456714E+02 -0.132796E-03  0.448815E+02  0.423138E+02  0.931723E-03
  0.569611E+01  0.456771E+02  0.296042E+02  0.979492E-05  0.976983E-05  0.000000E+00  0.430578E+02  0.430578E+02  0.430578E+02 -0.125196E-03  0.423131E+02  0.398922E+02  0.849654E-03
  0.588918E+01  0.430608E+02  0.279086E+02  0.863837E-05  0.861625E-05  0.000000E+00  0.405915E+02  0.405915E+02  0.405915E+02 -0.118025E-03  0.398894E+02  0.376071E+02  0.774777E-03
  0.608879E+01  0.405920E+02  0.263085E+02  0.761795E-05  0.759844E-05  0.000000E+00  0.382643E+02  0.382643E+02  0.382643E+02 -0.111259E-03  0.376025E+02  0.354509E+02  0.706464E-03
  0.629517E+01  0.382628E+02  0.247989E+02  0.671772E-05  0.670052E-05  0.000000E+00  0.360687E+02  0.360687E+02  0.360687E+02 -0.104875E-03  0.354448E+02  0.334165E+02  0.644145E-03
  0.650855E+01  0.360654E+02  0.233747E+02  0.592356E-05  0.590839E-05  0.000000E+00  0.339973E+02  0.339973E+02  0.339973E+02 -0.988518E-04  0.334092E+02  0.314972E+02  0.587298E-03
  0.672916E+01  0.339924E+02  0.220311E+02  0.522301E-05  0.520964E-05  0.000000E+00  0.320431E+02  0.320431E+02  0.320431E+02 -0.931698E-04  0.314889E+02  0.296866E+02  0.535445E-03
  0.695724E+01  0.320368E+02  0.207637E+02  0.460507E-05  0.459328E-05  0.000000E+00  0.301997E+02  0.301997E+02  0.301997E+02 -0.878099E-04  0.296773E+02  0.279785E+02  0.488148E-03
  0.719306E+01  0.301923E+02  0.195681E+02  0.406003E-05  0.404964E-05  0.000000E+00  0.284609E+02  0.284609E+02  0.284609E+02 -0.827540E-04  0.279686E+02  0.263674E+02  0.445012E-03
  0.743687E+01  0.284525E+02  0.184405E+02  0.357933E-05  0.357016E-05  0.000000E+00  0.268209E+02  0.268209E+02  0.268209E+02 -0.779855E-04  0.263570E+02  0.248479E+02  0.405671E-03
  0.768894E+01  0.268116E+02  0.173770E+02  0.315538E-05  0.314730E-05  0.000000E+00  0.252741E+02  0.252741E+02  0.252741E+02 -0.734880E-04  0.248369E+02  0.234147E+02  0.369794E-03
  0.794956E+01  0.252641E+02  0.163740E+02  0.278150E-05  0.277438E-05  0.000000E+00  0.238154E+02  0.238154E+02  0.238154E+02 -0.692465E-04  0.234034E+02  0.220630E+02  0.337077E-03
  0.821901E+01  0.238048E+02  0.154281E+02  0.245181E-05  0.244553E-05  0.000000E+00  0.224397E+02  0.224397E+02  0.224397E+02 -0.652466E-04  0.220516E+02  0.207884E+02  0.307245E-03
  0.849759E+01  0.224287E+02  0.145362E+02  0.216110E-05  0.215556E-05  0.000000E+00  0.211426E+02  0.211426E+02  0.211426E+02 -0.614749E-04  0.207768E+02  0.195865E+02  0.280043E-03
  0.878562E+01  0.211312E+02  0.136952E+02  0.190476E-05  0.189988E-05  0.000000E+00  0.199194E+02  0.199194E+02  0.199194E+02 -0.579184E-04  0.195748E+02  0.184531E+02  0.255240E-03
  0.908341E+01  0.199078E+02  0.129022E+02  0.167875E-05  0.167445E-05  0.000000E+00  0.187661E+02  0.187661E+02  0.187661E+02 -0.545651E-04  0.184415E+02  0.173845E+02  0.232627E-03
  0.939129E+01  0.187543E+02  0.121546E+02  0.147948E-05  0.147570E-05  0.000000E+00  0.176788E+02  0.176788E+02  0.176788E+02 -0.514036E-04  0.173730E+02  0.163770E+02  0.212012E-03
  0.970961E+01  0.176669E+02  0.114497E+02  0.130381E-05  0.130048E-05  0.000000E+00  0.166537E+02  0.166537E+02  0.166537E+02 -0.484230E-04  0.163657E+02  0.154272E+02  0.193218E-03
  0.100387E+02  0.166418E+02  0.107852E+02  0.114895E-05  0.114601E-05  0.000000E+00  0.156874E+02  0.156874E+02  0.156874E+02 -0.456132E-04  0.154160E+02  0.145318E+02  0.176085E-03
  0.103790E+02  0.156754E+02  0.101589E+02  0.101244E-05  0.100984E-05  0.000000E+00  0.147765E+02  0.147765E+02  0.147765E+02 -0.429646E-04  0.145209E+02  0.136878E+02  0.160468E-03
  0.107308E+02  0.147646E+02  0.956848E+01  0.892103E-06  0.889819E-06  0.000000E+00  0.139178E+02  0.139178E+02  0.139178E+02 -0.404679E-04  0.136771E+02  0.128921E+02  0.146232E-03
  0.110945E+02  0.139060E+02  0.901197E+01  0.786037E-06  0.784024E-06  0.000000E+00  0.131085E+02  0.131085E+02  0.131085E+02 -0.381147E-04  0.128817E+02  0.121422E+02  0.133257E-03
  0.114706E+02  0.130968E+02  0.848746E+01  0.692552E-06  0.690779E-06  0.000000E+00  0.123457E+02  0.123457E+02  0.123457E+02 -0.358967E-04  0.121321E+02  0.114354E+02  0.121430E-03
  0.118593E+02  0.123342E+02  0.799313E+01  0.610159E-06  0.608597E-06  0.000000E+00  0.116268E+02  0.116268E+02  0.116268E+02 -0.338064E-04  0.114257E+02  0.107693E+02  0.110652E-03
  0.122613E+02  0.116155E+02  0.752725E+01  0.537545E-06  0.536169E-06  0.000000E+00  0.109493E+02  0.109493E+02  0.109493E+02 -0.318365E-04  0.107599E+02  0.101415E+02  0.100828E-03
  0.126769E+02  0.109382E+02  0.708824E+01  0.473554E-06  0.472341E-06  0.000000E+00  0.103108E+02  0.103108E+02  0.103108E+02 -0.299801E-04  0.101325E+02  0.954988E+01  0.918760E-04
  0.131066E+02  0.103000E+02  0.667454E+01  0.417162E-06  0.416094E-06  0.000000E+00  0.970917E+01  0.970917E+01  0.970917E+01 -0.282307E-04  0.954126E+01  0.899240E+01  0.837177E-04
  0.135509E+02  0.969861E+01  0.628472E+01  0.367471E-06  0.366530E-06  0.000000E+00  0.914227E+01  0.914227E+01  0.914227E+01 -0.265824E-04  0.898418E+01  0.846711E+01  0.762834E-04
  0.140102E+02  0.913199E+01  0.591743E+01  0.323686E-06  0.322857E-06  0.000000E+00  0.860813E+01  0.860813E+01  0.860813E+01 -0.250293E-04  0.845928E+01  0.797216E+01  0.695089E-04
  0.144850E+02  0.859812E+01  0.557136E+01  0.285106E-06  0.284376E-06  0.000000E+00  0.810487E+01  0.810487E+01  0.810487E+01 -0.235660E-04  0.796473E+01  0.750582E+01  0.633360E-04
  0.149760E+02  0.809515E+01  0.524533E+01  0.251115E-06  0.250472E-06  0.000000E+00  0.763073E+01  0.763073E+01  0.763073E+01 -0.221874E-04  0.749880E+01  0.706648E+01  0.577114E-04
  0.154836E+02  0.762130E+01  0.493817E+01  0.221168E-06  0.220602E-06  0.000000E+00  0.718405E+01  0.718405E+01  0.718405E+01 -0.208886E-04  0.705985E+01  0.665257E+01  0.525865E-04
  0.160084E+02  0.717491E+01  0.464880E+01  0.194784E-06  0.194286E-06  0.000000E+00  0.676325E+01  0.676325E+01  0.676325E+01 -0.196651E-04  0.664634E+01  0.626264E+01  0.479172E-04
  0.165511E+02  0.675442E+01  0.437623E+01  0.171541E-06  0.171102E-06  0.000000E+00  0.636686E+01  0.636686E+01  0.636686E+01 -0.185125E-04  0.625682E+01  0.589533E+01  0.436629E-04
  0.171121E+02  0.635833E+01  0.411946E+01  0.151066E-06  0.150680E-06  0.000000E+00  0.599348E+01  0.599348E+01  0.599348E+01 -0.174269E-04  0.588989E+01  0.554933E+01  0.397870E-04
  0.176921E+02  0.598525E+01  0.387761E+01  0.133030E-06  0.132690E-06  0.000000E+00  0.564178E+01  0.564178E+01  0.564178E+01 -0.164042E-04  0.554429E+01  0.522343E+01  0.362559E-04
  0.182917E+02  0.563384E+01  0.364981E+01  0.117143E-06  0.116843E-06  0.000000E+00  0.531052E+01  0.531052E+01  0.531052E+01 -0.154411E-04  0.521876E+01  0.491647E+01  0.330389E-04
  0.189117E+02  0.530288E+01  0.343527E+01  0.103149E-06  0.102885E-06  0.000000E+00  0.499853E+01  0.499853E+01  0.499853E+01 -0.145339E-04  0.491217E+01  0.462735E+01  0.301082E-04
  0.195528E+02  0.499118E+01  0.323320E+01  0.908237E-07  0.905913E-07  0.000000E+00  0.470469E+01  0.470469E+01  0.470469E+01 -0.136795E-04  0.462343E+01  0.435507E+01  0.274384E-04
  0.202155E+02  0.469763E+01  0.304291E+01  0.799682E-07  0.797635E-07  0.000000E+00  0.442797E+01  0.442797E+01  0.442797E+01 -0.128749E-04  0.435150E+01  0.409864E+01  0.250062E-04
  0.209007E+02  0.442120E+01  0.286370E+01  0.704076E-07  0.702275E-07  0.000000E+00  0.416738E+01  0.416738E+01  0.416738E+01 -0.121172E-04  0.409542E+01  0.385715E+01  0.227907E-04
  0.216091E+02  0.416088E+01  0.269495E+01  0.619878E-07  0.618292E-07  0.000000E+00  0.392199E+01  0.392199E+01  0.392199E+01 -0.114037E-04  0.385428E+01  0.362975E+01  0.207724E-04
  0.223416E+02  0.391576E+01  0.253604E+01  0.545730E-07  0.544334E-07  0.000000E+00  0.369092E+01  0.369092E+01  0.369092E+01 -0.107319E-04  0.362721E+01  0.341562E+01  0.189339E-04
  0.230989E+02  0.368495E+01  0.238641E+01  0.480434E-07  0.479205E-07  0.000000E+00  0.347334E+01  0.347334E+01  0.347334E+01 -0.100992E-04  0.341340E+01  0.321398E+01  0.172591E-04
  0.238818E+02  0.346763E+01  0.224553E+01  0.422936E-07  0.421855E-07  0.000000E+00  0.326848E+01  0.326848E+01  0.326848E+01 -0.950354E-05  0.321209E+01  0.302413E+01  0.157336E-04
  0.246913E+02  0.326302E+01  0.211287E+01  0.372307E-07  0.371354E-07  0.000000E+00  0.307559E+01  0.307559E+01  0.307559E+01 -0.894270E-05  0.302254E+01  0.284538E+01  0.143439E-04
  0.255282E+02  0.307038E+01  0.198799E+01  0.327727E-07  0.326889E-07  0.000000E+00  0.289399E+01  0.289399E+01  0.289399E+01 -0.841468E-05  0.284409E+01  0.267709E+01  0.130781E-04
  0.263935E+02  0.288902E+01  0.187041E+01  0.288475E-07  0.287737E-07  0.000000E+00  0.272302E+01  0.272302E+01  0.272302E+01 -0.791756E-05  0.267608E+01  0.251865E+01  0.119250E-04
  0.272881E+02  0.271828E+01  0.175972E+01  0.253916E-07  0.253267E-07  0.000000E+00  0.256207E+01  0.256207E+01  0.256207E+01 -0.744957E-05  0.251792E+01  0.236948E+01  0.108746E-04
  0.282130E+02  0.255755E+01  0.165551E+01  0.223489E-07  0.222918E-07  0.000000E+00  0.241055E+01  0.241055E+01  0.241055E+01 -0.700902E-05  0.236903E+01  0.222906E+01  0.991783E-05
  0.291693E+02  0.240625E+01  0.155742E+01  0.196702E-07  0.196199E-07  0.000000E+00  0.226792E+01  0.226792E+01  0.226792E+01 -0.659430E-05  0.222887E+01  0.209688E+01  0.904625E-05
  0.301580E+02  0.226383E+01  0.146508E+01  0.173120E-07  0.172677E-07  0.000000E+00  0.213366E+01  0.213366E+01  0.213366E+01 -0.620392E-05  0.209694E+01  0.197245E+01  0.825230E-05
  0.311802E+02  0.212977E+01  0.137816E+01  0.152360E-07  0.151970E-07  0.000000E+00  0.200729E+01  0.200729E+01  0.200729E+01 -0.583646E-05  0.197275E+01  0.185532E+01  0.752904E-05
  0.322370E+02  0.200359E+01  0.129635E+01  0.134085E-07  0.133742E-07  0.000000E+00  0.188834E+01  0.188834E+01  0.188834E+01 -0.549060E-05  0.185586E+01  0.174508E+01  0.687016E-05
  0.333297E+02  0.188483E+01  0.121935E+01  0.117998E-07  0.117697E-07  0.000000E+00  0.177638E+01  0.177638E+01  0.177638E+01 -0.516507E-05  0.174585E+01  0.164131E+01  0.626993E-05
  0.344594E+02  0.177305E+01  0.114688E+01  0.103838E-07  0.103573E-07  0.000000E+00  0.167101E+01  0.167101E+01  0.167101E+01 -0.485869E-05  0.164230E+01  0.154365E+01  0.572310E-05
  0.356274E+02  0.166785E+01  0.107867E+01  0.913741E-08  0.911407E-08  0.000000E+00  0.157184E+01  0.157184E+01  0.157184E+01 -0.457034E-05  0.154485E+01  0.145174E+01  0.522491E-05
  0.368350E+02  0.156885E+01  0.101448E+01  0.804036E-08  0.801984E-08  0.000000E+00  0.147851E+01  0.147851E+01  0.147851E+01 -0.429897E-05  0.145314E+01  0.136523E+01  0.477101E-05
  0.380836E+02  0.147568E+01  0.954068E+00  0.707481E-08  0.705675E-08  0.000000E+00  0.139068E+01  0.139068E+01  0.139068E+01 -0.404359E-05  0.136683E+01  0.128382E+01  0.435745E-05
  0.393744E+02  0.138801E+01  0.897218E+00  0.622500E-08  0.620912E-08  0.000000E+00  0.130803E+01  0.130803E+01  0.130803E+01 -0.380326E-05  0.128561E+01  0.120721E+01  0.398062E-05
  0.407090E+02  0.130550E+01  0.843720E+00  0.547710E-08  0.546312E-08  0.000000E+00  0.123025E+01  0.123025E+01  0.123025E+01 -0.357711E-05  0.120918E+01  0.113512E+01  0.363725E-05
  0.420889E+02  0.122787E+01  0.793378E+00  0.481890E-08  0.480660E-08  0.000000E+00  0.115706E+01  0.115706E+01  0.115706E+01 -0.336431E-05  0.113726E+01  0.106727E+01  0.332433E-05
  0.435155E+02  0.115481E+01  0.746008E+00  0.423966E-08  0.422884E-08  0.000000E+00  0.108819E+01  0.108819E+01  0.108819E+01 -0.316407E-05  0.106959E+01  0.100344E+01  0.303916E-05
  0.449904E+02  0.108608E+01  0.701436E+00  0.372992E-08  0.372041E-08  0.000000E+00  0.102340E+01  0.102340E+01  0.102340E+01 -0.297566E-05  0.100592E+01  0.943370E+00  0.277925E-05
  0.465154E+02  0.102141E+01  0.659497E+00  0.328137E-08  0.327301E-08  0.000000E+00  0.962428E+00  0.962428E+00  0.962428E+00 -0.279839E-05  0.946007E+00  0.886852E+00  0.254235E-05
  0.480920E+02  0.960557E+00  0.620038E+00  0.288666E-08  0.287931E-08  0.000000E+00  0.905065E+00  0.905065E+00  0.905065E+00 -0.263160E-05  0.889639E+00  0.833675E+00  0.232639E-05
  0.497221E+02  0.903310E+00  0.582912E+00  0.253936E-08  0.253289E-08  0.000000E+00  0.851097E+00  0.851097E+00  0.851097E+00 -0.247468E-05  0.836607E+00  0.783643E+00  0.212952E-05
  0.514074E+02  0.849451E+00  0.547984E+00  0.223376E-08  0.222808E-08  0.000000E+00  0.800323E+00  0.800323E+00  0.800323E+00 -0.232705E-05  0.786714E+00  0.736571E+00  0.195001E-05
  0.531499E+02  0.798782E+00  0.515123E+00  0.196488E-08  0.195988E-08  0.000000E+00  0.752556E+00  0.752556E+00  0.752556E+00 -0.218816E-05  0.739776E+00  0.692285E+00  0.178633E-05
  0.549514E+02  0.751115E+00  0.484209E+00  0.172831E-08  0.172391E-08  0.000000E+00  0.707619E+00  0.707619E+00  0.707619E+00 -0.205750E-05  0.695620E+00  0.650621E+00  0.163705E-05
  0.568140E+02  0.706275E+00  0.455126E+00  0.152017E-08  0.151631E-08  0.000000E+00  0.665347E+00  0.665347E+00  0.665347E+00 -0.193459E-05  0.654081E+00  0.611427E+00  0.150090E-05
  0.587397E+02  0.664094E+00  0.427768E+00  0.133705E-08  0.133366E-08  0.000000E+00  0.625581E+00  0.625581E+00  0.625581E+00 -0.181896E-05  0.615006E+00  0.574555E+00  0.137669E-05
  0.607307E+02  0.624416E+00  0.402032E+00  0.117595E-08  0.117297E-08  0.000000E+00  0.588175E+00  0.588175E+00  0.588175E+00 -0.171020E-05  0.578249E+00  0.539870E+00  0.126337E-05
  0.627892E+02  0.587093E+00  0.377824E+00  0.103423E-08  0.103161E-08  0.000000E+00  0.552990E+00  0.552990E+00  0.552990E+00 -0.160789E-05  0.543675E+00  0.507243E+00  0.115996E-05
  0.649174E+02  0.551987E+00  0.355052E+00  0.909559E-09  0.907252E-09  0.000000E+00  0.519894E+00  0.519894E+00  0.519894E+00 -0.151166E-05  0.511154E+00  0.476552E+00  0.106557E-05
  0.671178E+02  0.518968E+00  0.333633E+00  0.799887E-09  0.797859E-09  0.000000E+00  0.488765E+00  0.488765E+00  0.488765E+00 -0.142115E-05  0.480565E+00  0.447684E+00  0.979408E-06
  0.693928E+02  0.487911E+00  0.313486E+00  0.703414E-09  0.701633E-09  0.000000E+00  0.459486E+00  0.459486E+00  0.459486E+00 -0.133602E-05  0.451795E+00  0.420530E+00  0.900733E-06
  0.717449E+02  0.458701E+00  0.294537E+00  0.618556E-09  0.616990E-09  0.000000E+00  0.431949E+00  0.431949E+00  0.431949E+00 -0.125595E-05  0.424736E+00  0.394990E+00  0.828880E-06
  0.741767E+02  0.431230E+00  0.276715E+00  0.543915E-09  0.542539E-09  0.000000E+00  0.406049E+00  0.406049E+00  0.406049E+00 -0.118064E-05  0.399287E+00  0.370968E+00  0.763241E-06
  0.766909E+02  0.405393E+00  0.259952E+00  0.478263E-09  0.477055E-09  0.000000E+00  0.381692E+00  0.381692E+00  0.381692E+00 -0.110982E-05  0.375353E+00  0.348374E+00  0.703262E-06
  0.792903E+02  0.381096E+00  0.244188E+00  0.420520E-09  0.419459E-09  0.000000E+00  0.358785E+00  0.358785E+00  0.358785E+00 -0.104322E-05  0.352844E+00  0.327125E+00  0.648441E-06
  0.819779E+02  0.358245E+00  0.229361E+00  0.369735E-09  0.368803E-09  0.000000E+00  0.337242E+00  0.337242E+00  0.337242E+00 -0.980578E-06  0.331676E+00  0.307141E+00  0.598318E-06
  0.847565E+02  0.336757E+00  0.215418E+00  0.325071E-09  0.324252E-09  0.000000E+00  0.316983E+00  0.316983E+00  0.316983E+00 -0.921673E-06  0.311769E+00  0.288347E+00  0.552477E-06
  0.876294E+02  0.316550E+00  0.202306E+00  0.285791E-09  0.285072E-09  0.000000E+00  0.297933E+00  0.297933E+00  0.297933E+00 -0.866280E-06  0.293050E+00  0.270672E+00  0.510537E-06
  0.905996E+02  0.297549E+00  0.189975E+00  0.251247E-09  0.250616E-09  0.000000E+00  0.280018E+00  0.280018E+00  0.280018E+00 -0.814191E-06  0.275447E+00  0.254050E+00  0.472153E-06
  0.936705E+02  0.279681E+00  0.178379E+00  0.220870E-09  0.220315E-09  0.000000E+00  0.263173E+00  0.263173E+00  0.263173E+00 -0.765211E-06  0.258895E+00  0.238419E+00  0.437008E-06
  0.968454E+02  0.262880E+00  0.167475E+00  0.194157E-09  0.193670E-09  0.000000E+00  0.247333E+00  0.247333E+00  0.247333E+00 -0.719154E-06  0.243331E+00  0.223720E+00  0.404818E-06
  0.100128E+03  0.247083E+00  0.157221E+00  0.170667E-09  0.170240E-09  0.000000E+00  0.232439E+00  0.232439E+00  0.232439E+00 -0.675848E-06  0.228696E+00  0.209898E+00  0.375320E-06
  0.103522E+03  0.232229E+00  0.147580E+00  0.150013E-09  0.149638E-09  0.000000E+00  0.218435E+00  0.218435E+00  0.218435E+00 -0.635129E-06  0.214936E+00  0.196901E+00  0.348276E-06
  0.107031E+03  0.218264E+00  0.138514E+00  0.131852E-09  0.131523E-09  0.000000E+00  0.205267E+00  0.205267E+00  0.205267E+00 -0.596843E-06  0.201998E+00  0.184680E+00  0.323471E-06
  0.110659E+03  0.205133E+00  0.129990E+00  0.115885E-09  0.115596E-09  0.000000E+00  0.192887E+00  0.192887E+00  0.192887E+00 -0.560847E-06  0.189834E+00  0.173189E+00  0.300707E-06
  0.114409E+03  0.192788E+00  0.121975E+00  0.101846E-09  0.101593E-09  0.000000E+00  0.181248E+00  0.181248E+00  0.181248E+00 -0.527004E-06  0.178397E+00  0.162384E+00  0.279805E-06
  0.118287E+03  0.181181E+00  0.114439E+00  0.895032E-10  0.892812E-10  0.000000E+00  0.170305E+00  0.170305E+00  0.170305E+00 -0.495185E-06  0.167645E+00  0.152225E+00  0.260602E-06
  0.122297E+03  0.170270E+00  0.107354E+00  0.786522E-10  0.784576E-10  0.000000E+00  0.160017E+00  0.160017E+00  0.160017E+00 -0.465271E-06  0.157536E+00  0.142674E+00  0.242947E-06
  0.126442E+03  0.160012E+00  0.100693E+00  0.691131E-10  0.689425E-10  0.000000E+00  0.150345E+00  0.150345E+00  0.150345E+00 -0.437148E-06  0.148033E+00  0.133694E+00  0.226707E-06
  0.130728E+03  0.150368E+00  0.944302E-01  0.607275E-10  0.605780E-10  0.000000E+00  0.141252E+00  0.141252E+00  0.141252E+00 -0.410710E-06  0.139099E+00  0.125252E+00  0.211758E-06
  0.135159E+03  0.141302E+00  0.885425E-01  0.533562E-10  0.532252E-10  0.000000E+00  0.132704E+00  0.132704E+00  0.132704E+00 -0.385856E-06  0.130700E+00  0.117315E+00  0.197987E-06
  0.139740E+03  0.132780E+00  0.830074E-01  0.468769E-10  0.467621E-10  0.000000E+00  0.124669E+00  0.124669E+00  0.124669E+00 -0.362493E-06  0.122805E+00  0.109853E+00  0.185291E-06
  0.144476E+03  0.124769E+00  0.778039E-01  0.411818E-10  0.410813E-10  0.000000E+00  0.117116E+00  0.117116E+00  0.117116E+00 -0.340530E-06  0.115383E+00  0.102839E+00  0.173578E-06
  0.149373E+03  0.117239E+00  0.729124E-01  0.361763E-10  0.360882E-10  0.000000E+00  0.110015E+00  0.110015E+00  0.110015E+00 -0.319884E-06  0.108407E+00  0.962455E-01  0.162763E-06
  0.154437E+03  0.110160E+00  0.683141E-01  0.317769E-10  0.316999E-10  0.000000E+00  0.103341E+00  0.103341E+00  0.103341E+00 -0.300478E-06  0.101849E+00  0.900477E-01  0.152768E-06
  0.159671E+03  0.103507E+00  0.639918E-01  0.279106E-10  0.278433E-10  0.000000E+00  0.970672E-01  0.970672E-01  0.970672E-01 -0.282236E-06  0.956850E-01  0.842220E-01  0.143522E-06
  0.165083E+03  0.972528E-01  0.599288E-01  0.245130E-10  0.244540E-10  0.000000E+00  0.911703E-01  0.911703E-01  0.911703E-01 -0.265090E-06  0.898912E-01  0.787464E-01  0.134962E-06
  0.170679E+03  0.913746E-01  0.561099E-01  0.215272E-10  0.214757E-10  0.000000E+00  0.856277E-01  0.856277E-01  0.856277E-01 -0.248974E-06  0.844454E-01  0.736002E-01  0.127029E-06
  0.176464E+03  0.858497E-01  0.525204E-01  0.189036E-10  0.188586E-10  0.000000E+00  0.804182E-01  0.804182E-01  0.804182E-01 -0.233827E-06  0.793268E-01  0.687637E-01  0.119669E-06
  0.182445E+03  0.806569E-01  0.491467E-01  0.165984E-10  0.165590E-10  0.000000E+00  0.755219E-01  0.755219E-01  0.755219E-01 -0.219590E-06  0.745160E-01  0.642186E-01  0.112835E-06
  0.188629E+03  0.757764E-01  0.459759E-01  0.145729E-10  0.145386E-10  0.000000E+00  0.709201E-01  0.709201E-01  0.709201E-01 -0.206210E-06  0.699945E-01  0.599476E-01  0.106480E-06
  0.195023E+03  0.711896E-01  0.429960E-01  0.127935E-10  0.127635E-10  0.000000E+00  0.665951E-01  0.665951E-01  0.665951E-01 -0.193634E-06  0.657450E-01  0.559346E-01  0.100566E-06
  0.201633E+03  0.668788E-01  0.401956E-01  0.112302E-10  0.112041E-10  0.000000E+00  0.625304E-01  0.625304E-01  0.625304E-01 -0.181816E-06  0.617513E-01  0.521642E-01  0.950542E-07
  0.208467E+03  0.628274E-01  0.375641E-01  0.985699E-11  0.983417E-11  0.000000E+00  0.587105E-01  0.587105E-01  0.587105E-01 -0.170709E-06  0.579979E-01  0.486221E-01  0.899123E-07
  0.215533E+03  0.590201E-01  0.350914E-01  0.865076E-11  0.863087E-11  0.000000E+00  0.551206E-01  0.551206E-01  0.551206E-01 -0.160271E-06  0.544706E-01  0.452948E-01  0.851092E-07
  0.222839E+03  0.554421E-01  0.327680E-01  0.759129E-11  0.757397E-11  0.000000E+00  0.517471E-01  0.517471E-01  0.517471E-01 -0.150462E-06  0.511558E-01  0.421697E-01  0.806170E-07
  0.230392E+03  0.520797E-01  0.305851E-01  0.666081E-11  0.664573E-11  0.000000E+00  0.485769E-01  0.485769E-01  0.485769E-01 -0.141244E-06  0.480408E-01  0.392349E-01  0.764100E-07
  0.238201E+03  0.489200E-01  0.285345E-01  0.584366E-11  0.583055E-11  0.000000E+00  0.455979E-01  0.455979E-01  0.455979E-01 -0.132582E-06  0.451135E-01  0.364793E-01  0.724650E-07
  0.246275E+03  0.459508E-01  0.266081E-01  0.512611E-11  0.511471E-11  0.000000E+00  0.427987E-01  0.427987E-01  0.427987E-01 -0.124443E-06  0.423628E-01  0.338922E-01  0.687606E-07
  0.254623E+03  0.431607E-01  0.247987E-01  0.449607E-11  0.448617E-11  0.000000E+00  0.401684E-01  0.401684E-01  0.401684E-01 -0.116795E-06  0.397781E-01  0.314640E-01  0.652776E-07
  0.263253E+03  0.405389E-01  0.230994E-01  0.394292E-11  0.393432E-11  0.000000E+00  0.376969E-01  0.376969E-01  0.376969E-01 -0.109609E-06  0.373493E-01  0.291852E-01  0.619981E-07
  0.272176E+03  0.380754E-01  0.215036E-01  0.345731E-11  0.344986E-11  0.000000E+00  0.353748E-01  0.353748E-01  0.353748E-01 -0.102857E-06  0.350671E-01  0.270473E-01  0.589059E-07
  0.281402E+03  0.357606E-01  0.200054E-01  0.303106E-11  0.302460E-11  0.000000E+00  0.331931E-01  0.331931E-01  0.331931E-01 -0.965135E-07  0.329228E-01  0.250421E-01  0.559864E-07
  0.290940E+03  0.335856E-01  0.185988E-01  0.265693E-11  0.265135E-11  0.000000E+00  0.311433E-01  0.311433E-01  0.311433E-01 -0.905535E-07  0.309080E-01  0.231620E-01  0.532259E-07
  0.300801E+03  0.315420E-01  0.172787E-01  0.232860E-11  0.232377E-11  0.000000E+00  0.292176E-01  0.292176E-01  0.292176E-01 -0.849543E-07  0.290150E-01  0.213997E-01  0.506122E-07
  0.310997E+03  0.296219E-01  0.160398E-01  0.204049E-11  0.203632E-11  0.000000E+00  0.274085E-01  0.274085E-01  0.274085E-01 -0.796941E-07  0.272365E-01  0.197486E-01  0.481341E-07
  0.321538E+03  0.278179E-01  0.148775E-01  0.178771E-11  0.178411E-11  0.000000E+00  0.257091E-01  0.257091E-01  0.257091E-01 -0.747527E-07  0.255656E-01  0.182023E-01  0.457812E-07
  0.332437E+03  0.261230E-01  0.137873E-01  0.156595E-11  0.156286E-11  0.000000E+00  0.241127E-01  0.241127E-01  0.241127E-01 -0.701110E-07  0.239958E-01  0.167549E-01  0.435442E-07
  0.343705E+03  0.245306E-01  0.127651E-01  0.137143E-11  0.136877E-11  0.000000E+00  0.226132E-01  0.226132E-01  0.226132E-01 -0.657511E-07  0.225211E-01  0.154009E-01  0.414145E-07
  0.355355E+03  0.230345E-01  0.118068E-01  0.120084E-11  0.119856E-11  0.000000E+00  0.212048E-01  0.212048E-01  0.212048E-01 -0.616559E-07  0.211357E-01  0.141350E-01  0.393845E-07
  0.367399E+03  0.216290E-01  0.109089E-01  0.105125E-11  0.104930E-11  0.000000E+00  0.198821E-01  0.198821E-01  0.198821E-01 -0.578098E-07  0.198343E-01  0.129524E-01  0.374468E-07
  0.379853E+03  0.203087E-01  0.100679E-01  0.920106E-12  0.918430E-12  0.000000E+00  0.186398E-01  0.186398E-01  0.186398E-01 -0.541978E-07  0.186118E-01  0.118485E-01  0.355952E-07
  0.392728E+03  0.190683E-01  0.928060E-02  0.805144E-12  0.803712E-12  0.000000E+00  0.174732E-01  0.174732E-01  0.174732E-01 -0.508058E-07  0.174635E-01  0.108190E-01  0.338238E-07
  0.406039E+03  0.179030E-01  0.854387E-02  0.704389E-12  0.703169E-12  0.000000E+00  0.163778E-01  0.163778E-01  0.163778E-01 -0.476208E-07  0.163850E-01  0.985979E-02  0.321271E-07
  0.419802E+03  0.168084E-01  0.785490E-02  0.616103E-12  0.615065E-12  0.000000E+00  0.153493E-01  0.153493E-01  0.153493E-01 -0.446303E-07  0.153720E-01  0.896719E-02  0.305004E-07
  0.434031E+03  0.157802E-01  0.721102E-02  0.538759E-12  0.537878E-12  0.000000E+00  0.143837E-01  0.143837E-01  0.143837E-01 -0.418227E-07  0.144205E-01  0.813761E-02  0.289393E-07
  0.448743E+03  0.148144E-01  0.660973E-02  0.471016E-12  0.470269E-12  0.000000E+00  0.134773E-01  0.134773E-01  0.134773E-01 -0.391871E-07  0.135270E-01  0.736771E-02  0.274398E-07
  0.463953E+03  0.139071E-01  0.604866E-02  0.411694E-12  0.411064E-12  0.000000E+00  0.126265E-01  0.126265E-01  0.126265E-01 -0.367133E-07  0.126879E-01  0.665434E-02  0.259985E-07
  0.479679E+03  0.130550E-01  0.552562E-02  0.359761E-12  0.359229E-12  0.000000E+00  0.118280E-01  0.118280E-01  0.118280E-01 -0.343915E-07  0.119000E-01  0.599455E-02  0.246121E-07
  0.495937E+03  0.122546E-01  0.503853E-02  0.314306E-12  0.313859E-12  0.000000E+00  0.110787E-01  0.110787E-01  0.110787E-01 -0.322128E-07  0.111601E-01  0.538552E-02  0.232779E-07
  0.512747E+03  0.115029E-01  0.458543E-02  0.274532E-12  0.274158E-12  0.000000E+00  0.103756E-01  0.103756E-01  0.103756E-01 -0.301685E-07  0.104655E-01  0.482462E-02  0.219932E-07
  0.530127E+03  0.107969E-01  0.416449E-02  0.239740E-12  0.239427E-12  0.000000E+00  0.971604E-02  0.971604E-02  0.971604E-02 -0.282507E-07  0.981333E-02  0.430932E-02  0.207561E-07
  0.548096E+03  0.101338E-01  0.377398E-02  0.209312E-12  0.209052E-12  0.000000E+00  0.909739E-02  0.909739E-02  0.909739E-02 -0.264519E-07  0.920110E-02  0.383724E-02  0.195644E-07
  0.566673E+03  0.951108E-02  0.341229E-02  0.182711E-12  0.182495E-12  0.000000E+00  0.851721E-02  0.851721E-02  0.851721E-02 -0.247649E-07  0.862641E-02  0.340609E-02  0.184166E-07
  0.585881E+03  0.892629E-02  0.307785E-02  0.159461E-12  0.159282E-12  0.000000E+00  0.797321E-02  0.797321E-02  0.797321E-02 -0.231832E-07  0.808701E-02  0.301367E-02  0.173113E-07
  0.605739E+03  0.837714E-02  0.276923E-02  0.139147E-12  0.138999E-12  0.000000E+00  0.746326E-02  0.746326E-02  0.746326E-02 -0.217004E-07  0.758078E-02  0.265788E-02  0.162473E-07
  0.626271E+03  0.786147E-02  0.248504E-02  0.121404E-12  0.121282E-12  0.000000E+00  0.698531E-02  0.698531E-02  0.698531E-02 -0.203107E-07  0.710573E-02  0.233666E-02  0.152236E-07
  0.647498E+03  0.737726E-02  0.222396E-02  0.105911E-12  0.105811E-12  0.000000E+00  0.653746E-02  0.653746E-02  0.653746E-02 -0.190086E-07  0.666000E-02  0.204802E-02  0.142395E-07
  0.669445E+03  0.692262E-02  0.198474E-02  0.923873E-13  0.923058E-13  0.000000E+00  0.611793E-02  0.611793E-02  0.611793E-02 -0.177887E-07  0.624183E-02  0.179002E-02  0.132944E-07
  0.692136E+03  0.649577E-02  0.176617E-02  0.805863E-13  0.805199E-13  0.000000E+00  0.572502E-02  0.572502E-02  0.572502E-02 -0.166463E-07  0.584956E-02  0.156074E-02  0.123877E-07
  0.715596E+03  0.609501E-02  0.156711E-02  0.702918E-13  0.702377E-13  0.000000E+00  0.535713E-02  0.535713E-02  0.535713E-02 -0.155766E-07  0.548164E-02  0.135829E-02  0.115194E-07
  0.739852E+03  0.571879E-02  0.138644E-02  0.613140E-13  0.612700E-13  0.000000E+00  0.501277E-02  0.501277E-02  0.501277E-02 -0.145753E-07  0.513661E-02  0.118079E-02  0.106890E-07
  0.764929E+03  0.536561E-02  0.122306E-02  0.534868E-13  0.534510E-13  0.000000E+00  0.469053E-02  0.469053E-02  0.469053E-02 -0.136384E-07  0.481309E-02  0.102636E-02  0.989667E-08
  0.790856E+03  0.503408E-02  0.107594E-02  0.466643E-13  0.466352E-13  0.000000E+00  0.438905E-02  0.438905E-02  0.438905E-02 -0.127618E-07  0.450979E-02  0.893154E-03  0.914226E-08
  0.817663E+03  0.472290E-02  0.944046E-03  0.407190E-13  0.406952E-13  0.000000E+00  0.410709E-02  0.410709E-02  0.410709E-02 -0.119419E-07  0.422549E-02  0.779293E-03  0.842583E-08
  0.845377E+03  0.443084E-02  0.826361E-03  0.355389E-13  0.355194E-13  0.000000E+00  0.384344E-02  0.384344E-02  0.384344E-02 -0.111753E-07  0.395905E-02  0.682917E-03  0.774742E-08
  0.874031E+03  0.415674E-02  0.721896E-03  0.310260E-13  0.310099E-13  0.000000E+00  0.359698E-02  0.359698E-02  0.359698E-02 -0.104587E-07  0.370938E-02  0.602165E-03  0.710706E-08
  0.903657E+03  0.389950E-02  0.629670E-03  0.270947E-13  0.270814E-13  0.000000E+00  0.336664E-02  0.336664E-02  0.336664E-02 -0.978898E-08  0.347546E-02  0.535188E-03  0.650475E-08
  0.934286E+03  0.365812E-02  0.548717E-03  0.236700E-13  0.236588E-13  0.000000E+00  0.315141E-02  0.315141E-02  0.315141E-02 -0.916315E-08  0.325634E-02  0.480159E-03  0.594038E-08
  0.965954E+03  0.343163E-02  0.478080E-03  0.206863E-13  0.206768E-13  0.000000E+00  0.295031E-02  0.295031E-02  0.295031E-02 -0.857844E-08  0.305111E-02  0.435280E-03  0.541377E-08
  0.998695E+03  0.321913E-02  0.416816E-03  0.180864E-13  0.180782E-13  0.000000E+00  0.276245E-02  0.276245E-02  0.276245E-02 -0.803221E-08  0.285892E-02  0.398807E-03  0.492456E-08
  0.103255E+04  0.301976E-02  0.363996E-03  0.158202E-13  0.158131E-13  0.000000E+00  0.258696E-02  0.258696E-02  0.258696E-02 -0.752196E-08  0.267895E-02  0.369067E-03  0.447227E-08
  0.106754E+04  0.283272E-02  0.318709E-03  0.138442E-13  0.138380E-13  0.000000E+00  0.242303E-02  0.242303E-02  0.242303E-02 -0.704529E-08  0.251046E-02  0.344478E-03  0.405616E-08
  0.110373E+04  0.265727E-02  0.280067E-03  0.121204E-13  0.121149E-13  0.000000E+00  0.226987E-02  0.226987E-02  0.226987E-02 -0.659997E-08  0.235272E-02  0.323583E-03  0.367532E-08
  0.114114E+04  0.249269E-02  0.247212E-03  0.106157E-13  0.106109E-13  0.000000E+00  0.212676E-02  0.212676E-02  0.212676E-02 -0.618385E-08  0.220505E-02  0.305067E-03  0.332856E-08
  0.117982E+04  0.233832E-02  0.219323E-03  0.930136E-14  0.929714E-14  0.000000E+00  0.199301E-02  0.199301E-02  0.199301E-02 -0.579494E-08  0.206681E-02  0.287794E-03  0.301448E-08
  0.121981E+04  0.219354E-02  0.195622E-03  0.815254E-14  0.814883E-14  0.000000E+00  0.186795E-02  0.186795E-02  0.186795E-02 -0.543133E-08  0.193741E-02  0.270824E-03  0.273138E-08
  0.126115E+04  0.205775E-02  0.175389E-03  0.714757E-14  0.714432E-14  0.000000E+00  0.175099E-02  0.175099E-02  0.175099E-02 -0.509125E-08  0.181626E-02  0.253442E-03  0.247735E-08
  0.130390E+04  0.193039E-02  0.157963E-03  0.626775E-14  0.626493E-14  0.000000E+00  0.164155E-02  0.164155E-02  0.164155E-02 -0.477304E-08  0.170284E-02  0.235170E-03  0.225024E-08
  0.134810E+04  0.181095E-02  0.142761E-03  0.549690E-14  0.549448E-14  0.000000E+00  0.153910E-02  0.153910E-02  0.153910E-02 -0.447514E-08  0.159663E-02  0.215774E-03  0.204773E-08
  0.139379E+04  0.169894E-02  0.129275E-03  0.482103E-14  0.481898E-14  0.000000E+00  0.144314E-02  0.144314E-02  0.144314E-02 -0.419613E-08  0.149717E-02  0.195266E-03  0.186735E-08
  0.144103E+04  0.159389E-02  0.117087E-03  0.422808E-14  0.422637E-14  0.000000E+00  0.135322E-02  0.135322E-02  0.135322E-02 -0.393468E-08  0.140400E-02  0.173880E-03  0.170655E-08
  0.148988E+04  0.149536E-02  0.105869E-03  0.370763E-14  0.370623E-14  0.000000E+00  0.126893E-02  0.126893E-02  0.126893E-02 -0.368957E-08  0.131672E-02  0.152050E-03  0.156278E-08
  0.154038E+04  0.140296E-02  0.953818E-04  0.325069E-14  0.324957E-14  0.000000E+00  0.118987E-02  0.118987E-02  0.118987E-02 -0.345971E-08  0.123493E-02  0.130361E-03  0.143354E-08
  0.159259E+04  0.131629E-02  0.854742E-04  0.284947E-14  0.284859E-14  0.000000E+00  0.111571E-02  0.111571E-02  0.111571E-02 -0.324408E-08  0.115827E-02  0.109491E-03  0.131651E-08
  0.164657E+04  0.123500E-02  0.760747E-04  0.249724E-14  0.249656E-14  0.000000E+00  0.104613E-02  0.104613E-02  0.104613E-02 -0.304178E-08  0.108640E-02  0.901432E-04  0.120958E-08
  0.170238E+04  0.115874E-02  0.671784E-04  0.218812E-14  0.218760E-14  0.000000E+00  0.980859E-03  0.980859E-03  0.980859E-03 -0.285198E-08  0.101901E-02  0.729707E-04  0.111096E-08
  0.176008E+04  0.108722E-02  0.588322E-04  0.191698E-14  0.191659E-14  0.000000E+00  0.919627E-03  0.919627E-03  0.919627E-03 -0.267394E-08  0.955819E-03  0.584986E-04  0.101920E-08
  0.181974E+04  0.102012E-02  0.511147E-04  0.167931E-14  0.167902E-14  0.000000E+00  0.862204E-03  0.862204E-03  0.862204E-03 -0.250698E-08  0.896552E-03  0.470581E-04  0.933247E-09
  0.188142E+04  0.957165E-03  0.441159E-04  0.147113E-14  0.147091E-14  0.000000E+00  0.808372E-03  0.808372E-03  0.808372E-03 -0.235045E-08  0.840963E-03  0.387359E-04  0.852428E-09
  0.194519E+04  0.898106E-03  0.379159E-04  0.128892E-14  0.128874E-14  0.000000E+00  0.757927E-03  0.757927E-03  0.757927E-03 -0.220378E-08  0.788825E-03  0.333496E-04  0.776433E-09
  0.201113E+04  0.842696E-03  0.325664E-04  0.112952E-14  0.112936E-14  0.000000E+00  0.710675E-03  0.710675E-03  0.710675E-03 -0.206638E-08  0.739924E-03  0.304568E-04  0.705244E-09
  0.207929E+04  0.790707E-03  0.280765E-04  0.990117E-15  0.989979E-15  0.000000E+00  0.666427E-03  0.666427E-03  0.666427E-03 -0.193773E-08  0.694062E-03  0.294010E-04  0.639045E-09
  0.214977E+04  0.741929E-03  0.244051E-04  0.868212E-15  0.868082E-15  0.000000E+00  0.624999E-03  0.624999E-03  0.624999E-03 -0.181727E-08  0.651055E-03  0.293933E-04  0.578107E-09
  0.222264E+04  0.696162E-03  0.214618E-04  0.761567E-15  0.761445E-15  0.000000E+00  0.586211E-03  0.586211E-03  0.586211E-03 -0.170449E-08  0.610728E-03  0.296221E-04  0.522677E-09
  0.229797E+04  0.653221E-03  0.191155E-04  0.668210E-15  0.668096E-15  0.000000E+00  0.549885E-03  0.549885E-03  0.549885E-03 -0.159887E-08  0.572916E-03  0.293749E-04  0.472861E-09
  0.237586E+04  0.612931E-03  0.172112E-04  0.586408E-15  0.586306E-15  0.000000E+00  0.515851E-03  0.515851E-03  0.515851E-03 -0.149991E-08  0.537462E-03  0.281530E-04  0.428554E-09
  0.245639E+04  0.575128E-03  0.155915E-04  0.514656E-15  0.514569E-15  0.000000E+00  0.483944E-03  0.483944E-03  0.483944E-03 -0.140713E-08  0.504219E-03  0.257538E-04  0.389402E-09
  0.253965E+04  0.539659E-03  0.141197E-04  0.451661E-15  0.451591E-15  0.000000E+00  0.454016E-03  0.454016E-03  0.454016E-03 -0.132011E-08  0.473045E-03  0.222994E-04  0.354816E-09
  0.262574E+04  0.506380E-03  0.126985E-04  0.396318E-15  0.396264E-15  0.000000E+00  0.425928E-03  0.425928E-03  0.425928E-03 -0.123844E-08  0.443809E-03  0.181984E-04  0.324047E-09
  0.271474E+04  0.475154E-03  0.112824E-04  0.347687E-15  0.347648E-15  0.000000E+00  0.399561E-03  0.399561E-03  0.399561E-03 -0.116178E-08  0.416386E-03  0.140397E-04  0.296291E-09
  0.280675E+04  0.445856E-03  0.987714E-05  0.304965E-15  0.304938E-15  0.000000E+00  0.374808E-03  0.374808E-03  0.374808E-03 -0.108980E-08  0.390659E-03  0.104366E-04  0.270820E-09
  0.290189E+04  0.418365E-03  0.852838E-05  0.267463E-15  0.267444E-15  0.000000E+00  0.351576E-03  0.351576E-03  0.351576E-03 -0.102226E-08  0.366523E-03  0.785870E-05  0.247089E-09
  0.300025E+04  0.392568E-03  0.730049E-05  0.234573E-15  0.234558E-15  0.000000E+00  0.329784E-03  0.329784E-03  0.329784E-03 -0.958893E-09  0.343877E-03  0.649625E-05  0.224807E-09
  0.310194E+04  0.368363E-03  0.625121E-05  0.205752E-15  0.205739E-15  0.000000E+00  0.309352E-03  0.309352E-03  0.309352E-03 -0.899483E-09  0.322630E-03  0.620458E-05  0.203931E-09
  0.320708E+04  0.345649E-03  0.540978E-05  0.180511E-15  0.180498E-15  0.000000E+00  0.290202E-03  0.290202E-03  0.290202E-03 -0.843803E-09  0.302696E-03  0.655460E-05  0.184601E-09
  0.331578E+04  0.324335E-03  0.476561E-05  0.158402E-15  0.158389E-15  0.000000E+00  0.272257E-03  0.272257E-03  0.272257E-03 -0.791624E-09  0.283995E-03  0.698362E-05  0.167016E-09
  0.342817E+04  0.304334E-03  0.427180E-05  0.139025E-15  0.139013E-15  0.000000E+00  0.255435E-03  0.255435E-03  0.255435E-03 -0.742713E-09  0.266453E-03  0.700031E-05  0.151301E-09
  0.354437E+04  0.285567E-03  0.386239E-05  0.122025E-15  0.122014E-15  0.000000E+00  0.239659E-03  0.239659E-03  0.239659E-03 -0.696842E-09  0.249998E-03  0.636771E-05  0.137416E-09
  0.366451E+04  0.267956E-03  0.347697E-05  0.107096E-15  0.107088E-15  0.000000E+00  0.224856E-03  0.224856E-03  0.224856E-03 -0.653799E-09  0.234561E-03  0.518444E-05  0.125135E-09
  0.378872E+04  0.251431E-03  0.308210E-05  0.939802E-16  0.939748E-16  0.000000E+00  0.210959E-03  0.210959E-03  0.210959E-03 -0.613392E-09  0.220078E-03  0.381870E-05  0.114111E-09
  0.391714E+04  0.235924E-03  0.267985E-05  0.824595E-16  0.824559E-16  0.000000E+00  0.197914E-03  0.197914E-03  0.197914E-03 -0.575461E-09  0.206490E-03  0.271455E-05  0.103999E-09
  0.404991E+04  0.221373E-03  0.229921E-05  0.723478E-16  0.723451E-16  0.000000E+00  0.185672E-03  0.185672E-03  0.185672E-03 -0.539866E-09  0.193740E-03  0.215957E-05  0.945696E-10
  0.418718E+04  0.207718E-03  0.197464E-05  0.634804E-16  0.634780E-16  0.000000E+00  0.174190E-03  0.174190E-03  0.174190E-03 -0.506480E-09  0.181776E-03  0.213748E-05  0.857678E-10
  0.432911E+04  0.194905E-03  0.172360E-05  0.557080E-16  0.557054E-16  0.000000E+00  0.163424E-03  0.163424E-03  0.163424E-03 -0.475176E-09  0.170551E-03  0.235605E-05  0.776714E-10
  0.447584E+04  0.182881E-03  0.153605E-05  0.488936E-16  0.488911E-16  0.000000E+00  0.153329E-03  0.153329E-03  0.153329E-03 -0.445824E-09  0.160019E-03  0.244281E-05  0.703823E-10
  0.462755E+04  0.171599E-03  0.138221E-05  0.429143E-16  0.429122E-16  0.000000E+00  0.143860E-03  0.143860E-03  0.143860E-03 -0.418292E-09  0.150139E-03  0.218911E-05  0.639158E-10
  0.478440E+04  0.161011E-03  0.123297E-05  0.376638E-16  0.376623E-16  0.000000E+00  0.134973E-03  0.134973E-03  0.134973E-03 -0.392454E-09  0.140868E-03  0.167516E-05  0.581615E-10
  0.494657E+04  0.151076E-03  0.107806E-05  0.330524E-16  0.330514E-16  0.000000E+00  0.126632E-03  0.126632E-03  0.126632E-03 -0.368201E-09  0.132170E-03  0.118032E-05  0.529393E-10
  0.511423E+04  0.141754E-03  0.928627E-06  0.290042E-16  0.290035E-16  0.000000E+00  0.118805E-03  0.118805E-03  0.118805E-03 -0.345441E-09  0.124008E-03  0.943205E-06  0.481061E-10
  0.528758E+04  0.133006E-03  0.802839E-06  0.254531E-16  0.254524E-16  0.000000E+00  0.111462E-03  0.111462E-03  0.111462E-03 -0.324090E-09  0.116350E-03  0.967838E-06  0.436241E-10
  0.546681E+04  0.124797E-03  0.707559E-06  0.223389E-16  0.223381E-16  0.000000E+00  0.104575E-03  0.104575E-03  0.104575E-03 -0.304066E-09  0.109164E-03  0.104595E-05  0.395377E-10
  0.565210E+04  0.117094E-03  0.632661E-06  0.196066E-16  0.196060E-16  0.000000E+00  0.981152E-04  0.981152E-04  0.981152E-04 -0.285283E-09  0.102422E-03  0.974224E-06  0.358822E-10
  0.584368E+04  0.109866E-03  0.562334E-06  0.172079E-16  0.172075E-16  0.000000E+00  0.920535E-04  0.920535E-04  0.920535E-04 -0.267658E-09  0.960962E-04  0.750279E-06  0.326183E-10
  0.604175E+04  0.103083E-03  0.490610E-06  0.151017E-16  0.151014E-16  0.000000E+00  0.863646E-04  0.863646E-04  0.863646E-04 -0.251117E-09  0.901607E-04  0.544134E-06  0.296532E-10
  0.624654E+04  0.967189E-04  0.424290E-06  0.132531E-16  0.132529E-16  0.000000E+00  0.810265E-04  0.810265E-04  0.810265E-04 -0.235596E-09  0.845914E-04  0.483955E-06  0.269179E-10
  0.645827E+04  0.907469E-04  0.371314E-06  0.116314E-16  0.116312E-16  0.000000E+00  0.760190E-04  0.760190E-04  0.760190E-04 -0.221036E-09  0.793657E-04  0.513132E-06  0.244088E-10
  0.667717E+04  0.851430E-04  0.329969E-06  0.102085E-16  0.102083E-16  0.000000E+00  0.713217E-04  0.713217E-04  0.713217E-04 -0.207378E-09  0.744625E-04  0.489728E-06  0.221476E-10
  0.690349E+04  0.798847E-04  0.292231E-06  0.895956E-17  0.895940E-17  0.000000E+00  0.669141E-04  0.669141E-04  0.669141E-04 -0.194562E-09  0.698620E-04  0.383272E-06  0.201201E-10
  0.713749E+04  0.749507E-04  0.254863E-06  0.786308E-17  0.786297E-17  0.000000E+00  0.627780E-04  0.627780E-04  0.627780E-04 -0.182536E-09  0.655454E-04  0.293213E-06  0.182766E-10
  0.737942E+04  0.703209E-04  0.221754E-06  0.690081E-17  0.690071E-17  0.000000E+00  0.588973E-04  0.588973E-04  0.588973E-04 -0.171252E-09  0.614951E-04  0.279258E-06  0.165840E-10
  0.762954E+04  0.659766E-04  0.195513E-06  0.605648E-17  0.605638E-17  0.000000E+00  0.552567E-04  0.552567E-04  0.552567E-04 -0.160667E-09  0.576949E-04  0.279161E-06  0.150445E-10
  0.788815E+04  0.619003E-04  0.173051E-06  0.531547E-17  0.531539E-17  0.000000E+00  0.518411E-04  0.518411E-04  0.518411E-04 -0.150735E-09  0.541292E-04  0.233443E-06  0.136592E-10
  0.815552E+04  0.580755E-04  0.151453E-06  0.466500E-17  0.466494E-17  0.000000E+00  0.486360E-04  0.486360E-04  0.486360E-04 -0.141416E-09  0.507836E-04  0.182210E-06  0.124039E-10
  0.843195E+04  0.544866E-04  0.132163E-06  0.409412E-17  0.409407E-17  0.000000E+00  0.456289E-04  0.456289E-04  0.456289E-04 -0.132672E-09  0.476444E-04  0.169796E-06  0.112559E-10
  0.871775E+04  0.511192E-04  0.116478E-06  0.359315E-17  0.359311E-17  0.000000E+00  0.428076E-04  0.428076E-04  0.428076E-04 -0.124469E-09  0.446991E-04  0.162296E-06  0.102132E-10
  0.901324E+04  0.479595E-04  0.102639E-06  0.315346E-17  0.315343E-17  0.000000E+00  0.401606E-04  0.401606E-04  0.401606E-04 -0.116773E-09  0.419356E-04  0.132655E-06  0.927198E-11
  0.931874E+04  0.449948E-04  0.897167E-07  0.276754E-17  0.276752E-17  0.000000E+00  0.376770E-04  0.376770E-04  0.376770E-04 -0.109551E-09  0.393427E-04  0.111699E-06  0.841625E-11
  0.963460E+04  0.422131E-04  0.787174E-07  0.242886E-17  0.242884E-17  0.000000E+00  0.353468E-04  0.353468E-04  0.353468E-04 -0.102776E-09  0.369099E-04  0.106466E-06  0.763662E-11
  0.996117E+04  0.396031E-04  0.693585E-07  0.213162E-17  0.213161E-17  0.000000E+00  0.331606E-04  0.331606E-04  0.331606E-04 -0.964189E-10  0.346274E-04  0.918193E-07  0.693110E-11
  0.102988E+05  0.371542E-04  0.607567E-07  0.187074E-17  0.187073E-17  0.000000E+00  0.311093E-04  0.311093E-04  0.311093E-04 -0.904547E-10  0.324858E-04  0.765594E-07  0.629112E-11
  0.106479E+05  0.348565E-04  0.532853E-07  0.164179E-17  0.164177E-17  0.000000E+00  0.291848E-04  0.291848E-04  0.291848E-04 -0.848590E-10  0.304764E-04  0.712116E-07  0.570861E-11
  0.110088E+05  0.327006E-04  0.468889E-07  0.144085E-17  0.144084E-17  0.000000E+00  0.273793E-04  0.273793E-04  0.273793E-04 -0.796090E-10  0.285911E-04  0.616699E-07  0.518084E-11
  0.113819E+05  0.306779E-04  0.410886E-07  0.126450E-17  0.126449E-17  0.000000E+00  0.256852E-04  0.256852E-04  0.256852E-04 -0.746833E-10  0.268223E-04  0.525512E-07  0.470192E-11
  0.117677E+05  0.287800E-04  0.360730E-07  0.110972E-17  0.110972E-17  0.000000E+00  0.240958E-04  0.240958E-04  0.240958E-04 -0.700620E-10  0.251628E-04  0.481849E-07  0.426658E-11
  0.121666E+05  0.269994E-04  0.316966E-07  0.973891E-18  0.973886E-18  0.000000E+00  0.226047E-04  0.226047E-04  0.226047E-04 -0.657263E-10  0.236058E-04  0.410751E-07  0.387203E-11
  0.125790E+05  0.253288E-04  0.277851E-07  0.854679E-18  0.854674E-18  0.000000E+00  0.212057E-04  0.212057E-04  0.212057E-04 -0.616584E-10  0.221449E-04  0.362641E-07  0.351369E-11
  0.130054E+05  0.237614E-04  0.244128E-07  0.750057E-18  0.750053E-18  0.000000E+00  0.198931E-04  0.198931E-04  0.198931E-04 -0.578420E-10  0.207744E-04  0.322533E-07  0.318844E-11
  0.134462E+05  0.222908E-04  0.214182E-07  0.658238E-18  0.658234E-18  0.000000E+00  0.186617E-04  0.186617E-04  0.186617E-04 -0.542615E-10  0.194885E-04  0.277266E-07  0.289340E-11
  0.139019E+05  0.209111E-04  0.187993E-07  0.577656E-18  0.577653E-18  0.000000E+00  0.175064E-04  0.175064E-04  0.175064E-04 -0.509023E-10  0.182821E-04  0.248184E-07  0.262548E-11
  0.143731E+05  0.196166E-04  0.165040E-07  0.506936E-18  0.506934E-18  0.000000E+00  0.164225E-04  0.164225E-04  0.164225E-04 -0.477507E-10  0.171503E-04  0.214920E-07  0.238244E-11
  0.148603E+05  0.184021E-04  0.144815E-07  0.444871E-18  0.444869E-18  0.000000E+00  0.154056E-04  0.154056E-04  0.154056E-04 -0.447940E-10  0.160884E-04  0.190005E-07  0.216182E-11
  0.153640E+05  0.172627E-04  0.127128E-07  0.390403E-18  0.390402E-18  0.000000E+00  0.144516E-04  0.144516E-04  0.144516E-04 -0.420201E-10  0.150922E-04  0.166395E-07  0.196162E-11
  0.158848E+05  0.161938E-04  0.111564E-07  0.342602E-18  0.342601E-18  0.000000E+00  0.135566E-04  0.135566E-04  0.135566E-04 -0.394177E-10  0.141576E-04  0.145961E-07  0.177994E-11
  0.164232E+05  0.151909E-04  0.979159E-08  0.300652E-18  0.300651E-18  0.000000E+00  0.127169E-04  0.127169E-04  0.127169E-04 -0.369762E-10  0.132807E-04  0.128380E-07  0.161507E-11
  0.169799E+05  0.142500E-04  0.859406E-08  0.263837E-18  0.263836E-18  0.000000E+00  0.119292E-04  0.119292E-04  0.119292E-04 -0.346858E-10  0.124581E-04  0.112355E-07  0.146545E-11
  0.175554E+05  0.133673E-04  0.754161E-08  0.231528E-18  0.231528E-18  0.000000E+00  0.111902E-04  0.111902E-04  0.111902E-04 -0.325370E-10  0.116864E-04  0.989677E-08  0.132968E-11
  0.181504E+05  0.125392E-04  0.661952E-08  0.203175E-18  0.203175E-18  0.000000E+00  0.104969E-04  0.104969E-04  0.104969E-04 -0.305211E-10  0.109623E-04  0.864650E-08  0.120648E-11
  0.187656E+05  0.117623E-04  0.580869E-08  0.178293E-18  0.178293E-18  0.000000E+00  0.984645E-05  0.984645E-05  0.984645E-05 -0.286299E-10  0.102831E-04  0.763279E-08  0.109468E-11
  0.194017E+05  0.110335E-04  0.509810E-08  0.156457E-18  0.156457E-18  0.000000E+00  0.923628E-05  0.923628E-05  0.923628E-05 -0.268558E-10  0.964591E-05  0.665208E-08  0.993231E-12
  0.200593E+05  0.103498E-04  0.447400E-08  0.137295E-18  0.137294E-18  0.000000E+00  0.866386E-05  0.866386E-05  0.866386E-05 -0.251914E-10  0.904813E-05  0.588305E-08  0.901169E-12
  0.207392E+05  0.970832E-05  0.392602E-08  0.120479E-18  0.120478E-18  0.000000E+00  0.812686E-05  0.812686E-05  0.812686E-05 -0.236300E-10  0.848734E-05  0.512655E-08  0.817640E-12
  0.214422E+05  0.910657E-05  0.344586E-08  0.105721E-18  0.105721E-18  0.000000E+00  0.762310E-05  0.762310E-05  0.762310E-05 -0.221652E-10  0.796125E-05  0.451975E-08  0.741842E-12
