  0.986139E-05  0.918891E+05  0.918891E+05  0.122519E+06  0.122519E+06  0.000000E+00  0.918891E+05  0.918891E+05  0.101342E+06 -0.607835E+00  0.918109E+05  0.918109E+05  0.861443E+00
  0.108887E-04  0.918891E+05  0.918891E+05  0.122519E+06  0.122519E+06  0.000000E+00  0.918891E+05  0.918891E+05  0.101342E+06 -0.607835E+00  0.918109E+05  0.918109E+05  0.951184E+00
  0.120230E-04  0.918891E+05  0.918891E+05  0.122519E+06  0.122519E+06  0.000000E+00  0.918891E+05  0.918891E+05  0.101342E+06 -0.607835E+00  0.918109E+05  0.918109E+05  0.105027E+01
  0.132755E-04  0.918891E+05  0.918891E+05  0.122519E+06  0.122518E+06  0.000000E+00  0.918891E+05  0.918891E+05  0.101342E+06 -0.607835E+00  0.918109E+05  0.918109E+05  0.115969E+01
  0.146585E-04  0.918891E+05  0.918891E+05  0.122518E+06  0.122518E+06  0.000000E+00  0.918891E+05  0.918891E+05  0.101342E+06 -0.607835E+00  0.918109E+05  0.918109E+05  0.128050E+01
  0.161856E-04  0.918891E+05  0.918891E+05  0.122518E+06  0.122518E+06  0.000000E+00  0.918891E+05  0.918891E+05  0.101342E+06 -0.607835E+00  0.918109E+05  0.918109E+05  0.141389E+01
  0.178717E-04  0.918891E+05  0.918891E+05  0.122518E+06  0.122518E+06  0.000000E+00  0.918891E+05  0.918891E+05  0.101342E+06 -0.607835E+00  0.918109E+05  0.918109E+05  0.156119E+01
  0.197335E-04  0.918891E+05  0.918890E+05  0.122518E+06  0.122518E+06  0.000000E+00  0.918891E+05  0.918891E+05  0.101342E+06 -0.607835E+00  0.918109E+05  0.918108E+05  0.172382E+01
  0.217893E-04  0.918891E+05  0.918890E+05  0.122518E+06  0.122518E+06  0.000000E+00  0.918891E+05  0.918891E+05  0.101342E+06 -0.607835E+00  0.918108E+05  0.918108E+05  0.190340E+01
  0.240592E-04  0.918890E+05  0.918890E+05  0.122518E+06  0.122518E+06  0.000000E+00  0.918890E+05  0.918890E+05  0.101342E+06 -0.607835E+00  0.918108E+05  0.918108E+05  0.210169E+01
  0.265655E-04  0.918890E+05  0.918890E+05  0.122518E+06  0.122517E+06  0.000000E+00  0.918890E+05  0.918890E+05  0.101342E+06 -0.607834E+00  0.918108E+05  0.918108E+05  0.232063E+01
  0.293330E-04  0.918890E+05  0.918890E+05  0.122517E+06  0.122517E+06  0.000000E+00  0.918890E+05  0.918890E+05  0.101342E+06 -0.607834E+00  0.918108E+05  0.918108E+05  0.256239E+01
  0.323888E-04  0.918890E+05  0.918889E+05  0.122517E+06  0.122517E+06  0.000000E+00  0.918890E+05  0.918890E+05  0.101342E+06 -0.607834E+00  0.918108E+05  0.918107E+05  0.282932E+01
  0.357629E-04  0.918890E+05  0.918889E+05  0.122517E+06  0.122516E+06  0.000000E+00  0.918889E+05  0.918889E+05  0.101341E+06 -0.607833E+00  0.918107E+05  0.918107E+05  0.312407E+01
  0.394885E-04  0.918889E+05  0.918888E+05  0.122516E+06  0.122516E+06  0.000000E+00  0.918889E+05  0.918889E+05  0.101341E+06 -0.607833E+00  0.918107E+05  0.918107E+05  0.344952E+01
  0.436023E-04  0.918889E+05  0.918888E+05  0.122516E+06  0.122515E+06  0.000000E+00  0.918889E+05  0.918889E+05  0.101341E+06 -0.607832E+00  0.918107E+05  0.918106E+05  0.380887E+01
  0.481446E-04  0.918888E+05  0.918887E+05  0.122515E+06  0.122514E+06  0.000000E+00  0.918888E+05  0.918888E+05  0.101341E+06 -0.607832E+00  0.918106E+05  0.918105E+05  0.420566E+01
  0.531600E-04  0.918888E+05  0.918886E+05  0.122514E+06  0.122513E+06  0.000000E+00  0.918887E+05  0.918887E+05  0.101341E+06 -0.607831E+00  0.918105E+05  0.918104E+05  0.464378E+01
  0.586980E-04  0.918887E+05  0.918885E+05  0.122513E+06  0.122512E+06  0.000000E+00  0.918886E+05  0.918886E+05  0.101341E+06 -0.607830E+00  0.918104E+05  0.918103E+05  0.512755E+01
  0.648129E-04  0.918886E+05  0.918883E+05  0.122512E+06  0.122510E+06  0.000000E+00  0.918885E+05  0.918885E+05  0.101341E+06 -0.607829E+00  0.918104E+05  0.918102E+05  0.566170E+01
  0.715648E-04  0.918885E+05  0.918881E+05  0.122510E+06  0.122508E+06  0.000000E+00  0.918884E+05  0.918884E+05  0.101340E+06 -0.607827E+00  0.918102E+05  0.918101E+05  0.625150E+01
  0.790201E-04  0.918883E+05  0.918879E+05  0.122509E+06  0.122506E+06  0.000000E+00  0.918883E+05  0.918883E+05  0.101340E+06 -0.607825E+00  0.918101E+05  0.918099E+05  0.690275E+01
  0.872521E-04  0.918882E+05  0.918877E+05  0.122506E+06  0.122503E+06  0.000000E+00  0.918881E+05  0.918881E+05  0.101340E+06 -0.607823E+00  0.918099E+05  0.918097E+05  0.762183E+01
  0.963416E-04  0.918880E+05  0.918873E+05  0.122504E+06  0.122499E+06  0.000000E+00  0.918879E+05  0.918879E+05  0.101339E+06 -0.607820E+00  0.918097E+05  0.918094E+05  0.841581E+01
  0.106378E-03  0.918877E+05  0.918869E+05  0.122500E+06  0.122495E+06  0.000000E+00  0.918876E+05  0.918876E+05  0.101339E+06 -0.607817E+00  0.918094E+05  0.918091E+05  0.929250E+01
  0.117460E-03  0.918874E+05  0.918865E+05  0.122496E+06  0.122490E+06  0.000000E+00  0.918872E+05  0.918872E+05  0.101338E+06 -0.607813E+00  0.918091E+05  0.918087E+05  0.102605E+02
  0.129696E-03  0.918870E+05  0.918859E+05  0.122492E+06  0.122484E+06  0.000000E+00  0.918868E+05  0.918868E+05  0.101337E+06 -0.607808E+00  0.918087E+05  0.918082E+05  0.113294E+02
  0.143208E-03  0.918865E+05  0.918852E+05  0.122486E+06  0.122476E+06  0.000000E+00  0.918863E+05  0.918863E+05  0.101336E+06 -0.607801E+00  0.918082E+05  0.918076E+05  0.125095E+02
  0.158126E-03  0.918860E+05  0.918843E+05  0.122478E+06  0.122467E+06  0.000000E+00  0.918857E+05  0.918857E+05  0.101335E+06 -0.607794E+00  0.918076E+05  0.918068E+05  0.138126E+02
  0.174599E-03  0.918853E+05  0.918833E+05  0.122469E+06  0.122455E+06  0.000000E+00  0.918850E+05  0.918850E+05  0.101333E+06 -0.607785E+00  0.918069E+05  0.918059E+05  0.152514E+02
  0.192788E-03  0.918845E+05  0.918820E+05  0.122458E+06  0.122441E+06  0.000000E+00  0.918841E+05  0.918841E+05  0.101332E+06 -0.607774E+00  0.918060E+05  0.918049E+05  0.168401E+02
  0.212872E-03  0.918834E+05  0.918804E+05  0.122445E+06  0.122424E+06  0.000000E+00  0.918830E+05  0.918830E+05  0.101329E+06 -0.607760E+00  0.918049E+05  0.918035E+05  0.185942E+02
  0.235048E-03  0.918822E+05  0.918785E+05  0.122429E+06  0.122403E+06  0.000000E+00  0.918816E+05  0.918816E+05  0.101327E+06 -0.607743E+00  0.918036E+05  0.918019E+05  0.205309E+02
  0.259534E-03  0.918807E+05  0.918762E+05  0.122409E+06  0.122378E+06  0.000000E+00  0.918800E+05  0.918800E+05  0.101323E+06 -0.607723E+00  0.918020E+05  0.917999E+05  0.226693E+02
  0.286571E-03  0.918788E+05  0.918734E+05  0.122386E+06  0.122347E+06  0.000000E+00  0.918780E+05  0.918780E+05  0.101319E+06 -0.607699E+00  0.918000E+05  0.917975E+05  0.250303E+02
  0.316425E-03  0.918766E+05  0.918699E+05  0.122356E+06  0.122310E+06  0.000000E+00  0.918755E+05  0.918755E+05  0.101314E+06 -0.607669E+00  0.917977E+05  0.917946E+05  0.276371E+02
  0.349389E-03  0.918738E+05  0.918657E+05  0.122321E+06  0.122264E+06  0.000000E+00  0.918725E+05  0.918725E+05  0.101308E+06 -0.607632E+00  0.917948E+05  0.917910E+05  0.305151E+02
  0.385786E-03  0.918705E+05  0.918606E+05  0.122277E+06  0.122208E+06  0.000000E+00  0.918689E+05  0.918689E+05  0.101301E+06 -0.607587E+00  0.917912E+05  0.917866E+05  0.336927E+02
  0.425976E-03  0.918664E+05  0.918544E+05  0.122224E+06  0.122140E+06  0.000000E+00  0.918645E+05  0.918645E+05  0.101292E+06 -0.607533E+00  0.917869E+05  0.917813E+05  0.372007E+02
  0.470352E-03  0.918615E+05  0.918468E+05  0.122160E+06  0.122057E+06  0.000000E+00  0.918591E+05  0.918591E+05  0.101281E+06 -0.607467E+00  0.917816E+05  0.917749E+05  0.410736E+02
  0.519351E-03  0.918554E+05  0.918375E+05  0.122081E+06  0.121956E+06  0.000000E+00  0.918525E+05  0.918525E+05  0.101267E+06 -0.607386E+00  0.917752E+05  0.917670E+05  0.453491E+02
  0.573455E-03  0.918480E+05  0.918262E+05  0.121986E+06  0.121833E+06  0.000000E+00  0.918444E+05  0.918444E+05  0.101251E+06 -0.607287E+00  0.917674E+05  0.917573E+05  0.500688E+02
  0.633195E-03  0.918390E+05  0.918124E+05  0.121869E+06  0.121683E+06  0.000000E+00  0.918347E+05  0.918347E+05  0.101231E+06 -0.607167E+00  0.917579E+05  0.917456E+05  0.552785E+02
  0.699158E-03  0.918280E+05  0.917956E+05  0.121727E+06  0.121500E+06  0.000000E+00  0.918227E+05  0.918227E+05  0.101207E+06 -0.607021E+00  0.917462E+05  0.917313E+05  0.610289E+02
  0.771993E-03  0.918147E+05  0.917751E+05  0.121554E+06  0.121278E+06  0.000000E+00  0.918082E+05  0.918082E+05  0.101178E+06 -0.606843E+00  0.917321E+05  0.917138E+05  0.673755E+02
  0.852416E-03  0.917984E+05  0.917501E+05  0.121344E+06  0.121007E+06  0.000000E+00  0.917905E+05  0.917905E+05  0.101142E+06 -0.606626E+00  0.917148E+05  0.916926E+05  0.743794E+02
  0.941216E-03  0.917785E+05  0.917197E+05  0.121087E+06  0.120678E+06  0.000000E+00  0.917689E+05  0.917689E+05  0.101098E+06 -0.606362E+00  0.916938E+05  0.916667E+05  0.821077E+02
  0.103927E-02  0.917543E+05  0.916826E+05  0.120775E+06  0.120278E+06  0.000000E+00  0.917426E+05  0.917426E+05  0.101045E+06 -0.606040E+00  0.916682E+05  0.916351E+05  0.906341E+02
  0.114753E-02  0.917248E+05  0.916375E+05  0.120396E+06  0.119791E+06  0.000000E+00  0.917106E+05  0.917106E+05  0.100980E+06 -0.605648E+00  0.916369E+05  0.915967E+05  0.100039E+03
  0.126708E-02  0.916889E+05  0.915825E+05  0.119935E+06  0.119201E+06  0.000000E+00  0.916716E+05  0.916716E+05  0.100902E+06 -0.605172E+00  0.915989E+05  0.915498E+05  0.110412E+03
  0.139908E-02  0.916452E+05  0.915154E+05  0.119375E+06  0.118484E+06  0.000000E+00  0.916241E+05  0.916241E+05  0.100806E+06 -0.604592E+00  0.915526E+05  0.914927E+05  0.121848E+03
  0.154483E-02  0.915920E+05  0.914338E+05  0.118695E+06  0.117615E+06  0.000000E+00  0.915662E+05  0.915662E+05  0.100690E+06 -0.603887E+00  0.914961E+05  0.914232E+05  0.134453E+03
  0.170576E-02  0.915272E+05  0.913345E+05  0.117870E+06  0.116564E+06  0.000000E+00  0.914958E+05  0.914958E+05  0.100549E+06 -0.603030E+00  0.914274E+05  0.913386E+05  0.148340E+03
  0.188346E-02  0.914484E+05  0.912136E+05  0.116871E+06  0.115294E+06  0.000000E+00  0.914102E+05  0.914102E+05  0.100377E+06 -0.601990E+00  0.913438E+05  0.912356E+05  0.163632E+03
  0.207967E-02  0.913526E+05  0.910666E+05  0.115663E+06  0.113762E+06  0.000000E+00  0.913060E+05  0.913060E+05  0.100170E+06 -0.600729E+00  0.912420E+05  0.911103E+05  0.180463E+03
  0.229632E-02  0.912362E+05  0.908878E+05  0.114204E+06  0.111919E+06  0.000000E+00  0.911795E+05  0.911795E+05  0.999185E+05 -0.599200E+00  0.911183E+05  0.909580E+05  0.198973E+03
  0.253554E-02  0.910949E+05  0.906705E+05  0.112446E+06  0.109707E+06  0.000000E+00  0.910258E+05  0.910258E+05  0.996149E+05 -0.597351E+00  0.909679E+05  0.907728E+05  0.219312E+03
  0.279968E-02  0.909235E+05  0.904067E+05  0.110333E+06  0.107064E+06  0.000000E+00  0.908393E+05  0.908393E+05  0.992487E+05 -0.595116E+00  0.907852E+05  0.905478E+05  0.241638E+03
  0.309134E-02  0.907157E+05  0.900867E+05  0.107802E+06  0.103918E+06  0.000000E+00  0.906132E+05  0.906132E+05  0.988079E+05 -0.592422E+00  0.905635E+05  0.902748E+05  0.266112E+03
  0.341338E-02  0.904642E+05  0.896988E+05  0.104783E+06  0.100194E+06  0.000000E+00  0.903395E+05  0.903395E+05  0.982790E+05 -0.589182E+00  0.902947E+05  0.899439E+05  0.292899E+03
  0.376897E-02  0.901603E+05  0.892294E+05  0.101197E+06  0.958159E+05  0.000000E+00  0.900086E+05  0.900086E+05  0.976465E+05 -0.585296E+00  0.899691E+05  0.895431E+05  0.322161E+03
  0.416160E-02  0.897938E+05  0.886621E+05  0.969651E+05  0.907094E+05  0.000000E+00  0.896094E+05  0.896094E+05  0.968932E+05 -0.580652E+00  0.895755E+05  0.890585E+05  0.354052E+03
  0.459514E-02  0.893528E+05  0.879778E+05  0.920061E+05  0.848140E+05  0.000000E+00  0.891287E+05  0.891287E+05  0.960004E+05 -0.575127E+00  0.891005E+05  0.884737E+05  0.388710E+03
  0.507384E-02  0.888236E+05  0.871543E+05  0.862475E+05  0.780923E+05  0.000000E+00  0.885516E+05  0.885516E+05  0.949486E+05 -0.568586E+00  0.885284E+05  0.877695E+05  0.426244E+03
  0.560241E-02  0.881907E+05  0.861661E+05  0.796352E+05  0.705470E+05  0.000000E+00  0.878607E+05  0.878607E+05  0.937181E+05 -0.560891E+00  0.878413E+05  0.869238E+05  0.466721E+03
  0.618604E-02  0.874367E+05  0.849839E+05  0.721478E+05  0.622406E+05  0.000000E+00  0.870370E+05  0.870370E+05  0.922908E+05 -0.551907E+00  0.870188E+05  0.859115E+05  0.510150E+03
  0.683048E-02  0.865427E+05  0.835752E+05  0.638165E+05  0.533177E+05  0.000000E+00  0.860591E+05  0.860591E+05  0.906515E+05 -0.541507E+00  0.860382E+05  0.847046E+05  0.556452E+03
  0.754204E-02  0.854886E+05  0.819045E+05  0.547481E+05  0.440259E+05  0.000000E+00  0.849046E+05  0.849046E+05  0.887903E+05 -0.529597E+00  0.848748E+05  0.832726E+05  0.605444E+03
  0.832774E-02  0.842540E+05  0.799337E+05  0.451502E+05  0.347286E+05  0.000000E+00  0.835500E+05  0.835500E+05  0.867047E+05 -0.516122E+00  0.835027E+05  0.815835E+05  0.656797E+03
  0.919528E-02  0.828188E+05  0.776239E+05  0.353528E+05  0.258978E+05  0.000000E+00  0.819722E+05  0.819722E+05  0.844015E+05 -0.501090E+00  0.818959E+05  0.796050E+05  0.710010E+03
  0.101532E-01  0.811650E+05  0.749369E+05  0.258157E+05  0.180727E+05  0.000000E+00  0.801500E+05  0.801500E+05  0.818975E+05 -0.484586E+00  0.800303E+05  0.773071E+05  0.764373E+03
  0.112109E-01  0.792779E+05  0.718380E+05  0.171090E+05  0.117713E+05  0.000000E+00  0.780655E+05  0.780655E+05  0.792171E+05 -0.466775E+00  0.778860E+05  0.746646E+05  0.818929E+03
  0.123788E-01  0.771481E+05  0.682989E+05  0.984856E+04  0.735337E+04  0.000000E+00  0.757060E+05  0.757060E+05  0.763871E+05 -0.447895E+00  0.754507E+05  0.716612E+05  0.872446E+03
  0.136684E-01  0.747723E+05  0.643018E+05  0.457381E+04  0.486146E+04  0.000000E+00  0.730660E+05  0.730660E+05  0.734280E+05 -0.428215E+00  0.727221E+05  0.682936E+05  0.923385E+03
  0.150923E-01  0.721542E+05  0.598434E+05  0.157295E+04  0.391061E+04  0.000000E+00  0.701480E+05  0.701480E+05  0.703431E+05 -0.407976E+00  0.697112E+05  0.645751E+05  0.969878E+03
  0.166646E-01  0.693040E+05  0.549394E+05  0.700245E+03  0.373550E+04  0.000000E+00  0.669631E+05  0.669631E+05  0.671129E+05 -0.387317E+00  0.664421E+05  0.605381E+05  0.100969E+04
  0.184006E-01  0.662367E+05  0.496297E+05  0.128391E+04  0.348192E+04  0.000000E+00  0.635304E+05  0.635304E+05  0.636988E+05 -0.366229E+00  0.629507E+05  0.562347E+05  0.104020E+04
  0.203175E-01  0.629709E+05  0.439844E+05  0.225942E+04  0.267945E+04  0.000000E+00  0.598768E+05  0.598768E+05  0.600643E+05 -0.344565E+00  0.592791E+05  0.517341E+05  0.105833E+04
  0.224341E-01  0.595276E+05  0.381129E+05  0.260717E+04  0.156940E+04  0.000000E+00  0.560378E+05  0.560378E+05  0.562062E+05 -0.322163E+00  0.554699E+05  0.471213E+05  0.106058E+04
  0.247711E-01  0.559323E+05  0.321734E+05  0.195060E+04  0.841203E+03  0.000000E+00  0.520605E+05  0.520605E+05  0.521760E+05 -0.299018E+00  0.515641E+05  0.424975E+05  0.104313E+04
  0.273517E-01  0.522181E+05  0.263832E+05  0.847303E+03  0.819020E+03  0.000000E+00  0.480080E+05  0.480080E+05  0.480725E+05 -0.275419E+00  0.475987E+05  0.379800E+05  0.100224E+04
  0.302011E-01  0.484299E+05  0.210205E+05  0.261044E+03  0.616408E+03  0.000000E+00  0.439632E+05  0.439632E+05  0.439945E+05 -0.251893E+00  0.436443E+05  0.337359E+05  0.935010E+03
  0.333473E-01  0.446269E+05  0.164111E+05  0.447658E+03  0.460181E+03  0.000000E+00  0.400288E+05  0.400288E+05  0.400637E+05 -0.229122E+00  0.397734E+05  0.299391E+05  0.840472E+03
  0.368212E-01  0.408811E+05  0.128884E+05  0.622425E+03  0.342906E+03  0.000000E+00  0.363194E+05  0.363194E+05  0.363586E+05 -0.207779E+00  0.360813E+05  0.267699E+05  0.720705E+03
  0.406571E-01  0.372707E+05  0.107205E+05  0.276418E+03  0.257072E+03  0.000000E+00  0.329440E+05  0.329440E+05  0.329647E+05 -0.188375E+00  0.326684E+05  0.243682E+05  0.581822E+03
  0.447228E-01  0.339906E+05  0.100038E+05  0.198028E+03  0.196376E+03  0.000000E+00  0.300817E+05  0.300817E+05  0.300969E+05 -0.171894E+00  0.297086E+05  0.228007E+05  0.440200E+03
  0.487885E-01  0.312191E+05  0.104083E+05  0.156031E+03  0.154696E+03  0.000000E+00  0.278277E+05  0.278277E+05  0.278397E+05 -0.158949E+00  0.273484E+05  0.219492E+05  0.315387E+03
  0.528542E-01  0.288618E+05  0.113622E+05  0.126183E+03  0.125073E+03  0.000000E+00  0.260100E+05  0.260100E+05  0.260197E+05 -0.148519E+00  0.254128E+05  0.214285E+05  0.214834E+03
  0.569199E-01  0.268405E+05  0.123675E+05  0.103881E+03  0.102946E+03  0.000000E+00  0.244819E+05  0.244819E+05  0.244899E+05 -0.139759E+00  0.237849E+05  0.209560E+05  0.141639E+03
  0.609856E-01  0.250745E+05  0.130381E+05  0.863338E+02  0.855437E+02  0.000000E+00  0.231130E+05  0.231130E+05  0.231196E+05 -0.131920E+00  0.223601E+05  0.203257E+05  0.950700E+02
  0.650513E-01  0.235020E+05  0.131491E+05  0.720070E+02  0.713434E+02  0.000000E+00  0.218148E+05  0.218148E+05  0.218204E+05 -0.124493E+00  0.210587E+05  0.194266E+05  0.715033E+02
  0.691171E-01  0.220747E+05  0.126346E+05  0.600832E+02  0.595315E+02  0.000000E+00  0.205363E+05  0.205363E+05  0.205409E+05 -0.117185E+00  0.198217E+05  0.182342E+05  0.654567E+02
  0.731828E-01  0.207590E+05  0.115684E+05  0.500877E+02  0.496343E+02  0.000000E+00  0.192613E+05  0.192613E+05  0.192652E+05 -0.109901E+00  0.186210E+05  0.168065E+05  0.706621E+02
  0.772485E-01  0.195346E+05  0.101242E+05  0.417201E+02  0.413506E+02  0.000000E+00  0.180010E+05  0.180010E+05  0.180042E+05 -0.102705E+00  0.174558E+05  0.152586E+05  0.810622E+02
  0.813142E-01  0.183919E+05  0.852742E+04  0.347802E+02  0.344802E+02  0.000000E+00  0.167844E+05  0.167844E+05  0.167870E+05 -0.957588E-01  0.163414E+05  0.137280E+05  0.915950E+02
  0.853799E-01  0.173290E+05  0.700480E+04  0.291231E+02  0.288785E+02  0.000000E+00  0.156466E+05  0.156466E+05  0.156488E+05 -0.892638E-01  0.152964E+05  0.123401E+05  0.986807E+02
  0.904429E-01  0.161218E+05  0.549126E+04  0.236506E+02  0.234572E+02  0.000000E+00  0.143894E+05  0.143894E+05  0.143913E+05 -0.820880E-01  0.141215E+05  0.109513E+05  0.998960E+02
  0.955060E-01  0.150511E+05  0.459465E+04  0.196080E+02  0.194492E+02  0.000000E+00  0.133471E+05  0.133471E+05  0.133486E+05 -0.761380E-01  0.131172E+05  0.100224E+05  0.923487E+02
  0.100569E+00  0.141156E+05  0.433729E+04  0.166379E+02  0.165018E+02  0.000000E+00  0.125221E+05  0.125221E+05  0.125233E+05 -0.714279E-01  0.122930E+05  0.953314E+04  0.782095E+02
  0.105632E+00  0.133006E+05  0.457396E+04  0.144209E+02  0.142998E+02  0.000000E+00  0.118785E+05  0.118785E+05  0.118796E+05 -0.677533E-01  0.116240E+05  0.936103E+04  0.610548E+02
  0.110695E+00  0.125846E+05  0.506205E+04  0.126964E+02  0.125864E+02  0.000000E+00  0.113587E+05  0.113587E+05  0.113597E+05 -0.647857E-01  0.110654E+05  0.933395E+04  0.445767E+02
  0.115758E+00  0.119444E+05  0.554327E+04  0.112648E+02  0.111647E+02  0.000000E+00  0.109013E+05  0.109013E+05  0.109022E+05 -0.621742E-01  0.105713E+05  0.928818E+04  0.315907E+02
  0.120821E+00  0.113573E+05  0.581185E+04  0.999411E+01  0.990403E+01  0.000000E+00  0.104536E+05  0.104536E+05  0.104544E+05 -0.596191E-01  0.101034E+05  0.910632E+04  0.235184E+02
  0.125884E+00  0.108052E+05  0.575923E+04  0.881798E+01  0.873836E+01  0.000000E+00  0.998287E+04  0.998287E+04  0.998354E+04 -0.569331E-01  0.963610E+04  0.873746E+04  0.203448E+02
  0.130947E+00  0.102787E+05  0.538723E+04  0.772130E+01  0.765225E+01  0.000000E+00  0.948156E+04  0.948156E+04  0.948216E+04 -0.540733E-01  0.916188E+04  0.819967E+04  0.209415E+02
  0.136010E+00  0.977567E+04  0.478709E+04  0.671954E+01  0.666053E+01  0.000000E+00  0.896272E+04  0.896272E+04  0.896323E+04 -0.511137E-01  0.868598E+04  0.756018E+04  0.235901E+02
  0.141073E+00  0.929707E+04  0.409784E+04  0.583756E+01  0.578746E+01  0.000000E+00  0.844979E+04  0.844979E+04  0.845024E+04 -0.481881E-01  0.821918E+04  0.690587E+04  0.265312E+02
  0.146136E+00  0.884674E+04  0.346316E+04  0.509127E+01  0.504853E+01  0.000000E+00  0.796941E+04  0.796941E+04  0.796980E+04 -0.454481E-01  0.777714E+04  0.632106E+04  0.283965E+02
  0.151199E+00  0.843126E+04  0.299506E+04  0.448017E+01  0.444310E+01  0.000000E+00  0.754537E+04  0.754537E+04  0.754571E+04 -0.430294E-01  0.737895E+04  0.586962E+04  0.284491E+02
  0.156262E+00  0.805542E+04  0.274802E+04  0.399114E+01  0.395816E+01  0.000000E+00  0.719051E+04  0.719051E+04  0.719081E+04 -0.410053E-01  0.703657E+04  0.557688E+04  0.266222E+02
  0.161325E+00  0.771785E+04  0.271134E+04  0.360353E+01  0.357344E+01  0.000000E+00  0.690197E+04  0.690197E+04  0.690225E+04 -0.393594E-01  0.674725E+04  0.542364E+04  0.233828E+02
  0.166388E+00  0.741277E+04  0.282343E+04  0.329125E+01  0.326329E+01  0.000000E+00  0.666488E+04  0.666488E+04  0.666513E+04 -0.380068E-01  0.649905E+04  0.536113E+04  0.194906E+02
  0.171451E+00  0.713388E+04  0.299809E+04  0.302681E+01  0.300061E+01  0.000000E+00  0.645990E+04  0.645990E+04  0.646013E+04 -0.368375E-01  0.627961E+04  0.533277E+04  0.157388E+02
  0.176515E+00  0.687501E+04  0.314992E+04  0.278817E+01  0.276367E+01  0.000000E+00  0.626796E+04  0.626796E+04  0.626818E+04 -0.357426E-01  0.607698E+04  0.528748E+04  0.127471E+02
  0.181578E+00  0.662948E+04  0.321403E+04  0.256255E+01  0.253984E+01  0.000000E+00  0.607289E+04  0.607289E+04  0.607309E+04 -0.346299E-01  0.587836E+04  0.518748E+04  0.108437E+02
  0.186641E+00  0.639171E+04  0.315939E+04  0.234489E+01  0.232410E+01  0.000000E+00  0.586496E+04  0.586496E+04  0.586514E+04 -0.334440E-01  0.567447E+04  0.501690E+04  0.100410E+02
  0.191704E+00  0.615966E+04  0.299261E+04  0.213509E+01  0.211629E+01  0.000000E+00  0.564355E+04  0.564355E+04  0.564371E+04 -0.321813E-01  0.546424E+04  0.478518E+04  0.100953E+02
  0.196767E+00  0.593439E+04  0.274990E+04  0.193670E+01  0.191984E+01  0.000000E+00  0.541544E+04  0.541544E+04  0.541559E+04 -0.308804E-01  0.525264E+04  0.451950E+04  0.106188E+02
  0.201830E+00  0.571795E+04  0.248180E+04  0.175508E+01  0.174001E+01  0.000000E+00  0.519057E+04  0.519057E+04  0.519071E+04 -0.295981E-01  0.504578E+04  0.425226E+04  0.112050E+02
  0.206893E+00  0.551224E+04  0.223780E+04  0.159462E+01  0.158109E+01  0.000000E+00  0.497863E+04  0.497863E+04  0.497875E+04 -0.283894E-01  0.484925E+04  0.401222E+04  0.115302E+02
  0.211956E+00  0.531916E+04  0.205473E+04  0.145684E+01  0.144457E+01  0.000000E+00  0.478718E+04  0.478718E+04  0.478729E+04 -0.272976E-01  0.466827E+04  0.381940E+04  0.114139E+02
  0.217019E+00  0.514011E+04  0.194967E+04  0.134055E+01  0.132927E+01  0.000000E+00  0.462019E+04  0.462019E+04  0.462029E+04 -0.263452E-01  0.450635E+04  0.368142E+04  0.108332E+02
  0.222082E+00  0.497515E+04  0.191840E+04  0.124262E+01  0.123211E+01  0.000000E+00  0.447701E+04  0.447701E+04  0.447711E+04 -0.255287E-01  0.436355E+04  0.359247E+04  0.989514E+01
  0.227145E+00  0.482277E+04  0.193961E+04  0.115873E+01  0.114883E+01  0.000000E+00  0.435292E+04  0.435292E+04  0.435301E+04 -0.248210E-01  0.423678E+04  0.353677E+04  0.878287E+01
  0.232208E+00  0.468048E+04  0.198309E+04  0.108427E+01  0.107492E+01  0.000000E+00  0.424090E+04  0.424090E+04  0.424099E+04 -0.241822E-01  0.412126E+04  0.349435E+04  0.769430E+01
  0.237271E+00  0.454560E+04  0.201881E+04  0.101554E+01  0.100670E+01  0.000000E+00  0.413383E+04  0.413383E+04  0.413391E+04 -0.235715E-01  0.401174E+04  0.344644E+04  0.679003E+01
  0.242334E+00  0.441583E+04  0.202432E+04  0.950188E+00  0.941880E+00  0.000000E+00  0.402610E+04  0.402610E+04  0.402618E+04 -0.229572E-01  0.390369E+04  0.337982E+04  0.616095E+01
  0.247397E+00  0.428962E+04  0.198902E+04  0.887076E+00  0.879318E+00  0.000000E+00  0.391471E+04  0.391471E+04  0.391478E+04 -0.223220E-01  0.379457E+04  0.328945E+04  0.581889E+01
  0.252460E+00  0.416635E+04  0.191488E+04  0.826050E+00  0.818851E+00  0.000000E+00  0.379944E+04  0.379944E+04  0.379951E+04 -0.216646E-01  0.368420E+04  0.317849E+04  0.570881E+01
  0.257523E+00  0.404619E+04  0.181375E+04  0.767797E+00  0.761146E+00  0.000000E+00  0.368238E+04  0.368238E+04  0.368244E+04 -0.209971E-01  0.357392E+04  0.305567E+04  0.573537E+01
  0.262586E+00  0.392984E+04  0.170279E+04  0.713448E+00  0.707310E+00  0.000000E+00  0.356691E+04  0.356691E+04  0.356697E+04 -0.203387E-01  0.346571E+04  0.293187E+04  0.579392E+01
  0.267649E+00  0.381819E+04  0.159929E+04  0.663956E+00  0.658279E+00  0.000000E+00  0.345659E+04  0.345659E+04  0.345664E+04 -0.197096E-01  0.336176E+04  0.281733E+04  0.579712E+01
  0.272712E+00  0.371199E+04  0.151638E+04  0.619706E+00  0.614428E+00  0.000000E+00  0.335419E+04  0.335419E+04  0.335424E+04 -0.191256E-01  0.326412E+04  0.271943E+04  0.569225E+01
  0.277775E+00  0.361169E+04  0.146053E+04  0.580538E+00  0.575596E+00  0.000000E+00  0.326113E+04  0.326113E+04  0.326118E+04 -0.185950E-01  0.317407E+04  0.264122E+04  0.546697E+01
  0.282838E+00  0.351732E+04  0.143097E+04  0.545911E+00  0.541254E+00  0.000000E+00  0.317733E+04  0.317733E+04  0.317737E+04 -0.181171E-01  0.309165E+04  0.258111E+04  0.514432E+01
  0.287901E+00  0.342840E+04  0.142099E+04  0.515024E+00  0.510611E+00  0.000000E+00  0.310127E+04  0.310127E+04  0.310131E+04 -0.176834E-01  0.301579E+04  0.253394E+04  0.476985E+01
  0.292964E+00  0.334404E+04  0.142052E+04  0.486932E+00  0.482739E+00  0.000000E+00  0.303058E+04  0.303058E+04  0.303061E+04 -0.172803E-01  0.294477E+04  0.249289E+04  0.439584E+01
  0.298027E+00  0.326325E+04  0.141918E+04  0.460763E+00  0.456778E+00  0.000000E+00  0.296274E+04  0.296274E+04  0.296277E+04 -0.168934E-01  0.287683E+04  0.245152E+04  0.406707E+01
  0.303090E+00  0.318525E+04  0.140891E+04  0.435907E+00  0.432127E+00  0.000000E+00  0.289577E+04  0.289577E+04  0.289580E+04 -0.165115E-01  0.281049E+04  0.240515E+04  0.381141E+01
  0.308153E+00  0.310945E+04  0.138552E+04  0.412063E+00  0.408488E+00  0.000000E+00  0.282851E+04  0.282851E+04  0.282855E+04 -0.161280E-01  0.274478E+04  0.235161E+04  0.363613E+01
  0.313216E+00  0.303552E+04  0.134892E+04  0.389167E+00  0.385795E+00  0.000000E+00  0.276067E+04  0.276067E+04  0.276070E+04 -0.157411E-01  0.267927E+04  0.229132E+04  0.352995E+01
  0.318279E+00  0.296338E+04  0.130254E+04  0.367307E+00  0.364134E+00  0.000000E+00  0.269273E+04  0.269273E+04  0.269275E+04 -0.153537E-01  0.261424E+04  0.222681E+04  0.346911E+01
  0.323342E+00  0.289328E+04  0.125198E+04  0.346660E+00  0.343675E+00  0.000000E+00  0.262581E+04  0.262581E+04  0.262583E+04 -0.149721E-01  0.255049E+04  0.216185E+04  0.342541E+01
  0.328406E+00  0.282559E+04  0.120325E+04  0.327413E+00  0.324602E+00  0.000000E+00  0.256121E+04  0.256121E+04  0.256123E+04 -0.146038E-01  0.248894E+04  0.210017E+04  0.337379E+01
  0.333469E+00  0.276056E+04  0.116109E+04  0.309692E+00  0.307038E+00  0.000000E+00  0.249990E+04  0.249990E+04  0.249993E+04 -0.142542E-01  0.243022E+04  0.204437E+04  0.329758E+01
  0.338532E+00  0.269824E+04  0.112805E+04  0.293498E+00  0.290984E+00  0.000000E+00  0.244235E+04  0.244235E+04  0.244238E+04 -0.139261E-01  0.237456E+04  0.199555E+04  0.319076E+01
  0.343595E+00  0.263861E+04  0.110433E+04  0.278711E+00  0.276322E+00  0.000000E+00  0.238858E+04  0.238858E+04  0.238860E+04 -0.136194E-01  0.232203E+04  0.195344E+04  0.305725E+01
  0.348658E+00  0.258162E+04  0.108817E+04  0.265138E+00  0.262862E+00  0.000000E+00  0.233824E+04  0.233824E+04  0.233827E+04 -0.133324E-01  0.227249E+04  0.191674E+04  0.290798E+01
  0.353721E+00  0.252703E+04  0.107645E+04  0.252556E+00  0.250383E+00  0.000000E+00  0.229064E+04  0.229064E+04  0.229066E+04 -0.130609E-01  0.222549E+04  0.188332E+04  0.275687E+01
  0.358784E+00  0.247443E+04  0.106559E+04  0.240755E+00  0.238679E+00  0.000000E+00  0.224484E+04  0.224484E+04  0.224486E+04 -0.127998E-01  0.218029E+04  0.185085E+04  0.261684E+01
  0.363847E+00  0.242345E+04  0.105262E+04  0.229566E+00  0.227584E+00  0.000000E+00  0.220006E+04  0.220006E+04  0.220008E+04 -0.125445E-01  0.213627E+04  0.181750E+04  0.249684E+01
  0.368910E+00  0.237390E+04  0.103580E+04  0.218883E+00  0.216993E+00  0.000000E+00  0.215583E+04  0.215583E+04  0.215585E+04 -0.122923E-01  0.209306E+04  0.178234E+04  0.240041E+01
  0.373973E+00  0.232565E+04  0.101477E+04  0.208660E+00  0.206858E+00  0.000000E+00  0.211202E+04  0.211202E+04  0.211204E+04 -0.120425E-01  0.205056E+04  0.174537E+04  0.232578E+01
  0.379036E+00  0.227863E+04  0.990381E+03  0.198893E+00  0.197177E+00  0.000000E+00  0.206869E+04  0.206869E+04  0.206871E+04 -0.117954E-01  0.200876E+04  0.170722E+04  0.226728E+01
  0.384099E+00  0.223283E+04  0.964254E+03  0.189605E+00  0.187972E+00  0.000000E+00  0.202610E+04  0.202610E+04  0.202612E+04 -0.115525E-01  0.196781E+04  0.166897E+04  0.221734E+01
  0.389162E+00  0.218834E+04  0.938357E+03  0.180834E+00  0.179279E+00  0.000000E+00  0.198464E+04  0.198464E+04  0.198466E+04 -0.113161E-01  0.192795E+04  0.163182E+04  0.216864E+01
  0.394225E+00  0.214527E+04  0.914432E+03  0.172606E+00  0.171123E+00  0.000000E+00  0.194469E+04  0.194469E+04  0.194470E+04 -0.110883E-01  0.188944E+04  0.159678E+04  0.211573E+01
  0.399288E+00  0.210365E+04  0.893565E+03  0.164918E+00  0.163502E+00  0.000000E+00  0.190645E+04  0.190645E+04  0.190646E+04 -0.108703E-01  0.185243E+04  0.156439E+04  0.205592E+01
  0.404351E+00  0.206345E+04  0.876037E+03  0.157740E+00  0.156385E+00  0.000000E+00  0.186995E+04  0.186995E+04  0.186996E+04 -0.106621E-01  0.181694E+04  0.153469E+04  0.198936E+01
  0.409414E+00  0.202462E+04  0.861441E+03  0.151026E+00  0.149728E+00  0.000000E+00  0.183507E+04  0.183507E+04  0.183508E+04 -0.104633E-01  0.178289E+04  0.150729E+04  0.191840E+01
  0.414477E+00  0.198711E+04  0.848886E+03  0.144722E+00  0.143477E+00  0.000000E+00  0.180162E+04  0.180162E+04  0.180163E+04 -0.102725E-01  0.175014E+04  0.148157E+04  0.184665E+01
  0.419540E+00  0.195079E+04  0.837247E+03  0.138767E+00  0.137573E+00  0.000000E+00  0.176932E+04  0.176932E+04  0.176933E+04 -0.100884E-01  0.171850E+04  0.145680E+04  0.177778E+01
  0.424603E+00  0.191552E+04  0.825453E+03  0.133108E+00  0.131961E+00  0.000000E+00  0.173788E+04  0.173788E+04  0.173789E+04 -0.990907E-02  0.168776E+04  0.143230E+04  0.171465E+01
  0.429666E+00  0.188118E+04  0.812763E+03  0.127705E+00  0.126604E+00  0.000000E+00  0.170707E+04  0.170707E+04  0.170708E+04 -0.973339E-02  0.165773E+04  0.140765E+04  0.165873E+01
  0.434729E+00  0.184772E+04  0.798902E+03  0.122540E+00  0.121484E+00  0.000000E+00  0.167680E+04  0.167680E+04  0.167681E+04 -0.956080E-02  0.162831E+04  0.138271E+04  0.161007E+01
  0.439792E+00  0.181510E+04  0.784007E+03  0.117603E+00  0.116589E+00  0.000000E+00  0.164707E+04  0.164707E+04  0.164708E+04 -0.939129E-02  0.159950E+04  0.135762E+04  0.156744E+01
  0.444855E+00  0.178329E+04  0.768506E+03  0.112889E+00  0.111917E+00  0.000000E+00  0.161792E+04  0.161792E+04  0.161793E+04 -0.922507E-02  0.157129E+04  0.133265E+04  0.152886E+01
  0.449918E+00  0.175228E+04  0.752986E+03  0.108398E+00  0.107465E+00  0.000000E+00  0.158944E+04  0.158944E+04  0.158944E+04 -0.906266E-02  0.154376E+04  0.130818E+04  0.149223E+01
  0.454981E+00  0.172211E+04  0.738052E+03  0.104135E+00  0.103239E+00  0.000000E+00  0.156175E+04  0.156175E+04  0.156175E+04 -0.890477E-02  0.151698E+04  0.128457E+04  0.145578E+01
  0.460044E+00  0.169279E+04  0.724151E+03  0.100096E+00  0.992355E-01  0.000000E+00  0.153494E+04  0.153494E+04  0.153495E+04 -0.875193E-02  0.149101E+04  0.126204E+04  0.141842E+01
  0.465107E+00  0.166431E+04  0.711462E+03  0.962742E-01  0.954463E-01  0.000000E+00  0.150903E+04  0.150903E+04  0.150904E+04 -0.860419E-02  0.146585E+04  0.124066E+04  0.137984E+01
  0.470170E+00  0.163661E+04  0.699921E+03  0.926538E-01  0.918570E-01  0.000000E+00  0.148397E+04  0.148397E+04  0.148397E+04 -0.846129E-02  0.144146E+04  0.122033E+04  0.134041E+01
  0.475233E+00  0.160969E+04  0.689308E+03  0.892186E-01  0.884511E-01  0.000000E+00  0.145970E+04  0.145970E+04  0.145971E+04 -0.832293E-02  0.141781E+04  0.120088E+04  0.130097E+01
  0.480297E+00  0.158352E+04  0.679305E+03  0.859511E-01  0.852115E-01  0.000000E+00  0.143616E+04  0.143616E+04  0.143617E+04 -0.818872E-02  0.139487E+04  0.118210E+04  0.126252E+01
  0.485360E+00  0.155804E+04  0.669549E+03  0.828344E-01  0.821213E-01  0.000000E+00  0.141325E+04  0.141325E+04  0.141325E+04 -0.805804E-02  0.137254E+04  0.116376E+04  0.122593E+01
  0.490423E+00  0.153317E+04  0.659732E+03  0.798539E-01  0.791663E-01  0.000000E+00  0.139084E+04  0.139084E+04  0.139084E+04 -0.793025E-02  0.135072E+04  0.114564E+04  0.119175E+01
  0.495486E+00  0.150890E+04  0.649697E+03  0.769994E-01  0.763363E-01  0.000000E+00  0.136888E+04  0.136888E+04  0.136888E+04 -0.780506E-02  0.132937E+04  0.112766E+04  0.116017E+01
  0.500549E+00  0.148520E+04  0.639447E+03  0.742641E-01  0.736247E-01  0.000000E+00  0.134738E+04  0.134738E+04  0.134738E+04 -0.768245E-02  0.130849E+04  0.110985E+04  0.113096E+01
  0.505612E+00  0.146207E+04  0.629077E+03  0.716436E-01  0.710268E-01  0.000000E+00  0.132633E+04  0.132633E+04  0.132633E+04 -0.756243E-02  0.128807E+04  0.109227E+04  0.110365E+01
  0.510675E+00  0.143948E+04  0.618728E+03  0.691346E-01  0.685396E-01  0.000000E+00  0.130572E+04  0.130572E+04  0.130573E+04 -0.744496E-02  0.126810E+04  0.107500E+04  0.107766E+01
  0.515738E+00  0.141740E+04  0.608581E+03  0.667350E-01  0.661608E-01  0.000000E+00  0.128559E+04  0.128559E+04  0.128560E+04 -0.733018E-02  0.124858E+04  0.105813E+04  0.105243E+01
  0.520801E+00  0.139587E+04  0.598814E+03  0.644424E-01  0.638879E-01  0.000000E+00  0.126598E+04  0.126598E+04  0.126598E+04 -0.721833E-02  0.122955E+04  0.104178E+04  0.102754E+01
  0.525864E+00  0.137487E+04  0.589527E+03  0.622530E-01  0.617174E-01  0.000000E+00  0.124689E+04  0.124689E+04  0.124690E+04 -0.710951E-02  0.121103E+04  0.102600E+04  0.100280E+01
  0.530927E+00  0.135439E+04  0.580720E+03  0.601617E-01  0.596441E-01  0.000000E+00  0.122831E+04  0.122831E+04  0.122831E+04 -0.700355E-02  0.119298E+04  0.101074E+04  0.978203E+00
  0.535990E+00  0.133438E+04  0.572334E+03  0.581627E-01  0.576623E-01  0.000000E+00  0.121020E+04  0.121020E+04  0.121020E+04 -0.690027E-02  0.117536E+04  0.995964E+03  0.953893E+00
  0.541053E+00  0.131486E+04  0.564292E+03  0.562501E-01  0.557661E-01  0.000000E+00  0.119254E+04  0.119254E+04  0.119255E+04 -0.679960E-02  0.115819E+04  0.981606E+03  0.930114E+00
  0.546116E+00  0.129580E+04  0.556495E+03  0.544177E-01  0.539493E-01  0.000000E+00  0.117532E+04  0.117532E+04  0.117532E+04 -0.670140E-02  0.114143E+04  0.967608E+03  0.907109E+00
  0.551179E+00  0.127718E+04  0.548827E+03  0.526595E-01  0.522062E-01  0.000000E+00  0.115848E+04  0.115848E+04  0.115849E+04 -0.660540E-02  0.112506E+04  0.953888E+03  0.885062E+00
  0.556242E+00  0.125895E+04  0.541203E+03  0.509707E-01  0.505320E-01  0.000000E+00  0.114199E+04  0.114199E+04  0.114199E+04 -0.651135E-02  0.110903E+04  0.940382E+03  0.864059E+00
  0.561305E+00  0.124113E+04  0.533601E+03  0.493479E-01  0.489232E-01  0.000000E+00  0.112583E+04  0.112583E+04  0.112583E+04 -0.641921E-02  0.109332E+04  0.927079E+03  0.844086E+00
  0.566368E+00  0.122370E+04  0.526044E+03  0.477883E-01  0.473770E-01  0.000000E+00  0.111001E+04  0.111001E+04  0.111001E+04 -0.632900E-02  0.107796E+04  0.914002E+03  0.825040E+00
  0.571431E+00  0.120665E+04  0.518561E+03  0.462892E-01  0.458909E-01  0.000000E+00  0.109452E+04  0.109452E+04  0.109452E+04 -0.624067E-02  0.106293E+04  0.901166E+03  0.806762E+00
  0.576494E+00  0.118996E+04  0.511191E+03  0.448484E-01  0.444624E-01  0.000000E+00  0.107934E+04  0.107934E+04  0.107935E+04 -0.615416E-02  0.104820E+04  0.888582E+03  0.789083E+00
  0.581557E+00  0.117362E+04  0.503987E+03  0.434640E-01  0.430900E-01  0.000000E+00  0.106449E+04  0.106449E+04  0.106450E+04 -0.606949E-02  0.103378E+04  0.876280E+03  0.771860E+00
  0.586620E+00  0.115764E+04  0.497001E+03  0.421343E-01  0.417717E-01  0.000000E+00  0.104998E+04  0.104998E+04  0.104998E+04 -0.598675E-02  0.101970E+04  0.864291E+03  0.754997E+00
  0.591683E+00  0.114202E+04  0.490247E+03  0.408570E-01  0.405054E-01  0.000000E+00  0.103580E+04  0.103580E+04  0.103581E+04 -0.590590E-02  0.100593E+04  0.852615E+03  0.738452E+00
  0.616337E+00  0.107051E+04  0.459949E+03  0.353021E-01  0.349983E-01  0.000000E+00  0.971011E+03  0.971011E+03  0.971013E+03 -0.553647E-02  0.942962E+03  0.799490E+03  0.663416E+00
  0.631147E+00  0.103088E+04  0.442966E+03  0.324197E-01  0.321408E-01  0.000000E+00  0.935073E+03  0.935073E+03  0.935076E+03 -0.533156E-02  0.908053E+03  0.769904E+03  0.623813E+00
  0.652539E+00  0.977578E+03  0.419888E+03  0.287598E-01  0.285123E-01  0.000000E+00  0.886696E+03  0.886696E+03  0.886698E+03 -0.505572E-02  0.861074E+03  0.730001E+03  0.572457E+00
  0.674657E+00  0.926920E+03  0.398227E+03  0.255124E-01  0.252929E-01  0.000000E+00  0.840763E+03  0.840763E+03  0.840765E+03 -0.479382E-02  0.816452E+03  0.692244E+03  0.524688E+00
  0.697525E+00  0.878767E+03  0.377573E+03  0.226281E-01  0.224334E-01  0.000000E+00  0.797091E+03  0.797091E+03  0.797093E+03 -0.454481E-02  0.774033E+03  0.656300E+03  0.481034E+00
  0.721168E+00  0.833001E+03  0.357892E+03  0.200666E-01  0.198939E-01  0.000000E+00  0.755576E+03  0.755576E+03  0.755577E+03 -0.430810E-02  0.733712E+03  0.622117E+03  0.441009E+00
  0.745612E+00  0.789512E+03  0.339241E+03  0.177931E-01  0.176400E-01  0.000000E+00  0.716135E+03  0.716135E+03  0.716136E+03 -0.408321E-02  0.695403E+03  0.589662E+03  0.404172E+00
  0.770884E+00  0.748189E+03  0.321480E+03  0.157748E-01  0.156390E-01  0.000000E+00  0.678651E+03  0.678651E+03  0.678652E+03 -0.386949E-02  0.658997E+03  0.558800E+03  0.370428E+00
  0.797014E+00  0.708936E+03  0.304624E+03  0.139836E-01  0.138633E-01  0.000000E+00  0.643048E+03  0.643048E+03  0.643049E+03 -0.366649E-02  0.624417E+03  0.529492E+03  0.339432E+00
  0.824028E+00  0.671660E+03  0.288618E+03  0.123943E-01  0.122876E-01  0.000000E+00  0.609238E+03  0.609238E+03  0.609239E+03 -0.347371E-02  0.591581E+03  0.501660E+03  0.310995E+00
  0.851959E+00  0.636263E+03  0.273414E+03  0.109841E-01  0.108896E-01  0.000000E+00  0.577133E+03  0.577133E+03  0.577133E+03 -0.329065E-02  0.560401E+03  0.475230E+03  0.284910E+00
  0.880836E+00  0.602655E+03  0.258981E+03  0.973327E-02  0.964952E-02  0.000000E+00  0.546649E+03  0.546649E+03  0.546650E+03 -0.311684E-02  0.530795E+03  0.450134E+03  0.260978E+00
  0.910692E+00  0.570759E+03  0.245281E+03  0.862382E-02  0.854962E-02  0.000000E+00  0.517718E+03  0.517718E+03  0.517719E+03 -0.295188E-02  0.502698E+03  0.426316E+03  0.239032E+00
  0.941560E+00  0.540485E+03  0.232278E+03  0.763992E-02  0.757419E-02  0.000000E+00  0.490259E+03  0.490259E+03  0.490259E+03 -0.279532E-02  0.476031E+03  0.403710E+03  0.218904E+00
  0.973475E+00  0.511755E+03  0.219936E+03  0.676745E-02  0.670923E-02  0.000000E+00  0.464199E+03  0.464199E+03  0.464200E+03 -0.264674E-02  0.450724E+03  0.382255E+03  0.200449E+00
  0.100647E+01  0.484496E+03  0.208225E+03  0.599390E-02  0.594233E-02  0.000000E+00  0.439474E+03  0.439474E+03  0.439474E+03 -0.250576E-02  0.426712E+03  0.361898E+03  0.183529E+00
  0.104058E+01  0.458634E+03  0.197114E+03  0.530814E-02  0.526247E-02  0.000000E+00  0.416016E+03  0.416016E+03  0.416016E+03 -0.237201E-02  0.403932E+03  0.342585E+03  0.168017E+00
  0.107586E+01  0.434102E+03  0.186574E+03  0.470030E-02  0.465986E-02  0.000000E+00  0.393764E+03  0.393764E+03  0.393765E+03 -0.224513E-02  0.382323E+03  0.324263E+03  0.153800E+00
  0.111232E+01  0.410841E+03  0.176581E+03  0.416163E-02  0.412582E-02  0.000000E+00  0.372665E+03  0.372665E+03  0.372665E+03 -0.212483E-02  0.361834E+03  0.306892E+03  0.140771E+00
  0.115002E+01  0.388784E+03  0.167105E+03  0.368429E-02  0.365260E-02  0.000000E+00  0.352659E+03  0.352659E+03  0.352659E+03 -0.201076E-02  0.342407E+03  0.290419E+03  0.128833E+00
  0.118900E+01  0.367872E+03  0.158119E+03  0.326136E-02  0.323330E-02  0.000000E+00  0.333690E+03  0.333690E+03  0.333690E+03 -0.190260E-02  0.323986E+03  0.274801E+03  0.117895E+00
  0.122931E+01  0.348046E+03  0.149601E+03  0.288666E-02  0.286182E-02  0.000000E+00  0.315707E+03  0.315707E+03  0.315707E+03 -0.180007E-02  0.306524E+03  0.259994E+03  0.107874E+00
  0.127097E+01  0.329254E+03  0.141526E+03  0.255473E-02  0.253275E-02  0.000000E+00  0.298662E+03  0.298662E+03  0.298662E+03 -0.170288E-02  0.289972E+03  0.245958E+03  0.986943E-01
  0.131405E+01  0.311445E+03  0.133874E+03  0.226074E-02  0.224129E-02  0.000000E+00  0.282507E+03  0.282507E+03  0.282508E+03 -0.161078E-02  0.274286E+03  0.232657E+03  0.902869E-01
  0.135859E+01  0.294570E+03  0.126622E+03  0.200038E-02  0.198317E-02  0.000000E+00  0.267201E+03  0.267201E+03  0.267201E+03 -0.152350E-02  0.259423E+03  0.220053E+03  0.825877E-01
  0.140464E+01  0.278582E+03  0.119752E+03  0.176983E-02  0.175460E-02  0.000000E+00  0.252699E+03  0.252699E+03  0.252699E+03 -0.144081E-02  0.245341E+03  0.208111E+03  0.755379E-01
  0.145225E+01  0.263435E+03  0.113243E+03  0.156569E-02  0.155222E-02  0.000000E+00  0.238960E+03  0.238960E+03  0.238960E+03 -0.136248E-02  0.232001E+03  0.196798E+03  0.690832E-01
  0.150148E+01  0.249087E+03  0.107076E+03  0.138496E-02  0.137305E-02  0.000000E+00  0.225945E+03  0.225945E+03  0.225945E+03 -0.128827E-02  0.219363E+03  0.186081E+03  0.631739E-01
  0.155237E+01  0.235499E+03  0.101237E+03  0.122498E-02  0.121445E-02  0.000000E+00  0.213619E+03  0.213619E+03  0.213619E+03 -0.121799E-02  0.207396E+03  0.175931E+03  0.577648E-01
  0.160499E+01  0.222632E+03  0.957076E+02  0.108338E-02  0.107406E-02  0.000000E+00  0.201948E+03  0.201948E+03  0.201948E+03 -0.115145E-02  0.196063E+03  0.166320E+03  0.528142E-01
  0.165939E+01  0.210448E+03  0.904710E+02  0.958062E-03  0.949820E-03  0.000000E+00  0.190896E+03  0.190896E+03  0.190896E+03 -0.108843E-02  0.185332E+03  0.157219E+03  0.482834E-01
  0.171563E+01  0.198912E+03  0.855128E+02  0.847156E-03  0.839868E-03  0.000000E+00  0.180432E+03  0.180432E+03  0.180432E+03 -0.102877E-02  0.175172E+03  0.148602E+03  0.441372E-01
  0.177379E+01  0.187991E+03  0.808194E+02  0.749021E-03  0.742578E-03  0.000000E+00  0.170526E+03  0.170526E+03  0.170526E+03 -0.972290E-03  0.165554E+03  0.140445E+03  0.403435E-01
  0.183391E+01  0.177655E+03  0.763767E+02  0.662197E-03  0.656501E-03  0.000000E+00  0.161150E+03  0.161150E+03  0.161150E+03 -0.918832E-03  0.156451E+03  0.132723E+03  0.368728E-01
  0.189607E+01  0.167872E+03  0.721718E+02  0.585386E-03  0.580351E-03  0.000000E+00  0.152277E+03  0.152277E+03  0.152277E+03 -0.868237E-03  0.147835E+03  0.125416E+03  0.336978E-01
  0.196034E+01  0.158615E+03  0.681927E+02  0.517440E-03  0.512989E-03  0.000000E+00  0.143879E+03  0.143879E+03  0.143879E+03 -0.820357E-03  0.139682E+03  0.118500E+03  0.307936E-01
  0.202678E+01  0.149855E+03  0.644278E+02  0.457342E-03  0.453408E-03  0.000000E+00  0.135934E+03  0.135934E+03  0.135934E+03 -0.775053E-03  0.131967E+03  0.111957E+03  0.281373E-01
  0.209548E+01  0.141567E+03  0.608655E+02  0.404190E-03  0.400713E-03  0.000000E+00  0.128416E+03  0.128416E+03  0.128416E+03 -0.732190E-03  0.124668E+03  0.105766E+03  0.257081E-01
  0.216651E+01  0.133727E+03  0.574950E+02  0.357185E-03  0.354112E-03  0.000000E+00  0.121304E+03  0.121304E+03  0.121304E+03 -0.691637E-03  0.117763E+03  0.999084E+02  0.234867E-01
  0.223994E+01  0.126310E+03  0.543070E+02  0.315621E-03  0.312906E-03  0.000000E+00  0.114576E+03  0.114576E+03  0.114576E+03 -0.653279E-03  0.111231E+03  0.943680E+02  0.214555E-01
  0.231586E+01  0.119295E+03  0.512915E+02  0.278871E-03  0.276472E-03  0.000000E+00  0.108213E+03  0.108213E+03  0.108213E+03 -0.616999E-03  0.105053E+03  0.891276E+02  0.195985E-01
  0.239436E+01  0.112661E+03  0.484398E+02  0.246381E-03  0.244262E-03  0.000000E+00  0.102196E+03  0.102196E+03  0.102196E+03 -0.582689E-03  0.992110E+02  0.841718E+02  0.179008E-01
  0.247552E+01  0.106388E+03  0.457431E+02  0.217659E-03  0.215787E-03  0.000000E+00  0.965051E+02  0.965051E+02  0.965051E+02 -0.550243E-03  0.936863E+02  0.794853E+02  0.163489E-01
  0.255943E+01  0.100456E+03  0.431932E+02  0.192271E-03  0.190617E-03  0.000000E+00  0.911245E+02  0.911245E+02  0.911245E+02 -0.519565E-03  0.884624E+02  0.750539E+02  0.149305E-01
  0.264618E+01  0.948481E+02  0.407823E+02  0.169831E-03  0.168370E-03  0.000000E+00  0.860373E+02  0.860373E+02  0.860373E+02 -0.490559E-03  0.835234E+02  0.708642E+02  0.136341E-01
  0.273587E+01  0.895462E+02  0.385030E+02  0.149999E-03  0.148709E-03  0.000000E+00  0.812281E+02  0.812281E+02  0.812281E+02 -0.463138E-03  0.788543E+02  0.669034E+02  0.124493E-01
  0.282860E+01  0.845344E+02  0.363483E+02  0.132473E-03  0.131333E-03  0.000000E+00  0.766819E+02  0.766819E+02  0.766819E+02 -0.437217E-03  0.744407E+02  0.631591E+02  0.113667E-01
  0.292448E+01  0.797975E+02  0.343119E+02  0.116986E-03  0.115980E-03  0.000000E+00  0.723851E+02  0.723851E+02  0.723851E+02 -0.412718E-03  0.702691E+02  0.596202E+02  0.103775E-01
  0.302360E+01  0.753207E+02  0.323872E+02  0.103302E-03  0.102414E-03  0.000000E+00  0.683241E+02  0.683241E+02  0.683241E+02 -0.389563E-03  0.663266E+02  0.562756E+02  0.947371E-02
  0.312609E+01  0.710900E+02  0.305684E+02  0.912129E-04  0.904283E-04  0.000000E+00  0.644865E+02  0.644865E+02  0.644865E+02 -0.367683E-03  0.626009E+02  0.531149E+02  0.864804E-02
  0.323205E+01  0.670922E+02  0.288497E+02  0.805325E-04  0.798398E-04  0.000000E+00  0.608601E+02  0.608601E+02  0.608601E+02 -0.347006E-03  0.590803E+02  0.501282E+02  0.789379E-02
  0.334160E+01  0.633148E+02  0.272256E+02  0.710977E-04  0.704862E-04  0.000000E+00  0.574336E+02  0.574336E+02  0.574336E+02 -0.327469E-03  0.557538E+02  0.473061E+02  0.720483E-02
  0.345486E+01  0.597461E+02  0.256912E+02  0.627641E-04  0.622243E-04  0.000000E+00  0.541964E+02  0.541964E+02  0.541964E+02 -0.309012E-03  0.526111E+02  0.446398E+02  0.657558E-02
  0.357197E+01  0.563749E+02  0.242418E+02  0.554036E-04  0.549271E-04  0.000000E+00  0.511384E+02  0.511384E+02  0.511384E+02 -0.291576E-03  0.496423E+02  0.421211E+02  0.600089E-02
  0.369304E+01  0.531903E+02  0.228726E+02  0.489031E-04  0.484825E-04  0.000000E+00  0.482497E+02  0.482497E+02  0.482497E+02 -0.275105E-03  0.468379E+02  0.397419E+02  0.547608E-02
  0.381821E+01  0.501824E+02  0.215793E+02  0.431625E-04  0.427912E-04  0.000000E+00  0.455211E+02  0.455211E+02  0.455211E+02 -0.259548E-03  0.441891E+02  0.374946E+02  0.499684E-02
  0.394763E+01  0.473415E+02  0.203578E+02  0.380932E-04  0.377656E-04  0.000000E+00  0.429441E+02  0.429441E+02  0.429441E+02 -0.244854E-03  0.416873E+02  0.353720E+02  0.455926E-02
  0.408144E+01  0.446586E+02  0.192043E+02  0.336172E-04  0.333281E-04  0.000000E+00  0.405105E+02  0.405105E+02  0.405105E+02 -0.230978E-03  0.393247E+02  0.333675E+02  0.415974E-02
  0.421978E+01  0.421251E+02  0.181150E+02  0.296653E-04  0.294102E-04  0.000000E+00  0.382124E+02  0.382124E+02  0.382124E+02 -0.217875E-03  0.370938E+02  0.314747E+02  0.379500E-02
  0.436281E+01  0.397330E+02  0.170864E+02  0.261764E-04  0.259512E-04  0.000000E+00  0.360424E+02  0.360424E+02  0.360424E+02 -0.205503E-03  0.349872E+02  0.296874E+02  0.346203E-02
  0.451069E+01  0.374743E+02  0.161152E+02  0.230963E-04  0.228977E-04  0.000000E+00  0.339936E+02  0.339936E+02  0.339936E+02 -0.193821E-03  0.329983E+02  0.279999E+02  0.315809E-02
  0.466358E+01  0.353419E+02  0.151983E+02  0.203774E-04  0.202022E-04  0.000000E+00  0.320593E+02  0.320593E+02  0.320593E+02 -0.182792E-03  0.311205E+02  0.264066E+02  0.288066E-02
  0.482165E+01  0.333289E+02  0.143327E+02  0.179776E-04  0.178230E-04  0.000000E+00  0.302332E+02  0.302332E+02  0.302332E+02 -0.172381E-03  0.293478E+02  0.249026E+02  0.262746E-02
  0.498508E+01  0.314288E+02  0.135157E+02  0.158594E-04  0.157230E-04  0.000000E+00  0.285096E+02  0.285096E+02  0.285096E+02 -0.162553E-03  0.276746E+02  0.234829E+02  0.239637E-02
  0.515405E+01  0.296352E+02  0.127445E+02  0.139900E-04  0.138697E-04  0.000000E+00  0.268826E+02  0.268826E+02  0.268826E+02 -0.153277E-03  0.260952E+02  0.221428E+02  0.218549E-02
  0.532875E+01  0.279424E+02  0.120166E+02  0.123403E-04  0.122341E-04  0.000000E+00  0.253471E+02  0.253471E+02  0.253471E+02 -0.144521E-03  0.246045E+02  0.208780E+02  0.199305E-02
  0.550937E+01  0.263448E+02  0.113295E+02  0.108844E-04  0.107908E-04  0.000000E+00  0.238979E+02  0.238979E+02  0.238979E+02 -0.136258E-03  0.231977E+02  0.196843E+02  0.181746E-02
  0.569611E+01  0.248372E+02  0.106813E+02  0.959983E-05  0.951727E-05  0.000000E+00  0.225303E+02  0.225303E+02  0.225303E+02 -0.128461E-03  0.218701E+02  0.185578E+02  0.165725E-02
  0.588918E+01  0.234146E+02  0.100695E+02  0.846637E-05  0.839356E-05  0.000000E+00  0.212398E+02  0.212398E+02  0.212398E+02 -0.121103E-03  0.206174E+02  0.174949E+02  0.151109E-02
  0.608879E+01  0.220722E+02  0.949227E+01  0.746632E-05  0.740211E-05  0.000000E+00  0.200221E+02  0.200221E+02  0.200221E+02 -0.114160E-03  0.194353E+02  0.164919E+02  0.137774E-02
  0.629517E+01  0.208057E+02  0.894764E+01  0.658405E-05  0.652743E-05  0.000000E+00  0.188733E+02  0.188733E+02  0.188733E+02 -0.107610E-03  0.183201E+02  0.155455E+02  0.125609E-02
  0.650855E+01  0.196108E+02  0.843382E+01  0.580573E-05  0.575580E-05  0.000000E+00  0.177894E+02  0.177894E+02  0.177894E+02 -0.101430E-03  0.172679E+02  0.146528E+02  0.114513E-02
  0.672916E+01  0.184836E+02  0.794908E+01  0.511915E-05  0.507513E-05  0.000000E+00  0.167669E+02  0.167669E+02  0.167669E+02 -0.955997E-04  0.162754E+02  0.138105E+02  0.104392E-02
  0.695724E+01  0.174203E+02  0.749182E+01  0.451353E-05  0.447471E-05  0.000000E+00  0.158023E+02  0.158023E+02  0.158023E+02 -0.901000E-04  0.153390E+02  0.130160E+02  0.951606E-03
  0.719306E+01  0.164173E+02  0.706049E+01  0.397935E-05  0.394513E-05  0.000000E+00  0.148925E+02  0.148925E+02  0.148925E+02 -0.849124E-04  0.144558E+02  0.122666E+02  0.867414E-03
  0.743687E+01  0.154713E+02  0.665366E+01  0.350822E-05  0.347805E-05  0.000000E+00  0.140343E+02  0.140343E+02  0.140343E+02 -0.800196E-04  0.136228E+02  0.115597E+02  0.790634E-03
  0.768894E+01  0.145791E+02  0.626997E+01  0.309271E-05  0.306612E-05  0.000000E+00  0.132250E+02  0.132250E+02  0.132250E+02 -0.754049E-04  0.128372E+02  0.108930E+02  0.720616E-03
  0.794956E+01  0.137376E+02  0.590810E+01  0.272628E-05  0.270284E-05  0.000000E+00  0.124617E+02  0.124617E+02  0.124617E+02 -0.710528E-04  0.120962E+02  0.102643E+02  0.656768E-03
  0.821901E+01  0.129441E+02  0.556684E+01  0.240315E-05  0.238248E-05  0.000000E+00  0.117419E+02  0.117419E+02  0.117419E+02 -0.669487E-04  0.113975E+02  0.967135E+01  0.598551E-03
  0.849759E+01  0.121959E+02  0.524506E+01  0.211822E-05  0.210000E-05  0.000000E+00  0.110631E+02  0.110631E+02  0.110631E+02 -0.630787E-04  0.107386E+02  0.911224E+01  0.545470E-03
  0.878562E+01  0.114903E+02  0.494162E+01  0.186698E-05  0.185092E-05  0.000000E+00  0.104231E+02  0.104231E+02  0.104231E+02 -0.594294E-04  0.101174E+02  0.858502E+01  0.497074E-03
  0.908341E+01  0.108251E+02  0.465552E+01  0.164546E-05  0.163131E-05  0.000000E+00  0.981966E+01  0.981966E+01  0.981966E+01 -0.559887E-04  0.953160E+01  0.808794E+01  0.452952E-03
  0.939129E+01  0.101979E+02  0.438579E+01  0.145016E-05  0.143769E-05  0.000000E+00  0.925073E+01  0.925073E+01  0.925073E+01 -0.527448E-04  0.897933E+01  0.761928E+01  0.412730E-03
  0.970961E+01  0.960659E+01  0.413149E+01  0.127798E-05  0.126699E-05  0.000000E+00  0.871435E+01  0.871435E+01  0.871435E+01 -0.496866E-04  0.845868E+01  0.717745E+01  0.376064E-03
  0.100387E+02  0.904917E+01  0.389176E+01  0.112619E-05  0.111651E-05  0.000000E+00  0.820870E+01  0.820870E+01  0.820870E+01 -0.468035E-04  0.796785E+01  0.676092E+01  0.342641E-03
  0.103790E+02  0.852372E+01  0.366578E+01  0.992389E-06  0.983855E-06  0.000000E+00  0.773206E+01  0.773206E+01  0.773206E+01 -0.440858E-04  0.750517E+01  0.636828E+01  0.312176E-03
  0.107308E+02  0.802843E+01  0.345276E+01  0.874443E-06  0.866925E-06  0.000000E+00  0.728276E+01  0.728276E+01  0.728276E+01 -0.415241E-04  0.706905E+01  0.599818E+01  0.284409E-03
  0.110945E+02  0.756158E+01  0.325197E+01  0.770482E-06  0.763857E-06  0.000000E+00  0.685927E+01  0.685927E+01  0.685927E+01 -0.391095E-04  0.665798E+01  0.564932E+01  0.259102E-03
  0.114706E+02  0.712158E+01  0.306273E+01  0.678852E-06  0.673015E-06  0.000000E+00  0.646014E+01  0.646014E+01  0.646014E+01 -0.368337E-04  0.627054E+01  0.532053E+01  0.236038E-03
  0.118593E+02  0.670690E+01  0.288438E+01  0.598093E-06  0.592950E-06  0.000000E+00  0.608397E+01  0.608397E+01  0.608397E+01 -0.346889E-04  0.590540E+01  0.501065E+01  0.215019E-03
  0.122613E+02  0.631609E+01  0.271630E+01  0.526919E-06  0.522389E-06  0.000000E+00  0.572946E+01  0.572946E+01  0.572946E+01 -0.326676E-04  0.556128E+01  0.471862E+01  0.195864E-03
  0.126769E+02  0.594781E+01  0.255790E+01  0.464196E-06  0.460205E-06  0.000000E+00  0.539538E+01  0.539538E+01  0.539538E+01 -0.307628E-04  0.523701E+01  0.444342E+01  0.178410E-03
  0.131066E+02  0.560078E+01  0.240864E+01  0.408922E-06  0.405406E-06  0.000000E+00  0.508058E+01  0.508058E+01  0.508058E+01 -0.289679E-04  0.493144E+01  0.418409E+01  0.162506E-03
  0.135509E+02  0.527377E+01  0.226800E+01  0.360215E-06  0.357118E-06  0.000000E+00  0.478394E+01  0.478394E+01  0.478394E+01 -0.272766E-04  0.464350E+01  0.393973E+01  0.148014E-03
  0.140102E+02  0.496567E+01  0.213548E+01  0.317297E-06  0.314569E-06  0.000000E+00  0.450445E+01  0.450445E+01  0.450445E+01 -0.256830E-04  0.437221E+01  0.370949E+01  0.134811E-03
  0.144850E+02  0.467537E+01  0.201062E+01  0.279481E-06  0.277078E-06  0.000000E+00  0.424112E+01  0.424112E+01  0.424112E+01 -0.241815E-04  0.411660E+01  0.349255E+01  0.122782E-03
  0.149760E+02  0.440188E+01  0.189298E+01  0.246163E-06  0.244046E-06  0.000000E+00  0.399302E+01  0.399302E+01  0.399302E+01 -0.227670E-04  0.387578E+01  0.328818E+01  0.111822E-03
  0.154836E+02  0.414422E+01  0.178216E+01  0.216808E-06  0.214944E-06  0.000000E+00  0.375929E+01  0.375929E+01  0.375929E+01 -0.214343E-04  0.364891E+01  0.309563E+01  0.101838E-03
  0.160084E+02  0.390149E+01  0.167776E+01  0.190946E-06  0.189304E-06  0.000000E+00  0.353911E+01  0.353911E+01  0.353911E+01 -0.201789E-04  0.343519E+01  0.291424E+01  0.927428E-04
  0.165511E+02  0.367285E+01  0.157941E+01  0.168163E-06  0.166717E-06  0.000000E+00  0.333169E+01  0.333169E+01  0.333169E+01 -0.189963E-04  0.323386E+01  0.274338E+01  0.844577E-04
  0.171121E+02  0.345747E+01  0.148677E+01  0.148092E-06  0.146819E-06  0.000000E+00  0.313632E+01  0.313632E+01  0.313632E+01 -0.178823E-04  0.304422E+01  0.258242E+01  0.769106E-04
  0.176921E+02  0.325460E+01  0.139951E+01  0.130412E-06  0.129291E-06  0.000000E+00  0.295229E+01  0.295229E+01  0.295229E+01 -0.168330E-04  0.286559E+01  0.243082E+01  0.700363E-04
  0.182917E+02  0.306352E+01  0.131732E+01  0.114839E-06  0.113852E-06  0.000000E+00  0.277895E+01  0.277895E+01  0.277895E+01 -0.158447E-04  0.269735E+01  0.228802E+01  0.637750E-04
  0.189117E+02  0.288355E+01  0.123991E+01  0.101121E-06  0.100252E-06  0.000000E+00  0.261570E+01  0.261570E+01  0.261570E+01 -0.149139E-04  0.253889E+01  0.215353E+01  0.580721E-04
  0.195528E+02  0.271406E+01  0.116701E+01  0.890393E-07  0.882740E-07  0.000000E+00  0.246195E+01  0.246195E+01  0.246195E+01 -0.140373E-04  0.238965E+01  0.202687E+01  0.528781E-04
  0.202155E+02  0.255444E+01  0.109835E+01  0.783979E-07  0.777242E-07  0.000000E+00  0.231715E+01  0.231715E+01  0.231715E+01 -0.132117E-04  0.224911E+01  0.190758E+01  0.481478E-04
  0.209007E+02  0.240413E+01  0.103369E+01  0.690259E-07  0.684327E-07  0.000000E+00  0.218080E+01  0.218080E+01  0.218080E+01 -0.124342E-04  0.211675E+01  0.179525E+01  0.438398E-04
  0.216091E+02  0.226258E+01  0.972804E+00  0.607721E-07  0.602499E-07  0.000000E+00  0.205239E+01  0.205239E+01  0.205239E+01 -0.117021E-04  0.199212E+01  0.168946E+01  0.399167E-04
  0.223416E+02  0.212929E+01  0.915470E+00  0.535034E-07  0.530436E-07  0.000000E+00  0.193148E+01  0.193148E+01  0.193148E+01 -0.110127E-04  0.187476E+01  0.158985E+01  0.363441E-04
  0.230989E+02  0.200379E+01  0.861483E+00  0.471024E-07  0.466977E-07  0.000000E+00  0.181763E+01  0.181763E+01  0.181763E+01 -0.103636E-04  0.176426E+01  0.149605E+01  0.330908E-04
  0.238818E+02  0.188562E+01  0.810651E+00  0.414659E-07  0.411096E-07  0.000000E+00  0.171044E+01  0.171044E+01  0.171044E+01 -0.975239E-05  0.166021E+01  0.140774E+01  0.301285E-04
  0.246913E+02  0.177436E+01  0.762791E+00  0.365025E-07  0.361889E-07  0.000000E+00  0.160951E+01  0.160951E+01  0.160951E+01 -0.917693E-05  0.156224E+01  0.132459E+01  0.274311E-04
  0.255282E+02  0.166961E+01  0.717731E+00  0.321322E-07  0.318562E-07  0.000000E+00  0.151449E+01  0.151449E+01  0.151449E+01 -0.863513E-05  0.147001E+01  0.124630E+01  0.249750E-04
  0.263935E+02  0.157099E+01  0.675308E+00  0.282842E-07  0.280412E-07  0.000000E+00  0.142502E+01  0.142502E+01  0.142502E+01 -0.812506E-05  0.138318E+01  0.117260E+01  0.227387E-04
  0.272881E+02  0.147815E+01  0.635370E+00  0.248962E-07  0.246824E-07  0.000000E+00  0.134081E+01  0.134081E+01  0.134081E+01 -0.764487E-05  0.130143E+01  0.110321E+01  0.207026E-04
  0.282130E+02  0.139075E+01  0.597773E+00  0.219133E-07  0.217251E-07  0.000000E+00  0.126152E+01  0.126152E+01  0.126152E+01 -0.719282E-05  0.122448E+01  0.103789E+01  0.188488E-04
  0.291693E+02  0.130848E+01  0.562381E+00  0.192872E-07  0.191215E-07  0.000000E+00  0.118689E+01  0.118689E+01  0.118689E+01 -0.676729E-05  0.115204E+01  0.976399E+00  0.171610E-04
  0.301580E+02  0.123103E+01  0.529066E+00  0.169752E-07  0.168295E-07  0.000000E+00  0.111664E+01  0.111664E+01  0.111664E+01 -0.636673E-05  0.108385E+01  0.918518E+00  0.156245E-04
  0.311802E+02  0.115814E+01  0.497707E+00  0.149399E-07  0.148116E-07  0.000000E+00  0.105051E+01  0.105051E+01  0.105051E+01 -0.598969E-05  0.101967E+01  0.864034E+00  0.142256E-04
  0.322370E+02  0.108952E+01  0.468190E+00  0.131482E-07  0.130354E-07  0.000000E+00  0.988270E+00  0.988270E+00  0.988270E+00 -0.563481E-05  0.959259E+00  0.812752E+00  0.129521E-04
  0.333297E+02  0.102495E+01  0.440408E+00  0.115711E-07  0.114717E-07  0.000000E+00  0.929687E+00  0.929687E+00  0.929687E+00 -0.530079E-05  0.902398E+00  0.764484E+00  0.117927E-04
  0.344594E+02  0.964165E+00  0.414261E+00  0.101828E-07  0.100954E-07  0.000000E+00  0.874551E+00  0.874551E+00  0.874551E+00 -0.498642E-05  0.848883E+00  0.719055E+00  0.107374E-04
  0.356274E+02  0.906962E+00  0.389651E+00  0.896074E-08  0.888384E-08  0.000000E+00  0.822660E+00  0.822660E+00  0.822660E+00 -0.469056E-05  0.798517E+00  0.676299E+00  0.977663E-05
  0.368350E+02  0.853128E+00  0.366491E+00  0.788514E-08  0.781747E-08  0.000000E+00  0.773824E+00  0.773824E+00  0.773824E+00 -0.441211E-05  0.751117E+00  0.636060E+00  0.890206E-05
  0.380836E+02  0.802466E+00  0.344696E+00  0.693843E-08  0.687890E-08  0.000000E+00  0.727867E+00  0.727867E+00  0.727867E+00 -0.415007E-05  0.706511E+00  0.598192E+00  0.810595E-05
  0.393744E+02  0.754791E+00  0.324184E+00  0.610520E-08  0.605283E-08  0.000000E+00  0.684618E+00  0.684618E+00  0.684618E+00 -0.390348E-05  0.664534E+00  0.562555E+00  0.738127E-05
  0.407090E+02  0.709928E+00  0.304883E+00  0.537187E-08  0.532580E-08  0.000000E+00  0.643920E+00  0.643920E+00  0.643920E+00 -0.367144E-05  0.625033E+00  0.529021E+00  0.672162E-05
  0.420889E+02  0.667712E+00  0.286720E+00  0.472649E-08  0.468596E-08  0.000000E+00  0.605625E+00  0.605625E+00  0.605625E+00 -0.345309E-05  0.587864E+00  0.497464E+00  0.612117E-05
  0.435155E+02  0.627989E+00  0.269630E+00  0.415852E-08  0.412286E-08  0.000000E+00  0.569590E+00  0.569590E+00  0.569590E+00 -0.324763E-05  0.552889E+00  0.467771E+00  0.557460E-05
  0.449904E+02  0.590613E+00  0.253549E+00  0.365869E-08  0.362732E-08  0.000000E+00  0.535684E+00  0.535684E+00  0.535684E+00 -0.305431E-05  0.519980E+00  0.439831E+00  0.507710E-05
  0.465154E+02  0.555447E+00  0.238419E+00  0.321884E-08  0.319125E-08  0.000000E+00  0.503783E+00  0.503783E+00  0.503783E+00 -0.287242E-05  0.489017E+00  0.413543E+00  0.462425E-05
  0.480920E+02  0.522360E+00  0.224183E+00  0.283179E-08  0.280753E-08  0.000000E+00  0.473768E+00  0.473768E+00  0.473768E+00 -0.270128E-05  0.459885E+00  0.388808E+00  0.421206E-05
  0.497221E+02  0.491230E+00  0.210789E+00  0.249121E-08  0.246987E-08  0.000000E+00  0.445529E+00  0.445529E+00  0.445529E+00 -0.254027E-05  0.432477E+00  0.365536E+00  0.383686E-05
  0.514074E+02  0.461944E+00  0.198188E+00  0.219152E-08  0.217275E-08  0.000000E+00  0.418961E+00  0.418961E+00  0.418961E+00 -0.238879E-05  0.406691E+00  0.343642E+00  0.349534E-05
  0.531499E+02  0.434392E+00  0.186333E+00  0.192783E-08  0.191133E-08  0.000000E+00  0.393968E+00  0.393968E+00  0.393968E+00 -0.224628E-05  0.382433E+00  0.323044E+00  0.318448E-05
  0.549514E+02  0.408473E+00  0.175180E+00  0.169582E-08  0.168131E-08  0.000000E+00  0.370455E+00  0.370455E+00  0.370455E+00 -0.211222E-05  0.359611E+00  0.303666E+00  0.290152E-05
  0.568140E+02  0.384090E+00  0.164688E+00  0.149169E-08  0.147893E-08  0.000000E+00  0.348335E+00  0.348335E+00  0.348335E+00 -0.198610E-05  0.338143E+00  0.285436E+00  0.264395E-05
  0.587397E+02  0.361153E+00  0.154818E+00  0.131209E-08  0.130087E-08  0.000000E+00  0.327528E+00  0.327528E+00  0.327528E+00 -0.186747E-05  0.317949E+00  0.268287E+00  0.240950E-05
  0.607307E+02  0.339578E+00  0.145534E+00  0.115408E-08  0.114422E-08  0.000000E+00  0.307956E+00  0.307956E+00  0.307956E+00 -0.175587E-05  0.298952E+00  0.252155E+00  0.219608E-05
  0.627892E+02  0.319283E+00  0.136801E+00  0.101508E-08  0.100640E-08  0.000000E+00  0.289545E+00  0.289545E+00  0.289545E+00 -0.165090E-05  0.281083E+00  0.236980E+00  0.200181E-05
  0.649174E+02  0.300194E+00  0.128586E+00  0.892784E-09  0.885156E-09  0.000000E+00  0.272228E+00  0.272228E+00  0.272228E+00 -0.155216E-05  0.264276E+00  0.222706E+00  0.182496E-05
  0.671178E+02  0.282239E+00  0.120859E+00  0.785204E-09  0.778498E-09  0.000000E+00  0.255940E+00  0.255940E+00  0.255940E+00 -0.145929E-05  0.248468E+00  0.209280E+00  0.166397E-05
  0.693928E+02  0.265351E+00  0.113592E+00  0.690566E-09  0.684671E-09  0.000000E+00  0.240620E+00  0.240620E+00  0.240620E+00 -0.137194E-05  0.233599E+00  0.196652E+00  0.151741E-05
  0.717449E+02  0.249468E+00  0.106756E+00  0.607317E-09  0.602136E-09  0.000000E+00  0.226212E+00  0.226212E+00  0.226212E+00 -0.128979E-05  0.219614E+00  0.184774E+00  0.138398E-05
  0.741767E+02  0.234530E+00  0.100327E+00  0.534089E-09  0.529535E-09  0.000000E+00  0.212660E+00  0.212660E+00  0.212660E+00 -0.121252E-05  0.206462E+00  0.173602E+00  0.126250E-05
  0.766909E+02  0.220481E+00  0.942809E-01  0.469676E-09  0.465674E-09  0.000000E+00  0.199915E+00  0.199915E+00  0.199915E+00 -0.113986E-05  0.194093E+00  0.163095E+00  0.115190E-05
  0.792903E+02  0.207269E+00  0.885943E-01  0.413020E-09  0.409502E-09  0.000000E+00  0.187930E+00  0.187930E+00  0.187930E+00 -0.107152E-05  0.182460E+00  0.153214E+00  0.105120E-05
  0.819779E+02  0.194844E+00  0.832464E-01  0.363187E-09  0.360096E-09  0.000000E+00  0.176658E+00  0.176658E+00  0.176658E+00 -0.100725E-05  0.171520E+00  0.143920E+00  0.959503E-06
  0.847565E+02  0.183160E+00  0.782171E-01  0.319357E-09  0.316641E-09  0.000000E+00  0.166058E+00  0.166058E+00  0.166058E+00 -0.946812E-06  0.161232E+00  0.135180E+00  0.876004E-06
  0.876294E+02  0.172172E+00  0.734875E-01  0.280808E-09  0.278422E-09  0.000000E+00  0.156090E+00  0.156090E+00  0.156090E+00 -0.889978E-06  0.151558E+00  0.126961E+00  0.799964E-06
  0.905996E+02  0.161840E+00  0.690399E-01  0.246905E-09  0.244809E-09  0.000000E+00  0.146717E+00  0.146717E+00  0.146717E+00 -0.836534E-06  0.142461E+00  0.119232E+00  0.730711E-06
  0.936705E+02  0.152124E+00  0.648575E-01  0.217089E-09  0.215247E-09  0.000000E+00  0.137903E+00  0.137903E+00  0.137903E+00 -0.786280E-06  0.133907E+00  0.111963E+00  0.667636E-06
  0.968454E+02  0.142988E+00  0.609247E-01  0.190867E-09  0.189249E-09  0.000000E+00  0.129615E+00  0.129615E+00  0.129615E+00 -0.739025E-06  0.125863E+00  0.105128E+00  0.610182E-06
  0.100128E+03  0.134398E+00  0.572266E-01  0.167807E-09  0.166386E-09  0.000000E+00  0.121822E+00  0.121822E+00  0.121822E+00 -0.694593E-06  0.118300E+00  0.987012E-01  0.557844E-06
  0.103522E+03  0.126322E+00  0.537493E-01  0.147529E-09  0.146281E-09  0.000000E+00  0.114495E+00  0.114495E+00  0.114495E+00 -0.652816E-06  0.111189E+00  0.926577E-01  0.510160E-06
  0.107031E+03  0.118728E+00  0.504797E-01  0.129696E-09  0.128601E-09  0.000000E+00  0.107606E+00  0.107606E+00  0.107606E+00 -0.613535E-06  0.104503E+00  0.869750E-01  0.466714E-06
  0.110659E+03  0.111588E+00  0.474055E-01  0.114016E-09  0.113054E-09  0.000000E+00  0.101128E+00  0.101128E+00  0.101128E+00 -0.576603E-06  0.982163E-01  0.816318E-01  0.427123E-06
  0.114409E+03  0.104875E+00  0.445150E-01  0.100228E-09  0.993832E-10  0.000000E+00  0.950385E-01  0.950385E-01  0.950385E-01 -0.541881E-06  0.923060E-01  0.766079E-01  0.391040E-06
  0.118287E+03  0.985638E-01  0.417974E-01  0.881043E-10  0.873628E-10  0.000000E+00  0.893130E-01  0.893130E-01  0.893130E-01 -0.509236E-06  0.867493E-01  0.718842E-01  0.358151E-06
  0.122297E+03  0.926306E-01  0.392423E-01  0.774445E-10  0.767936E-10  0.000000E+00  0.839303E-01  0.839303E-01  0.839303E-01 -0.478545E-06  0.815253E-01  0.674430E-01  0.328168E-06
  0.126442E+03  0.870526E-01  0.368401E-01  0.680720E-10  0.675007E-10  0.000000E+00  0.788698E-01  0.788698E-01  0.788698E-01 -0.449692E-06  0.766142E-01  0.632675E-01  0.300830E-06
  0.130728E+03  0.818089E-01  0.345817E-01  0.598315E-10  0.593303E-10  0.000000E+00  0.741126E-01  0.741126E-01  0.741126E-01 -0.422567E-06  0.719973E-01  0.593417E-01  0.275899E-06
  0.135159E+03  0.768793E-01  0.324585E-01  0.525867E-10  0.521470E-10  0.000000E+00  0.696404E-01  0.696404E-01  0.696404E-01 -0.397068E-06  0.676570E-01  0.556510E-01  0.253159E-06
  0.139740E+03  0.722454E-01  0.304624E-01  0.462174E-10  0.458317E-10  0.000000E+00  0.654363E-01  0.654363E-01  0.654363E-01 -0.373098E-06  0.635770E-01  0.521812E-01  0.232414E-06
  0.144476E+03  0.678893E-01  0.285860E-01  0.406179E-10  0.402796E-10  0.000000E+00  0.614844E-01  0.614844E-01  0.614844E-01 -0.350565E-06  0.597417E-01  0.489192E-01  0.213485E-06
  0.149373E+03  0.637947E-01  0.268220E-01  0.356954E-10  0.353988E-10  0.000000E+00  0.577695E-01  0.577695E-01  0.577695E-01 -0.329384E-06  0.561365E-01  0.458527E-01  0.196208E-06
  0.154437E+03  0.599457E-01  0.251638E-01  0.313682E-10  0.311081E-10  0.000000E+00  0.542775E-01  0.542775E-01  0.542775E-01 -0.309474E-06  0.527477E-01  0.429700E-01  0.180435E-06
  0.159671E+03  0.563279E-01  0.236051E-01  0.275643E-10  0.273364E-10  0.000000E+00  0.509952E-01  0.509952E-01  0.509952E-01 -0.290759E-06  0.495623E-01  0.402602E-01  0.166032E-06
  0.165083E+03  0.529273E-01  0.221398E-01  0.242207E-10  0.240209E-10  0.000000E+00  0.479101E-01  0.479101E-01  0.479101E-01 -0.273169E-06  0.465682E-01  0.377129E-01  0.152876E-06
  0.170679E+03  0.497310E-01  0.207625E-01  0.212817E-10  0.211067E-10  0.000000E+00  0.450102E-01  0.450102E-01  0.450102E-01 -0.256635E-06  0.437540E-01  0.353185E-01  0.140855E-06
  0.176464E+03  0.467269E-01  0.194679E-01  0.186984E-10  0.185451E-10  0.000000E+00  0.422846E-01  0.422846E-01  0.422846E-01 -0.241094E-06  0.411090E-01  0.330678E-01  0.129868E-06
  0.182445E+03  0.439033E-01  0.182510E-01  0.164279E-10  0.162937E-10  0.000000E+00  0.397229E-01  0.397229E-01  0.397229E-01 -0.226488E-06  0.386229E-01  0.309523E-01  0.119822E-06
  0.188629E+03  0.412496E-01  0.171072E-01  0.144324E-10  0.143149E-10  0.000000E+00  0.373153E-01  0.373153E-01  0.373153E-01 -0.212760E-06  0.362864E-01  0.289639E-01  0.110634E-06
  0.195023E+03  0.387555E-01  0.160322E-01  0.126786E-10  0.125758E-10  0.000000E+00  0.350524E-01  0.350524E-01  0.350524E-01 -0.199858E-06  0.340904E-01  0.270950E-01  0.102226E-06
  0.201633E+03  0.364115E-01  0.150218E-01  0.111373E-10  0.110473E-10  0.000000E+00  0.329258E-01  0.329258E-01  0.329258E-01 -0.187733E-06  0.320266E-01  0.253386E-01  0.945303E-07
  0.208467E+03  0.342086E-01  0.140722E-01  0.978283E-11  0.970415E-11  0.000000E+00  0.309271E-01  0.309271E-01  0.309271E-01 -0.176337E-06  0.300870E-01  0.236879E-01  0.874822E-07
  0.215533E+03  0.321384E-01  0.131797E-01  0.859258E-11  0.852380E-11  0.000000E+00  0.290488E-01  0.290488E-01  0.290488E-01 -0.165627E-06  0.282643E-01  0.221366E-01  0.810243E-07
  0.222839E+03  0.301928E-01  0.123409E-01  0.754668E-11  0.748657E-11  0.000000E+00  0.272836E-01  0.272836E-01  0.272836E-01 -0.155563E-06  0.265513E-01  0.206788E-01  0.751043E-07
  0.230392E+03  0.283645E-01  0.115527E-01  0.662766E-11  0.657515E-11  0.000000E+00  0.256248E-01  0.256248E-01  0.256248E-01 -0.146105E-06  0.249415E-01  0.193090E-01  0.696745E-07
  0.238201E+03  0.266465E-01  0.108119E-01  0.582017E-11  0.577433E-11  0.000000E+00  0.240660E-01  0.240660E-01  0.240660E-01 -0.137217E-06  0.234288E-01  0.180218E-01  0.646914E-07
  0.246275E+03  0.250320E-01  0.101158E-01  0.511071E-11  0.507070E-11  0.000000E+00  0.226012E-01  0.226012E-01  0.226012E-01 -0.128865E-06  0.220073E-01  0.168125E-01  0.601155E-07
  0.254623E+03  0.235149E-01  0.946169E-02  0.448740E-11  0.445250E-11  0.000000E+00  0.212247E-01  0.212247E-01  0.212247E-01 -0.121017E-06  0.206715E-01  0.156763E-01  0.559109E-07
  0.263253E+03  0.220893E-01  0.884705E-02  0.393981E-11  0.390938E-11  0.000000E+00  0.199313E-01  0.199313E-01  0.199313E-01 -0.113642E-06  0.194163E-01  0.146089E-01  0.520447E-07
  0.272176E+03  0.207497E-01  0.826953E-02  0.345877E-11  0.343226E-11  0.000000E+00  0.187159E-01  0.187159E-01  0.187159E-01 -0.106712E-06  0.182369E-01  0.136063E-01  0.484873E-07
  0.281402E+03  0.194910E-01  0.772692E-02  0.303621E-11  0.301312E-11  0.000000E+00  0.175739E-01  0.175739E-01  0.175739E-01 -0.100201E-06  0.171287E-01  0.126645E-01  0.452115E-07
  0.290940E+03  0.183084E-01  0.721714E-02  0.266504E-11  0.264495E-11  0.000000E+00  0.165009E-01  0.165009E-01  0.165009E-01 -0.940831E-07  0.160874E-01  0.117801E-01  0.421925E-07
  0.300801E+03  0.171971E-01  0.673821E-02  0.233904E-11  0.232157E-11  0.000000E+00  0.154927E-01  0.154927E-01  0.154927E-01 -0.883347E-07  0.151089E-01  0.109496E-01  0.394080E-07
  0.310997E+03  0.161530E-01  0.628832E-02  0.205272E-11  0.203754E-11  0.000000E+00  0.145455E-01  0.145455E-01  0.145455E-01 -0.829338E-07  0.141897E-01  0.101698E-01  0.368375E-07
  0.321538E+03  0.151721E-01  0.586572E-02  0.180127E-11  0.178809E-11  0.000000E+00  0.136555E-01  0.136555E-01  0.136555E-01 -0.778593E-07  0.133259E-01  0.943782E-02  0.344623E-07
  0.332437E+03  0.142504E-01  0.546879E-02  0.158045E-11  0.156902E-11  0.000000E+00  0.128193E-01  0.128193E-01  0.128193E-01 -0.730918E-07  0.125144E-01  0.875078E-02  0.322654E-07
  0.343705E+03  0.133844E-01  0.509602E-02  0.138656E-11  0.137665E-11  0.000000E+00  0.120337E-01  0.120337E-01  0.120337E-01 -0.686127E-07  0.117520E-01  0.810608E-02  0.302315E-07
  0.355355E+03  0.125709E-01  0.474595E-02  0.121631E-11  0.120774E-11  0.000000E+00  0.112957E-01  0.112957E-01  0.112957E-01 -0.644047E-07  0.110357E-01  0.750126E-02  0.283464E-07
  0.367399E+03  0.118066E-01  0.441726E-02  0.106685E-11  0.105943E-11  0.000000E+00  0.106024E-01  0.106024E-01  0.106024E-01 -0.604515E-07  0.103628E-01  0.693398E-02  0.265974E-07
  0.379853E+03  0.110885E-01  0.410867E-02  0.935630E-12  0.929225E-12  0.000000E+00  0.995103E-02  0.995103E-02  0.995103E-02 -0.567378E-07  0.973057E-02  0.640209E-02  0.249728E-07
  0.392728E+03  0.104139E-01  0.381900E-02  0.820447E-12  0.814922E-12  0.000000E+00  0.933917E-02  0.933917E-02  0.933917E-02 -0.532491E-07  0.913664E-02  0.590355E-02  0.234619E-07
  0.406039E+03  0.978016E-02  0.354713E-02  0.719348E-12  0.714589E-12  0.000000E+00  0.876440E-02  0.876440E-02  0.876440E-02 -0.499720E-07  0.857870E-02  0.543644E-02  0.220552E-07
  0.419802E+03  0.918481E-02  0.329202E-02  0.630619E-12  0.626525E-12  0.000000E+00  0.822450E-02  0.822450E-02  0.822450E-02 -0.468936E-07  0.805456E-02  0.499898E-02  0.207437E-07
  0.434031E+03  0.862553E-02  0.305269E-02  0.552754E-12  0.549238E-12  0.000000E+00  0.771737E-02  0.771737E-02  0.771737E-02 -0.440021E-07  0.756219E-02  0.458949E-02  0.195194E-07
  0.448743E+03  0.810016E-02  0.282821E-02  0.484431E-12  0.481416E-12  0.000000E+00  0.724103E-02  0.724103E-02  0.724103E-02 -0.412861E-07  0.709968E-02  0.420639E-02  0.183752E-07
  0.463953E+03  0.760664E-02  0.261772E-02  0.424486E-12  0.421906E-12  0.000000E+00  0.679363E-02  0.679363E-02  0.679363E-02 -0.387352E-07  0.666522E-02  0.384821E-02  0.173042E-07
  0.479679E+03  0.714304E-02  0.242040E-02  0.371900E-12  0.369696E-12  0.000000E+00  0.637343E-02  0.637343E-02  0.637343E-02 -0.363393E-07  0.625713E-02  0.351357E-02  0.163005E-07
  0.495937E+03  0.670757E-02  0.223551E-02  0.325774E-12  0.323895E-12  0.000000E+00  0.597879E-02  0.597879E-02  0.597879E-02 -0.340893E-07  0.587380E-02  0.320117E-02  0.153585E-07
  0.512747E+03  0.629853E-02  0.206231E-02  0.285320E-12  0.283722E-12  0.000000E+00  0.560818E-02  0.560818E-02  0.560818E-02 -0.319761E-07  0.551375E-02  0.290981E-02  0.144732E-07
  0.530127E+03  0.591431E-02  0.190015E-02  0.249845E-12  0.248490E-12  0.000000E+00  0.526015E-02  0.526015E-02  0.526015E-02 -0.299918E-07  0.517558E-02  0.263834E-02  0.136401E-07
  0.548096E+03  0.555341E-02  0.174839E-02  0.218742E-12  0.217596E-12  0.000000E+00  0.493333E-02  0.493333E-02  0.493333E-02 -0.281284E-07  0.485795E-02  0.238571E-02  0.128550E-07
  0.566673E+03  0.521443E-02  0.160645E-02  0.191476E-12  0.190509E-12  0.000000E+00  0.462647E-02  0.462647E-02  0.462647E-02 -0.263787E-07  0.455964E-02  0.215090E-02  0.121142E-07
  0.585881E+03  0.489605E-02  0.147377E-02  0.167577E-12  0.166765E-12  0.000000E+00  0.433835E-02  0.433835E-02  0.433835E-02 -0.247359E-07  0.427947E-02  0.193299E-02  0.114142E-07
  0.605739E+03  0.459701E-02  0.134984E-02  0.146634E-12  0.145953E-12  0.000000E+00  0.406784E-02  0.406784E-02  0.406784E-02 -0.231936E-07  0.401635E-02  0.173110E-02  0.107519E-07
  0.626271E+03  0.431615E-02  0.123418E-02  0.128284E-12  0.127716E-12  0.000000E+00  0.381390E-02  0.381390E-02  0.381390E-02 -0.217457E-07  0.376925E-02  0.154440E-02  0.101245E-07
  0.647498E+03  0.405236E-02  0.112631E-02  0.112209E-12  0.111737E-12  0.000000E+00  0.357552E-02  0.357552E-02  0.357552E-02 -0.203865E-07  0.353721E-02  0.137212E-02  0.952959E-08
  0.669445E+03  0.380461E-02  0.102583E-02  0.981304E-13  0.977395E-13  0.000000E+00  0.335177E-02  0.335177E-02  0.335177E-02 -0.191108E-07  0.331930E-02  0.121351E-02  0.896473E-08
  0.692136E+03  0.357194E-02  0.932320E-03  0.858022E-13  0.854804E-13  0.000000E+00  0.314178E-02  0.314178E-02  0.314178E-02 -0.179135E-07  0.311469E-02  0.106789E-02  0.842791E-08
  0.715596E+03  0.335342E-02  0.845414E-03  0.750094E-13  0.747459E-13  0.000000E+00  0.294471E-02  0.294471E-02  0.294471E-02 -0.167898E-07  0.292256E-02  0.934607E-03  0.791727E-08
  0.739852E+03  0.314821E-02  0.764753E-03  0.655629E-13  0.653485E-13  0.000000E+00  0.275979E-02  0.275979E-02  0.275979E-02 -0.157355E-07  0.274217E-02  0.813028E-03  0.743115E-08
  0.764929E+03  0.295549E-02  0.690006E-03  0.572968E-13  0.571235E-13  0.000000E+00  0.258630E-02  0.258630E-02  0.258630E-02 -0.147463E-07  0.257280E-02  0.702562E-03  0.696806E-08
  0.790856E+03  0.277451E-02  0.620856E-03  0.500653E-13  0.499262E-13  0.000000E+00  0.242355E-02  0.242355E-02  0.242355E-02 -0.138183E-07  0.241378E-02  0.602638E-03  0.652668E-08
  0.817663E+03  0.260456E-02  0.557009E-03  0.437406E-13  0.436299E-13  0.000000E+00  0.227088E-02  0.227088E-02  0.227088E-02 -0.129479E-07  0.226450E-02  0.512707E-03  0.610585E-08
  0.845377E+03  0.244497E-02  0.498182E-03  0.382103E-13  0.381230E-13  0.000000E+00  0.212771E-02  0.212771E-02  0.212771E-02 -0.121316E-07  0.212436E-02  0.432236E-03  0.570453E-08
  0.874031E+03  0.229510E-02  0.444110E-03  0.333760E-13  0.333079E-13  0.000000E+00  0.199346E-02  0.199346E-02  0.199346E-02 -0.113661E-07  0.199282E-02  0.360706E-03  0.532182E-08
  0.903657E+03  0.215438E-02  0.394538E-03  0.291512E-13  0.290986E-13  0.000000E+00  0.186759E-02  0.186759E-02  0.186759E-02 -0.106484E-07  0.186935E-02  0.297609E-03  0.495694E-08
  0.934286E+03  0.202225E-02  0.349226E-03  0.254599E-13  0.254198E-13  0.000000E+00  0.174961E-02  0.174961E-02  0.174961E-02 -0.997572E-08  0.175346E-02  0.242444E-03  0.460921E-08
  0.965954E+03  0.189818E-02  0.307942E-03  0.222357E-13  0.222056E-13  0.000000E+00  0.163903E-02  0.163903E-02  0.163903E-02 -0.934523E-08  0.164470E-02  0.194714E-03  0.427805E-08
  0.998695E+03  0.178168E-02  0.270462E-03  0.194201E-13  0.193979E-13  0.000000E+00  0.153541E-02  0.153541E-02  0.153541E-02 -0.875444E-08  0.154264E-02  0.153921E-03  0.396295E-08
  0.103255E+04  0.167231E-02  0.236571E-03  0.169620E-13  0.169458E-13  0.000000E+00  0.143833E-02  0.143833E-02  0.143833E-02 -0.820094E-08  0.144687E-02  0.119569E-03  0.366351E-08
  0.106754E+04  0.156961E-02  0.206060E-03  0.148164E-13  0.148049E-13  0.000000E+00  0.134741E-02  0.134741E-02  0.134741E-02 -0.768249E-08  0.135701E-02  0.911560E-04  0.337937E-08
  0.110373E+04  0.147320E-02  0.178726E-03  0.129440E-13  0.129359E-13  0.000000E+00  0.126225E-02  0.126225E-02  0.126225E-02 -0.719696E-08  0.127271E-02  0.681781E-04  0.311022E-08
  0.114114E+04  0.138268E-02  0.154369E-03  0.113102E-13  0.113046E-13  0.000000E+00  0.118251E-02  0.118251E-02  0.118251E-02 -0.674234E-08  0.119362E-02  0.501246E-04  0.285582E-08
  0.117982E+04  0.129771E-02  0.132792E-03  0.988479E-14  0.988101E-14  0.000000E+00  0.110787E-02  0.110787E-02  0.110787E-02 -0.631674E-08  0.111943E-02  0.364799E-04  0.261594E-08
  0.121981E+04  0.121793E-02  0.113802E-03  0.864134E-14  0.863874E-14  0.000000E+00  0.103800E-02  0.103800E-02  0.103800E-02 -0.591837E-08  0.104984E-02  0.267241E-04  0.239039E-08
  0.126115E+04  0.114305E-02  0.972085E-04  0.755661E-14  0.755476E-14  0.000000E+00  0.972615E-03  0.972615E-03  0.972615E-03 -0.554555E-08  0.984575E-03  0.203349E-04  0.217898E-08
  0.130390E+04  0.107275E-02  0.828205E-04  0.661031E-14  0.660889E-14  0.000000E+00  0.911428E-03  0.911428E-03  0.911428E-03 -0.519669E-08  0.923371E-03  0.167903E-04  0.198152E-08
  0.134810E+04  0.100676E-02  0.704502E-04  0.578469E-14  0.578345E-14  0.000000E+00  0.854179E-03  0.854179E-03  0.854179E-03 -0.487027E-08  0.865978E-03  0.155728E-04  0.179780E-08
  0.139379E+04  0.944823E-03  0.599109E-04  0.506421E-14  0.506301E-14  0.000000E+00  0.800615E-03  0.800615E-03  0.800615E-03 -0.456487E-08  0.812164E-03  0.161748E-04  0.162759E-08
  0.144103E+04  0.886685E-03  0.510181E-04  0.443532E-14  0.443407E-14  0.000000E+00  0.750502E-03  0.750502E-03  0.750502E-03 -0.427914E-08  0.761708E-03  0.181044E-04  0.147063E-08
  0.148988E+04  0.832117E-03  0.435898E-04  0.388618E-14  0.388482E-14  0.000000E+00  0.703616E-03  0.703616E-03  0.703616E-03 -0.401181E-08  0.714404E-03  0.208934E-04  0.132660E-08
  0.154038E+04  0.780901E-03  0.374475E-04  0.340645E-14  0.340498E-14  0.000000E+00  0.659745E-03  0.659745E-03  0.659745E-03 -0.376167E-08  0.670058E-03  0.241051E-04  0.119512E-08
  0.159259E+04  0.732832E-03  0.324178E-04  0.298713E-14  0.298558E-14  0.000000E+00  0.618691E-03  0.618691E-03  0.618691E-03 -0.352759E-08  0.628485E-03  0.273435E-04  0.107575E-08
  0.164657E+04  0.687719E-03  0.283335E-04  0.262040E-14  0.261879E-14  0.000000E+00  0.580263E-03  0.580263E-03  0.580263E-03 -0.330849E-08  0.589513E-03  0.302620E-04  0.967974E-09
  0.170238E+04  0.645380E-03  0.250351E-04  0.229944E-14  0.229781E-14  0.000000E+00  0.544287E-03  0.544287E-03  0.544287E-03 -0.310336E-08  0.552980E-03  0.325731E-04  0.871210E-09
  0.176008E+04  0.605646E-03  0.223735E-04  0.201833E-14  0.201674E-14  0.000000E+00  0.510594E-03  0.510594E-03  0.510594E-03 -0.291125E-08  0.518732E-03  0.340557E-04  0.784793E-09
  0.181974E+04  0.568358E-03  0.202111E-04  0.177194E-14  0.177043E-14  0.000000E+00  0.479030E-03  0.479030E-03  0.479030E-03 -0.273128E-08  0.486625E-03  0.345622E-04  0.707988E-09
  0.188142E+04  0.533365E-03  0.184245E-04  0.155582E-14  0.155443E-14  0.000000E+00  0.449448E-03  0.449448E-03  0.449448E-03 -0.256262E-08  0.456524E-03  0.340227E-04  0.639998E-09
  0.194519E+04  0.500526E-03  0.169059E-04  0.136613E-14  0.136489E-14  0.000000E+00  0.421714E-03  0.421714E-03  0.421714E-03 -0.240448E-08  0.428301E-03  0.324462E-04  0.579976E-09
  0.201113E+04  0.469709E-03  0.155646E-04  0.119952E-14  0.119845E-14  0.000000E+00  0.395700E-03  0.395700E-03  0.395700E-03 -0.225616E-08  0.401837E-03  0.299184E-04  0.527042E-09
  0.207929E+04  0.440790E-03  0.143288E-04  0.105313E-14  0.105224E-14  0.000000E+00  0.371292E-03  0.371292E-03  0.371292E-03 -0.211700E-08  0.377020E-03  0.265949E-04  0.480304E-09
  0.214977E+04  0.413651E-03  0.131452E-04  0.924443E-15  0.923735E-15  0.000000E+00  0.348384E-03  0.348384E-03  0.348384E-03 -0.198638E-08  0.353744E-03  0.226893E-04  0.438879E-09
  0.222264E+04  0.388184E-03  0.119796E-04  0.811312E-15  0.810773E-15  0.000000E+00  0.326876E-03  0.326876E-03  0.326876E-03 -0.186375E-08  0.331912E-03  0.184577E-04  0.401923E-09
  0.229797E+04  0.364284E-03  0.108153E-04  0.711858E-15  0.711470E-15  0.000000E+00  0.306682E-03  0.306682E-03  0.306682E-03 -0.174861E-08  0.311432E-03  0.141780E-04  0.368654E-09
  0.237586E+04  0.341856E-03  0.965158E-05  0.624447E-15  0.624188E-15  0.000000E+00  0.287719E-03  0.287719E-03  0.287719E-03 -0.164049E-08  0.292217E-03  0.101264E-04  0.338379E-09
  0.245639E+04  0.320808E-03  0.850049E-05  0.547655E-15  0.547498E-15  0.000000E+00  0.269914E-03  0.269914E-03  0.269914E-03 -0.153897E-08  0.274189E-03  0.655296E-05  0.310515E-09
  0.253965E+04  0.301056E-03  0.738351E-05  0.480230E-15  0.480148E-15  0.000000E+00  0.253198E-03  0.253198E-03  0.253198E-03 -0.144366E-08  0.257272E-03  0.365691E-05  0.284602E-09
  0.262574E+04  0.282519E-03  0.632725E-05  0.421069E-15  0.421036E-15  0.000000E+00  0.237510E-03  0.237510E-03  0.237510E-03 -0.135421E-08  0.241398E-03  0.156651E-05  0.260311E-09
  0.271474E+04  0.265122E-03  0.535903E-05  0.369196E-15  0.369189E-15  0.000000E+00  0.222790E-03  0.222790E-03  0.222790E-03 -0.127028E-08  0.226502E-03  0.324536E-06  0.237442E-09
  0.280675E+04  0.248796E-03  0.450260E-05  0.323740E-15  0.323742E-15  0.000000E+00  0.208985E-03  0.208985E-03  0.208985E-03 -0.119157E-08  0.212523E-03 -0.116932E-06  0.215913E-09
  0.290189E+04  0.233473E-03  0.377445E-05  0.283928E-15  0.283926E-15  0.000000E+00  0.196041E-03  0.196041E-03  0.196041E-03 -0.111777E-08  0.199406E-03  0.109142E-06  0.195730E-09
  0.300025E+04  0.219093E-03  0.318123E-05  0.249068E-15  0.249055E-15  0.000000E+00  0.183908E-03  0.183908E-03  0.183908E-03 -0.104859E-08  0.187098E-03  0.802142E-06  0.176963E-09
  0.310194E+04  0.205598E-03  0.271852E-05  0.218542E-15  0.218516E-15  0.000000E+00  0.172536E-03  0.172536E-03  0.172536E-03 -0.983749E-09  0.175550E-03  0.172183E-05  0.159707E-09
  0.320708E+04  0.192933E-03  0.237141E-05  0.191804E-15  0.191767E-15  0.000000E+00  0.161878E-03  0.161878E-03  0.161878E-03 -0.922981E-09  0.164715E-03  0.262394E-05  0.144041E-09
  0.331578E+04  0.181047E-03  0.211668E-05  0.168370E-15  0.168326E-15  0.000000E+00  0.151888E-03  0.151888E-03  0.151888E-03 -0.866017E-09  0.154550E-03  0.329834E-05  0.130002E-09
  0.342817E+04  0.169892E-03  0.192635E-05  0.147815E-15  0.147771E-15  0.000000E+00  0.142520E-03  0.142520E-03  0.142520E-03 -0.812604E-09  0.145013E-03  0.360293E-05  0.117559E-09
  0.354437E+04  0.159423E-03  0.177212E-05  0.129772E-15  0.129732E-15  0.000000E+00  0.133732E-03  0.133732E-03  0.133732E-03 -0.762499E-09  0.136066E-03  0.348651E-05  0.106604E-09
  0.366451E+04  0.149599E-03  0.162983E-05  0.113924E-15  0.113892E-15  0.000000E+00  0.125486E-03  0.125486E-03  0.125486E-03 -0.715481E-09  0.127671E-03  0.299439E-05  0.969632E-10
  0.378872E+04  0.140380E-03  0.148299E-05  0.999971E-16  0.999745E-16  0.000000E+00  0.117745E-03  0.117745E-03  0.117745E-03 -0.671344E-09  0.119795E-03  0.225381E-05  0.884168E-10
  0.391714E+04  0.131728E-03  0.132475E-05  0.877583E-16  0.877448E-16  0.000000E+00  0.110477E-03  0.110477E-03  0.110477E-03 -0.629904E-09  0.112405E-03  0.144047E-05  0.807331E-10
  0.404991E+04  0.123608E-03  0.115755E-05  0.770063E-16  0.769999E-16  0.000000E+00  0.103653E-03  0.103653E-03  0.103653E-03 -0.590998E-09  0.105470E-03  0.732785E-06  0.737043E-10
  0.418718E+04  0.115988E-03  0.990777E-06  0.675661E-16  0.675639E-16  0.000000E+00  0.972478E-04  0.972478E-04  0.972478E-04 -0.554478E-09  0.989627E-04  0.264824E-06  0.671773E-10
  0.432911E+04  0.108837E-03  0.836697E-06  0.592833E-16  0.592826E-16  0.000000E+00  0.912372E-04  0.912372E-04  0.912372E-04 -0.520207E-09  0.928561E-04  0.913365E-07  0.610691E-10
  0.447584E+04  0.102127E-03  0.706029E-06  0.520203E-16  0.520190E-16  0.000000E+00  0.855989E-04  0.855989E-04  0.855989E-04 -0.488059E-09  0.871258E-04  0.176282E-06  0.553642E-10
  0.462755E+04  0.958292E-04  0.604319E-06  0.456531E-16  0.456504E-16  0.000000E+00  0.803111E-04  0.803111E-04  0.803111E-04 -0.457909E-09  0.817486E-04  0.410237E-06  0.500935E-10
  0.478440E+04  0.899194E-04  0.530325E-06  0.400706E-16  0.400665E-16  0.000000E+00  0.753523E-04  0.753523E-04  0.753523E-04 -0.429636E-09  0.767030E-04  0.652500E-06  0.453014E-10
  0.494657E+04  0.843734E-04  0.476932E-06  0.351737E-16  0.351691E-16  0.000000E+00  0.707014E-04  0.707014E-04  0.707014E-04 -0.403118E-09  0.719687E-04  0.783855E-06  0.410129E-10
  0.511423E+04  0.791690E-04  0.434190E-06  0.308754E-16  0.308713E-16  0.000000E+00  0.663381E-04  0.663381E-04  0.663381E-04 -0.378240E-09  0.675266E-04  0.749888E-06  0.372118E-10
  0.528758E+04  0.742850E-04  0.393241E-06  0.271007E-16  0.270977E-16  0.000000E+00  0.622434E-04  0.622434E-04  0.622434E-04 -0.354893E-09  0.633584E-04  0.576497E-06  0.338388E-10
  0.546681E+04  0.697019E-04  0.349448E-06  0.237852E-16  0.237835E-16  0.000000E+00  0.584000E-04  0.584000E-04  0.584000E-04 -0.332979E-09  0.594474E-04  0.349796E-06  0.308087E-10
  0.565210E+04  0.654010E-04  0.303368E-06  0.208737E-16  0.208730E-16  0.000000E+00  0.547925E-04  0.547925E-04  0.547925E-04 -0.312410E-09  0.557774E-04  0.169006E-06  0.280393E-10
  0.584368E+04  0.613651E-04  0.259196E-06  0.183183E-16  0.183179E-16  0.000000E+00  0.514071E-04  0.514071E-04  0.514071E-04 -0.293108E-09  0.523337E-04  0.954275E-07  0.254765E-10
  0.604175E+04  0.575779E-04  0.221627E-06  0.160765E-16  0.160760E-16  0.000000E+00  0.482309E-04  0.482309E-04  0.482309E-04 -0.274998E-09  0.491023E-04  0.124600E-06  0.231032E-10
  0.624654E+04  0.540239E-04  0.192891E-06  0.141099E-16  0.141092E-16  0.000000E+00  0.452515E-04  0.452515E-04  0.452515E-04 -0.258010E-09  0.460701E-04  0.197276E-06  0.209292E-10
  0.645827E+04  0.506890E-04  0.171660E-06  0.123846E-16  0.123838E-16  0.000000E+00  0.424565E-04  0.424565E-04  0.424565E-04 -0.242074E-09  0.432249E-04  0.242183E-06  0.189677E-10
  0.667717E+04  0.475595E-04  0.154319E-06  0.108702E-16  0.108695E-16  0.000000E+00  0.398342E-04  0.398342E-04  0.398342E-04 -0.227123E-09  0.405552E-04  0.222630E-06  0.172148E-10
  0.690349E+04  0.446230E-04  0.137542E-06  0.954058E-17  0.954010E-17  0.000000E+00  0.373735E-04  0.373735E-04  0.373735E-04 -0.213092E-09  0.380503E-04  0.155394E-06  0.156440E-10
  0.713749E+04  0.418674E-04  0.120287E-06  0.837318E-17  0.837293E-17  0.000000E+00  0.350642E-04  0.350642E-04  0.350642E-04 -0.199925E-09  0.356998E-04  0.895195E-07  0.142189E-10
  0.737942E+04  0.392817E-04  0.103803E-06  0.734854E-17  0.734837E-17  0.000000E+00  0.328972E-04  0.328972E-04  0.328972E-04 -0.187570E-09  0.334944E-04  0.632717E-07  0.129112E-10
  0.762954E+04  0.368554E-04  0.898969E-07  0.644943E-17  0.644924E-17  0.000000E+00  0.308640E-04  0.308640E-04  0.308640E-04 -0.175977E-09  0.314249E-04  0.752420E-07  0.117104E-10
  0.788815E+04  0.345787E-04  0.791116E-07  0.566050E-17  0.566028E-17  0.000000E+00  0.289566E-04  0.289566E-04  0.289566E-04 -0.165102E-09  0.294831E-04  0.931241E-07  0.106185E-10
  0.815552E+04  0.324425E-04  0.703926E-07  0.496809E-17  0.496790E-17  0.000000E+00  0.271670E-04  0.271670E-04  0.271670E-04 -0.154898E-09  0.276612E-04  0.889653E-07  0.963512E-11
  0.843195E+04  0.304379E-04  0.623196E-07  0.436028E-17  0.436015E-17  0.000000E+00  0.254878E-04  0.254878E-04  0.254878E-04 -0.145324E-09  0.259516E-04  0.646922E-07  0.874963E-11
  0.871775E+04  0.285570E-04  0.544386E-07  0.382674E-17  0.382666E-17  0.000000E+00  0.239122E-04  0.239122E-04  0.239122E-04 -0.136340E-09  0.243476E-04  0.432806E-07  0.794541E-11
  0.901324E+04  0.267921E-04  0.473095E-07  0.335848E-17  0.335841E-17  0.000000E+00  0.224337E-04  0.224337E-04  0.224337E-04 -0.127910E-09  0.228426E-04  0.391678E-07  0.721034E-11
  0.931874E+04  0.251362E-04  0.414595E-07  0.294756E-17  0.294749E-17  0.000000E+00  0.210466E-04  0.210466E-04  0.210466E-04 -0.120002E-09  0.214304E-04  0.439336E-07  0.654062E-11
  0.963460E+04  0.235823E-04  0.366573E-07  0.258692E-17  0.258685E-17  0.000000E+00  0.197453E-04  0.197453E-04  0.197453E-04 -0.112582E-09  0.201054E-04  0.419870E-07  0.593483E-11
  0.996117E+04  0.221244E-04  0.323133E-07  0.227037E-17  0.227032E-17  0.000000E+00  0.185242E-04  0.185242E-04  0.185242E-04 -0.105619E-09  0.188622E-04  0.319046E-07  0.538746E-11
  0.102988E+05  0.207565E-04  0.282432E-07  0.199253E-17  0.199250E-17  0.000000E+00  0.173785E-04  0.173785E-04  0.173785E-04 -0.990871E-10  0.176958E-04  0.243598E-07  0.489014E-11
  0.106479E+05  0.194729E-04  0.246840E-07  0.174869E-17  0.174866E-17  0.000000E+00  0.163036E-04  0.163036E-04  0.163036E-04 -0.929581E-10  0.166013E-04  0.237646E-07  0.443705E-11
  0.110088E+05  0.182686E-04  0.217232E-07  0.153470E-17  0.153467E-17  0.000000E+00  0.152951E-04  0.152951E-04  0.152951E-04 -0.872079E-10  0.155745E-04  0.235180E-07  0.402582E-11
  0.113819E+05  0.171387E-04  0.191340E-07  0.134688E-17  0.134686E-17  0.000000E+00  0.143489E-04  0.143489E-04  0.143489E-04 -0.818128E-10  0.146111E-04  0.193263E-07  0.365366E-11
  0.117677E+05  0.160785E-04  0.167610E-07  0.118203E-17  0.118202E-17  0.000000E+00  0.134611E-04  0.134611E-04  0.134611E-04 -0.767509E-10  0.137071E-04  0.153135E-07  0.331593E-11
  0.121666E+05  0.150838E-04  0.146753E-07  0.103736E-17  0.103735E-17  0.000000E+00  0.126281E-04  0.126281E-04  0.126281E-04 -0.720017E-10  0.128590E-04  0.143725E-07  0.300878E-11
  0.125790E+05  0.141506E-04  0.129041E-07  0.910391E-18  0.910379E-18  0.000000E+00  0.118466E-04  0.118466E-04  0.118466E-04 -0.675460E-10  0.120633E-04  0.134768E-07  0.273006E-11
  0.130054E+05  0.132749E-04  0.113408E-07  0.798957E-18  0.798947E-18  0.000000E+00  0.111135E-04  0.111135E-04  0.111135E-04 -0.633656E-10  0.113168E-04  0.111138E-07  0.247748E-11
  0.134462E+05  0.124534E-04  0.993752E-08  0.701157E-18  0.701150E-18  0.000000E+00  0.104256E-04  0.104256E-04  0.104256E-04 -0.594435E-10  0.106164E-04  0.946066E-08  0.224816E-11
  0.139019E+05  0.116826E-04  0.871924E-08  0.615327E-18  0.615320E-18  0.000000E+00  0.978021E-05  0.978021E-05  0.978021E-05 -0.557638E-10  0.995921E-05  0.876827E-08  0.203988E-11
  0.143731E+05  0.109595E-04  0.766055E-08  0.540000E-18  0.539995E-18  0.000000E+00  0.917473E-05  0.917473E-05  0.917473E-05 -0.523115E-10  0.934268E-05  0.767794E-08  0.185097E-11
  0.148603E+05  0.102810E-04  0.672149E-08  0.473891E-18  0.473887E-18  0.000000E+00  0.860667E-05  0.860667E-05  0.860667E-05 -0.490726E-10  0.876425E-05  0.654944E-08  0.167957E-11
  0.153640E+05  0.964446E-05  0.589700E-08  0.415873E-18  0.415870E-18  0.000000E+00  0.807373E-05  0.807373E-05  0.807373E-05 -0.460340E-10  0.822158E-05  0.581742E-08  0.152398E-11
  0.158848E+05  0.904727E-05  0.517616E-08  0.364956E-18  0.364953E-18  0.000000E+00  0.757374E-05  0.757374E-05  0.757374E-05 -0.431832E-10  0.771246E-05  0.513539E-08  0.138280E-11
  0.164232E+05  0.848700E-05  0.454308E-08  0.320271E-18  0.320269E-18  0.000000E+00  0.710467E-05  0.710467E-05  0.710467E-05 -0.405087E-10  0.723481E-05  0.450886E-08  0.125469E-11
  0.169799E+05  0.796136E-05  0.398737E-08  0.281055E-18  0.281053E-18  0.000000E+00  0.666460E-05  0.666460E-05  0.666460E-05 -0.379995E-10  0.678670E-05  0.392241E-08  0.113844E-11
  0.175554E+05  0.746822E-05  0.349823E-08  0.246640E-18  0.246638E-18  0.000000E+00  0.625175E-05  0.625175E-05  0.625175E-05 -0.356456E-10  0.636630E-05  0.344119E-08  0.103295E-11
  0.181504E+05  0.700558E-05  0.307061E-08  0.216437E-18  0.216436E-18  0.000000E+00  0.586443E-05  0.586443E-05  0.586443E-05 -0.334372E-10  0.597190E-05  0.307160E-08  0.937214E-12
  0.187656E+05  0.657156E-05  0.269517E-08  0.189932E-18  0.189931E-18  0.000000E+00  0.550108E-05  0.550108E-05  0.550108E-05 -0.313655E-10  0.560189E-05  0.264140E-08  0.850361E-12
  0.194017E+05  0.616437E-05  0.236421E-08  0.166672E-18  0.166671E-18  0.000000E+00  0.516019E-05  0.516019E-05  0.516019E-05 -0.294219E-10  0.525477E-05  0.233141E-08  0.771540E-12
  0.200593E+05  0.578238E-05  0.207549E-08  0.146259E-18  0.146258E-18  0.000000E+00  0.484040E-05  0.484040E-05  0.484040E-05 -0.275985E-10  0.492913E-05  0.207559E-08  0.700016E-12
  0.207392E+05  0.542402E-05  0.182124E-08  0.128345E-18  0.128345E-18  0.000000E+00  0.454040E-05  0.454040E-05  0.454040E-05 -0.258880E-10  0.462364E-05  0.177617E-08  0.635127E-12
  0.214422E+05  0.508783E-05  0.159784E-08  0.112625E-18  0.112624E-18  0.000000E+00  0.425896E-05  0.425896E-05  0.425896E-05 -0.242833E-10  0.433705E-05  0.159251E-08  0.576238E-12
