  0.986139E-05  0.117624E+06  0.117624E+06  0.156832E+06  0.156832E+06  0.000000E+00  0.117624E+06  0.117624E+06  0.127314E+06 -0.607086E+00  0.117270E+06  0.117270E+06  0.714258E+00
  0.108887E-04  0.117624E+06  0.117624E+06  0.156832E+06  0.156832E+06  0.000000E+00  0.117624E+06  0.117624E+06  0.127314E+06 -0.607086E+00  0.117270E+06  0.117270E+06  0.788666E+00
  0.120230E-04  0.117624E+06  0.117624E+06  0.156832E+06  0.156832E+06  0.000000E+00  0.117624E+06  0.117624E+06  0.127314E+06 -0.607086E+00  0.117270E+06  0.117270E+06  0.870826E+00
  0.132755E-04  0.117624E+06  0.117624E+06  0.156832E+06  0.156832E+06  0.000000E+00  0.117624E+06  0.117624E+06  0.127314E+06 -0.607086E+00  0.117270E+06  0.117270E+06  0.961544E+00
  0.146585E-04  0.117624E+06  0.117624E+06  0.156832E+06  0.156831E+06  0.000000E+00  0.117624E+06  0.117624E+06  0.127314E+06 -0.607086E+00  0.117270E+06  0.117270E+06  0.106171E+01
  0.161856E-04  0.117624E+06  0.117624E+06  0.156831E+06  0.156831E+06  0.000000E+00  0.117624E+06  0.117624E+06  0.127314E+06 -0.607086E+00  0.117270E+06  0.117270E+06  0.117232E+01
  0.178717E-04  0.117624E+06  0.117624E+06  0.156831E+06  0.156831E+06  0.000000E+00  0.117624E+06  0.117624E+06  0.127314E+06 -0.607086E+00  0.117270E+06  0.117270E+06  0.129444E+01
  0.197335E-04  0.117624E+06  0.117624E+06  0.156831E+06  0.156831E+06  0.000000E+00  0.117624E+06  0.117624E+06  0.127314E+06 -0.607086E+00  0.117270E+06  0.117270E+06  0.142929E+01
  0.217893E-04  0.117624E+06  0.117624E+06  0.156831E+06  0.156831E+06  0.000000E+00  0.117624E+06  0.117624E+06  0.127314E+06 -0.607086E+00  0.117270E+06  0.117270E+06  0.157819E+01
  0.240592E-04  0.117624E+06  0.117624E+06  0.156831E+06  0.156830E+06  0.000000E+00  0.117624E+06  0.117624E+06  0.127314E+06 -0.607085E+00  0.117270E+06  0.117270E+06  0.174260E+01
  0.265655E-04  0.117624E+06  0.117624E+06  0.156830E+06  0.156830E+06  0.000000E+00  0.117624E+06  0.117624E+06  0.127314E+06 -0.607085E+00  0.117270E+06  0.117270E+06  0.192413E+01
  0.293330E-04  0.117624E+06  0.117624E+06  0.156830E+06  0.156829E+06  0.000000E+00  0.117624E+06  0.117624E+06  0.127314E+06 -0.607085E+00  0.117270E+06  0.117270E+06  0.212458E+01
  0.323888E-04  0.117624E+06  0.117624E+06  0.156829E+06  0.156828E+06  0.000000E+00  0.117624E+06  0.117624E+06  0.127313E+06 -0.607085E+00  0.117270E+06  0.117270E+06  0.234591E+01
  0.357629E-04  0.117624E+06  0.117624E+06  0.156829E+06  0.156828E+06  0.000000E+00  0.117624E+06  0.117624E+06  0.127313E+06 -0.607084E+00  0.117270E+06  0.117270E+06  0.259030E+01
  0.394885E-04  0.117624E+06  0.117624E+06  0.156828E+06  0.156827E+06  0.000000E+00  0.117624E+06  0.117624E+06  0.127313E+06 -0.607084E+00  0.117270E+06  0.117270E+06  0.286014E+01
  0.436023E-04  0.117624E+06  0.117624E+06  0.156827E+06  0.156825E+06  0.000000E+00  0.117624E+06  0.117624E+06  0.127313E+06 -0.607083E+00  0.117270E+06  0.117270E+06  0.315809E+01
  0.481446E-04  0.117624E+06  0.117624E+06  0.156826E+06  0.156824E+06  0.000000E+00  0.117624E+06  0.117624E+06  0.127313E+06 -0.607082E+00  0.117270E+06  0.117270E+06  0.348709E+01
  0.531600E-04  0.117624E+06  0.117623E+06  0.156824E+06  0.156822E+06  0.000000E+00  0.117624E+06  0.117624E+06  0.127313E+06 -0.607081E+00  0.117270E+06  0.117270E+06  0.385035E+01
  0.586980E-04  0.117623E+06  0.117623E+06  0.156822E+06  0.156820E+06  0.000000E+00  0.117623E+06  0.117623E+06  0.127313E+06 -0.607080E+00  0.117269E+06  0.117269E+06  0.425146E+01
  0.648129E-04  0.117623E+06  0.117623E+06  0.156820E+06  0.156817E+06  0.000000E+00  0.117623E+06  0.117623E+06  0.127312E+06 -0.607078E+00  0.117269E+06  0.117269E+06  0.469435E+01
  0.715648E-04  0.117623E+06  0.117623E+06  0.156817E+06  0.156814E+06  0.000000E+00  0.117623E+06  0.117623E+06  0.127312E+06 -0.607077E+00  0.117269E+06  0.117269E+06  0.518337E+01
  0.790201E-04  0.117623E+06  0.117622E+06  0.156814E+06  0.156810E+06  0.000000E+00  0.117623E+06  0.117623E+06  0.127311E+06 -0.607074E+00  0.117269E+06  0.117269E+06  0.572334E+01
  0.872521E-04  0.117623E+06  0.117622E+06  0.156810E+06  0.156805E+06  0.000000E+00  0.117623E+06  0.117623E+06  0.127311E+06 -0.607072E+00  0.117269E+06  0.117268E+06  0.631956E+01
  0.963416E-04  0.117622E+06  0.117622E+06  0.156805E+06  0.156799E+06  0.000000E+00  0.117622E+06  0.117622E+06  0.127310E+06 -0.607069E+00  0.117268E+06  0.117268E+06  0.697788E+01
  0.106378E-03  0.117622E+06  0.117621E+06  0.156800E+06  0.156792E+06  0.000000E+00  0.117622E+06  0.117622E+06  0.127309E+06 -0.607065E+00  0.117268E+06  0.117268E+06  0.770477E+01
  0.117460E-03  0.117621E+06  0.117620E+06  0.156792E+06  0.156783E+06  0.000000E+00  0.117621E+06  0.117621E+06  0.127308E+06 -0.607060E+00  0.117267E+06  0.117267E+06  0.850738E+01
  0.129696E-03  0.117621E+06  0.117620E+06  0.156784E+06  0.156773E+06  0.000000E+00  0.117621E+06  0.117621E+06  0.127307E+06 -0.607054E+00  0.117267E+06  0.117266E+06  0.939359E+01
  0.143208E-03  0.117620E+06  0.117619E+06  0.156773E+06  0.156760E+06  0.000000E+00  0.117620E+06  0.117620E+06  0.127306E+06 -0.607047E+00  0.117266E+06  0.117265E+06  0.103721E+02
  0.158126E-03  0.117619E+06  0.117617E+06  0.156760E+06  0.156744E+06  0.000000E+00  0.117619E+06  0.117619E+06  0.127304E+06 -0.607038E+00  0.117265E+06  0.117264E+06  0.114525E+02
  0.174599E-03  0.117618E+06  0.117616E+06  0.156744E+06  0.156724E+06  0.000000E+00  0.117618E+06  0.117618E+06  0.127302E+06 -0.607027E+00  0.117264E+06  0.117263E+06  0.126455E+02
  0.192788E-03  0.117617E+06  0.117614E+06  0.156725E+06  0.156701E+06  0.000000E+00  0.117617E+06  0.117617E+06  0.127299E+06 -0.607014E+00  0.117263E+06  0.117262E+06  0.139626E+02
  0.212872E-03  0.117615E+06  0.117612E+06  0.156701E+06  0.156672E+06  0.000000E+00  0.117615E+06  0.117615E+06  0.127296E+06 -0.606998E+00  0.117261E+06  0.117260E+06  0.154170E+02
  0.235048E-03  0.117613E+06  0.117609E+06  0.156673E+06  0.156637E+06  0.000000E+00  0.117613E+06  0.117613E+06  0.127292E+06 -0.606979E+00  0.117259E+06  0.117258E+06  0.170227E+02
  0.259534E-03  0.117611E+06  0.117606E+06  0.156638E+06  0.156594E+06  0.000000E+00  0.117610E+06  0.117610E+06  0.127287E+06 -0.606955E+00  0.117257E+06  0.117255E+06  0.187956E+02
  0.286571E-03  0.117608E+06  0.117602E+06  0.156595E+06  0.156542E+06  0.000000E+00  0.117607E+06  0.117607E+06  0.127281E+06 -0.606927E+00  0.117254E+06  0.117251E+06  0.207531E+02
  0.316425E-03  0.117605E+06  0.117597E+06  0.156543E+06  0.156478E+06  0.000000E+00  0.117604E+06  0.117604E+06  0.127274E+06 -0.606892E+00  0.117250E+06  0.117247E+06  0.229143E+02
  0.349389E-03  0.117601E+06  0.117592E+06  0.156480E+06  0.156400E+06  0.000000E+00  0.117599E+06  0.117599E+06  0.127265E+06 -0.606849E+00  0.117246E+06  0.117242E+06  0.253004E+02
  0.385786E-03  0.117595E+06  0.117584E+06  0.156403E+06  0.156306E+06  0.000000E+00  0.117594E+06  0.117594E+06  0.127254E+06 -0.606797E+00  0.117240E+06  0.117236E+06  0.279346E+02
  0.425976E-03  0.117589E+06  0.117576E+06  0.156309E+06  0.156191E+06  0.000000E+00  0.117587E+06  0.117587E+06  0.127241E+06 -0.606733E+00  0.117234E+06  0.117229E+06  0.308429E+02
  0.470352E-03  0.117581E+06  0.117565E+06  0.156194E+06  0.156050E+06  0.000000E+00  0.117579E+06  0.117579E+06  0.127225E+06 -0.606656E+00  0.117226E+06  0.117219E+06  0.340534E+02
  0.519351E-03  0.117572E+06  0.117552E+06  0.156055E+06  0.155880E+06  0.000000E+00  0.117569E+06  0.117569E+06  0.127206E+06 -0.606562E+00  0.117216E+06  0.117208E+06  0.375975E+02
  0.573455E-03  0.117560E+06  0.117536E+06  0.155885E+06  0.155671E+06  0.000000E+00  0.117557E+06  0.117557E+06  0.127182E+06 -0.606447E+00  0.117204E+06  0.117195E+06  0.415097E+02
  0.633195E-03  0.117547E+06  0.117517E+06  0.155678E+06  0.155418E+06  0.000000E+00  0.117542E+06  0.117542E+06  0.127154E+06 -0.606307E+00  0.117190E+06  0.117178E+06  0.458278E+02
  0.699158E-03  0.117530E+06  0.117494E+06  0.155426E+06  0.155110E+06  0.000000E+00  0.117524E+06  0.117524E+06  0.127119E+06 -0.606136E+00  0.117172E+06  0.117158E+06  0.505936E+02
  0.771993E-03  0.117509E+06  0.117465E+06  0.155119E+06  0.154734E+06  0.000000E+00  0.117502E+06  0.117502E+06  0.127076E+06 -0.605928E+00  0.117151E+06  0.117134E+06  0.558530E+02
  0.852416E-03  0.117484E+06  0.117431E+06  0.154745E+06  0.154278E+06  0.000000E+00  0.117475E+06  0.117475E+06  0.127024E+06 -0.605675E+00  0.117125E+06  0.117104E+06  0.616565E+02
  0.941216E-03  0.117453E+06  0.117388E+06  0.154291E+06  0.153723E+06  0.000000E+00  0.117442E+06  0.117442E+06  0.126961E+06 -0.605367E+00  0.117093E+06  0.117067E+06  0.680593E+02
  0.103927E-02  0.117415E+06  0.117337E+06  0.153739E+06  0.153048E+06  0.000000E+00  0.117403E+06  0.117403E+06  0.126884E+06 -0.604993E+00  0.117054E+06  0.117023E+06  0.751222E+02
  0.114753E-02  0.117370E+06  0.117274E+06  0.153068E+06  0.152230E+06  0.000000E+00  0.117354E+06  0.117354E+06  0.126790E+06 -0.604536E+00  0.117007E+06  0.116969E+06  0.829115E+02
  0.126708E-02  0.117314E+06  0.117197E+06  0.152253E+06  0.151237E+06  0.000000E+00  0.117295E+06  0.117295E+06  0.126676E+06 -0.603982E+00  0.116949E+06  0.116903E+06  0.914996E+02
  0.139908E-02  0.117247E+06  0.117104E+06  0.151264E+06  0.150035E+06  0.000000E+00  0.117224E+06  0.117224E+06  0.126538E+06 -0.603307E+00  0.116879E+06  0.116823E+06  0.100965E+03
  0.154483E-02  0.117165E+06  0.116991E+06  0.150066E+06  0.148581E+06  0.000000E+00  0.117136E+06  0.117136E+06  0.126370E+06 -0.602488E+00  0.116794E+06  0.116726E+06  0.111395E+03
  0.170576E-02  0.117065E+06  0.116853E+06  0.148616E+06  0.146825E+06  0.000000E+00  0.117030E+06  0.117030E+06  0.126167E+06 -0.601494E+00  0.116690E+06  0.116607E+06  0.122880E+03
  0.188346E-02  0.116943E+06  0.116685E+06  0.146865E+06  0.144709E+06  0.000000E+00  0.116901E+06  0.116901E+06  0.125920E+06 -0.600289E+00  0.116563E+06  0.116462E+06  0.135520E+03
  0.207967E-02  0.116795E+06  0.116481E+06  0.144753E+06  0.142166E+06  0.000000E+00  0.116744E+06  0.116744E+06  0.125622E+06 -0.598829E+00  0.116410E+06  0.116287E+06  0.149423E+03
  0.229632E-02  0.116616E+06  0.116233E+06  0.142213E+06  0.139120E+06  0.000000E+00  0.116554E+06  0.116554E+06  0.125262E+06 -0.597064E+00  0.116223E+06  0.116073E+06  0.164700E+03
  0.253554E-02  0.116399E+06  0.115932E+06  0.139167E+06  0.135485E+06  0.000000E+00  0.116323E+06  0.116323E+06  0.124828E+06 -0.594933E+00  0.115996E+06  0.115814E+06  0.181471E+03
  0.279968E-02  0.116135E+06  0.115568E+06  0.135527E+06  0.131168E+06  0.000000E+00  0.116043E+06  0.116043E+06  0.124306E+06 -0.592366E+00  0.115721E+06  0.115500E+06  0.199858E+03
  0.309134E-02  0.115817E+06  0.115126E+06  0.131199E+06  0.126073E+06  0.000000E+00  0.115704E+06  0.115704E+06  0.123681E+06 -0.589283E+00  0.115388E+06  0.115119E+06  0.219986E+03
  0.341338E-02  0.115433E+06  0.114592E+06  0.126080E+06  0.120100E+06  0.000000E+00  0.115296E+06  0.115296E+06  0.122934E+06 -0.585590E+00  0.114984E+06  0.114658E+06  0.241978E+03
  0.376897E-02  0.114969E+06  0.113947E+06  0.120067E+06  0.113163E+06  0.000000E+00  0.114803E+06  0.114803E+06  0.122046E+06 -0.581184E+00  0.114497E+06  0.114101E+06  0.265954E+03
  0.416160E-02  0.114412E+06  0.113170E+06  0.113063E+06  0.105194E+06  0.000000E+00  0.114210E+06  0.114210E+06  0.120996E+06 -0.575952E+00  0.113909E+06  0.113429E+06  0.292022E+03
  0.459514E-02  0.113745E+06  0.112236E+06  0.104991E+06  0.961643E+05  0.000000E+00  0.113499E+06  0.113499E+06  0.119763E+06 -0.569774E+00  0.113202E+06  0.112621E+06  0.320270E+03
  0.507384E-02  0.112948E+06  0.111116E+06  0.958070E+05  0.861064E+05  0.000000E+00  0.112649E+06  0.112649E+06  0.118324E+06 -0.562526E+00  0.112354E+06  0.111651E+06  0.350761E+03
  0.560241E-02  0.112000E+06  0.109779E+06  0.855283E+05  0.751412E+05  0.000000E+00  0.111638E+06  0.111638E+06  0.116660E+06 -0.554092E+00  0.111340E+06  0.110492E+06  0.383516E+03
  0.618604E-02  0.110879E+06  0.108189E+06  0.742572E+05  0.635063E+05  0.000000E+00  0.110440E+06  0.110440E+06  0.114757E+06 -0.544369E+00  0.110134E+06  0.109111E+06  0.418503E+03
  0.683048E-02  0.109560E+06  0.106308E+06  0.622150E+05  0.515802E+05  0.000000E+00  0.109030E+06  0.109030E+06  0.112605E+06 -0.533284E+00  0.108706E+06  0.107477E+06  0.455620E+03
  0.754204E-02  0.108020E+06  0.104094E+06  0.497715E+05  0.398890E+05  0.000000E+00  0.107380E+06  0.107380E+06  0.110205E+06 -0.520807E+00  0.107026E+06  0.105553E+06  0.494678E+03
  0.832774E-02  0.106235E+06  0.101506E+06  0.374618E+05  0.290818E+05  0.000000E+00  0.105464E+06  0.105464E+06  0.107567E+06 -0.506967E+00  0.105066E+06  0.103305E+06  0.535380E+03
  0.919528E-02  0.104186E+06  0.985038E+05  0.259743E+05  0.198533E+05  0.000000E+00  0.103260E+06  0.103260E+06  0.104710E+06 -0.491862E+00  0.102797E+06  0.100701E+06  0.577306E+03
  0.101532E-01  0.101857E+06  0.950508E+05  0.160882E+05  0.128032E+05  0.000000E+00  0.100748E+06  0.100748E+06  0.101659E+06 -0.475651E+00  0.100201E+06  0.977152E+05  0.619896E+03
  0.112109E-01  0.992398E+05  0.911164E+05  0.854099E+04  0.824158E+04  0.000000E+00  0.979160E+05  0.979160E+05  0.984361E+05 -0.458542E+00  0.972653E+05  0.943323E+05  0.662433E+03
  0.123788E-01  0.963315E+05  0.866793E+05  0.382200E+04  0.599662E+04  0.000000E+00  0.947586E+05  0.947586E+05  0.950496E+05 -0.440739E+00  0.939917E+05  0.905498E+05  0.704026E+03
  0.136684E-01  0.931378E+05  0.817299E+05  0.193117E+04  0.534078E+04  0.000000E+00  0.912787E+05  0.912787E+05  0.914842E+05 -0.422384E+00  0.903950E+05  0.863811E+05  0.743579E+03
  0.150923E-01  0.896695E+05  0.762725E+05  0.220674E+04  0.517682E+04  0.000000E+00  0.874863E+05  0.874863E+05  0.876977E+05 -0.403492E+00  0.865030E+05  0.818553E+05  0.779752E+03
  0.166646E-01  0.859410E+05  0.703287E+05  0.338919E+04  0.453915E+04  0.000000E+00  0.833968E+05  0.833968E+05  0.836352E+05 -0.383934E+00  0.823515E+05  0.770148E+05  0.810882E+03
  0.184006E-01  0.819678E+05  0.639418E+05  0.406683E+04  0.319483E+04  0.000000E+00  0.790302E+05  0.790302E+05  0.792594E+05 -0.363489E+00  0.779770E+05  0.719099E+05  0.834894E+03
  0.203175E-01  0.777664E+05  0.571862E+05  0.343371E+04  0.180480E+04  0.000000E+00  0.744126E+05  0.744126E+05  0.745836E+05 -0.341987E+00  0.734106E+05  0.665963E+05  0.849237E+03
  0.224341E-01  0.733577E+05  0.501795E+05  0.187897E+04  0.119920E+04  0.000000E+00  0.695805E+05  0.695805E+05  0.696794E+05 -0.319465E+00  0.686785E+05  0.611395E+05  0.850915E+03
  0.247711E-01  0.687720E+05  0.430982E+05  0.669722E+03  0.113118E+04  0.000000E+00  0.645881E+05  0.645881E+05  0.646412E+05 -0.296223E+00  0.638064E+05  0.556209E+05  0.836714E+03
  0.273517E-01  0.640547E+05  0.361886E+05  0.590466E+03  0.854489E+03  0.000000E+00  0.595136E+05  0.595136E+05  0.595567E+05 -0.272694E+00  0.588655E+05  0.501844E+05  0.803646E+03
  0.302011E-01  0.592690E+05  0.297675E+05  0.935774E+03  0.639956E+03  0.000000E+00  0.544614E+05  0.544614E+05  0.545117E+05 -0.249408E+00  0.539334E+05  0.449934E+05  0.749539E+03
  0.333473E-01  0.544955E+05  0.242034E+05  0.644477E+03  0.477432E+03  0.000000E+00  0.495590E+05  0.495590E+05  0.495946E+05 -0.226874E+00  0.491231E+05  0.402505E+05  0.673700E+03
  0.368212E-01  0.498286E+05  0.198699E+05  0.174000E+03  0.355883E+03  0.000000E+00  0.449464E+05  0.449464E+05  0.449618E+05 -0.205655E+00  0.445589E+05  0.361580E+05  0.577708E+03
  0.406571E-01  0.453688E+05  0.170663E+05  0.311378E+03  0.265622E+03  0.000000E+00  0.407566E+05  0.407566E+05  0.407746E+05 -0.186401E+00  0.403578E+05  0.328694E+05  0.466371E+03
  0.447228E-01  0.413553E+05  0.159100E+05  0.203181E+03  0.202046E+03  0.000000E+00  0.372087E+05  0.372087E+05  0.372212E+05 -0.170126E+00  0.367349E+05  0.305019E+05  0.352890E+03
  0.487885E-01  0.380008E+05  0.160499E+05  0.159466E+03  0.158560E+03  0.000000E+00  0.344236E+05  0.344236E+05  0.344335E+05 -0.157352E+00  0.338591E+05  0.289863E+05  0.252893E+03
  0.528542E-01  0.351670E+05  0.168258E+05  0.128393E+03  0.127651E+03  0.000000E+00  0.321780E+05  0.321780E+05  0.321860E+05 -0.147058E+00  0.315114E+05  0.279141E+05  0.172336E+03
  0.569199E-01  0.327453E+05  0.176746E+05  0.105262E+03  0.104643E+03  0.000000E+00  0.302893E+05  0.302893E+05  0.302958E+05 -0.138405E+00  0.295373E+05  0.269816E+05  0.113692E+03
  0.609856E-01  0.306280E+05  0.181617E+05  0.872138E+02  0.866952E+02  0.000000E+00  0.285965E+05  0.285965E+05  0.286019E+05 -0.130654E+00  0.277993E+05  0.259598E+05  0.763735E+02
  0.650513E-01  0.287333E+05  0.180354E+05  0.726210E+02  0.721871E+02  0.000000E+00  0.269899E+05  0.269899E+05  0.269944E+05 -0.123304E+00  0.261961E+05  0.247195E+05  0.574758E+02
  0.691171E-01  0.269983E+05  0.172227E+05  0.605670E+02  0.602060E+02  0.000000E+00  0.254053E+05  0.254053E+05  0.254090E+05 -0.116057E+00  0.246573E+05  0.232213E+05  0.526085E+02
  0.731828E-01  0.253830E+05  0.158088E+05  0.505150E+02  0.502167E+02  0.000000E+00  0.238227E+05  0.238227E+05  0.238258E+05 -0.108822E+00  0.231523E+05  0.215121E+05  0.567527E+02
  0.772485E-01  0.238669E+05  0.139924E+05  0.421321E+02  0.418869E+02  0.000000E+00  0.222577E+05  0.222577E+05  0.222603E+05 -0.101669E+00  0.216842E+05  0.196994E+05  0.650583E+02
  0.813142E-01  0.224450E+05  0.120286E+05  0.351960E+02  0.349948E+02  0.000000E+00  0.207475E+05  0.207475E+05  0.207497E+05 -0.947682E-01  0.202764E+05  0.179170E+05  0.734727E+02
  0.853799E-01  0.211204E+05  0.101719E+05  0.295382E+02  0.293722E+02  0.000000E+00  0.193362E+05  0.193362E+05  0.193381E+05 -0.883197E-01  0.189576E+05  0.162894E+05  0.791297E+02
  0.904429E-01  0.196198E+05  0.831989E+04  0.240386E+02  0.239059E+02  0.000000E+00  0.177783E+05  0.177783E+05  0.177798E+05 -0.812014E-01  0.174823E+05  0.146218E+05  0.800862E+02
  0.955060E-01  0.182995E+05  0.718961E+04  0.199448E+02  0.198354E+02  0.000000E+00  0.164890E+05  0.164890E+05  0.164902E+05 -0.753100E-01  0.162324E+05  0.134401E+05  0.740305E+02
  0.100569E+00  0.171602E+05  0.679918E+04  0.169152E+02  0.168218E+02  0.000000E+00  0.154717E+05  0.154717E+05  0.154728E+05 -0.706615E-01  0.152171E+05  0.127268E+05  0.627002E+02
  0.105632E+00  0.161808E+05  0.697629E+04  0.146376E+02  0.145554E+02  0.000000E+00  0.146808E+05  0.146808E+05  0.146817E+05 -0.670471E-01  0.144020E+05  0.123596E+05  0.489578E+02
  0.110695E+00  0.153282E+05  0.743989E+04  0.128550E+02  0.127813E+02  0.000000E+00  0.140427E+05  0.140427E+05  0.140434E+05 -0.641309E-01  0.137272E+05  0.121640E+05  0.357586E+02
  0.115758E+00  0.145672E+05  0.789493E+04  0.113745E+02  0.113082E+02  0.000000E+00  0.134799E+05  0.134799E+05  0.134806E+05 -0.615592E-01  0.131311E+05  0.119719E+05  0.253561E+02
  0.120821E+00  0.138651E+05  0.810897E+04  0.100694E+02  0.100101E+02  0.000000E+00  0.129271E+05  0.129271E+05  0.129277E+05 -0.590338E-01  0.125614E+05  0.116601E+05  0.188881E+02
  0.125884E+00  0.131974E+05  0.796153E+04  0.887497E+01  0.882263E+01  0.000000E+00  0.123442E+05  0.123442E+05  0.123447E+05 -0.563709E-01  0.119845E+05  0.111720E+05  0.163424E+02
  0.130947E+00  0.125528E+05  0.745800E+04  0.777367E+01  0.772812E+01  0.000000E+00  0.117225E+05  0.117225E+05  0.117230E+05 -0.535316E-01  0.113911E+05  0.105215E+05  0.168154E+02
  0.136010E+00  0.119307E+05  0.670425E+04  0.677539E+01  0.673617E+01  0.000000E+00  0.110789E+05  0.110789E+05  0.110794E+05 -0.505923E-01  0.107903E+05  0.977343E+04  0.189314E+02
  0.141073E+00  0.113351E+05  0.585847E+04  0.589784E+01  0.586422E+01  0.000000E+00  0.104426E+05  0.104426E+05  0.104430E+05 -0.476861E-01  0.101997E+05  0.901402E+04  0.212820E+02
  0.146136E+00  0.107742E+05  0.508310E+04  0.515268E+01  0.512373E+01  0.000000E+00  0.984674E+04  0.984674E+04  0.984705E+04 -0.449648E-01  0.964226E+04  0.832802E+04  0.227716E+02
  0.151199E+00  0.102594E+05  0.450450E+04  0.453951E+01  0.451424E+01  0.000000E+00  0.932157E+04  0.932157E+04  0.932185E+04 -0.425664E-01  0.914307E+04  0.778097E+04  0.228106E+02
  0.156262E+00  0.979855E+04  0.418292E+04  0.404619E+01  0.402370E+01  0.000000E+00  0.888341E+04  0.888341E+04  0.888366E+04 -0.405652E-01  0.871728E+04  0.740000E+04  0.213453E+02
  0.161325E+00  0.938956E+04  0.410354E+04  0.365183E+01  0.363139E+01  0.000000E+00  0.852813E+04  0.852813E+04  0.852836E+04 -0.389426E-01  0.836137E+04  0.716678E+04  0.187496E+02
  0.166388E+00  0.902358E+04  0.419393E+04  0.333073E+01  0.331187E+01  0.000000E+00  0.823653E+04  0.823653E+04  0.823673E+04 -0.376107E-01  0.805953E+04  0.703233E+04  0.156317E+02
  0.171451E+00  0.869101E+04  0.435523E+04  0.305758E+01  0.304005E+01  0.000000E+00  0.798444E+04  0.798444E+04  0.798463E+04 -0.364593E-01  0.779419E+04  0.693924E+04  0.126263E+02
  0.176515E+00  0.838249E+04  0.449061E+04  0.281229E+01  0.279601E+01  0.000000E+00  0.774826E+04  0.774826E+04  0.774843E+04 -0.353807E-01  0.754829E+04  0.683517E+04  0.102297E+02
  0.181578E+00  0.808803E+04  0.452661E+04  0.258230E+01  0.256726E+01  0.000000E+00  0.750765E+04  0.750765E+04  0.750781E+04 -0.342818E-01  0.730488E+04  0.668069E+04  0.870435E+01
  0.186641E+00  0.779976E+04  0.442850E+04  0.236199E+01  0.234823E+01  0.000000E+00  0.725037E+04  0.725037E+04  0.725052E+04 -0.331068E-01  0.705237E+04  0.645824E+04  0.806035E+01
  0.191704E+00  0.751538E+04  0.420487E+04  0.215112E+01  0.213864E+01  0.000000E+00  0.697589E+04  0.697589E+04  0.697602E+04 -0.318534E-01  0.678960E+04  0.617617E+04  0.810243E+01
  0.196767E+00  0.723726E+04  0.389790E+04  0.195296E+01  0.194172E+01  0.000000E+00  0.669306E+04  0.669306E+04  0.669318E+04 -0.305619E-01  0.652338E+04  0.586127E+04  0.852027E+01
  0.201830E+00  0.696907E+04  0.356532E+04  0.177203E+01  0.176192E+01  0.000000E+00  0.641439E+04  0.641439E+04  0.641450E+04 -0.292893E-01  0.626253E+04  0.554607E+04  0.898835E+01
  0.206893E+00  0.671428E+04  0.326306E+04  0.161182E+01  0.160270E+01  0.000000E+00  0.615186E+04  0.615186E+04  0.615196E+04 -0.280905E-01  0.601527E+04  0.525967E+04  0.924755E+01
  0.211956E+00  0.647612E+04  0.303243E+04  0.147355E+01  0.146525E+01  0.000000E+00  0.591493E+04  0.591493E+04  0.591502E+04 -0.270086E-01  0.578886E+04  0.502264E+04  0.915348E+01
  0.217019E+00  0.625690E+04  0.289225E+04  0.135611E+01  0.134848E+01  0.000000E+00  0.570859E+04  0.570859E+04  0.570867E+04 -0.260663E-01  0.558775E+04  0.484315E+04  0.868768E+01
  0.222082E+00  0.605667E+04  0.283707E+04  0.125658E+01  0.124948E+01  0.000000E+00  0.553199E+04  0.553199E+04  0.553207E+04 -0.252599E-01  0.541178E+04  0.471575E+04  0.793588E+01
  0.227145E+00  0.587308E+04  0.284208E+04  0.117087E+01  0.116422E+01  0.000000E+00  0.537914E+04  0.537914E+04  0.537921E+04 -0.245618E-01  0.525660E+04  0.462464E+04  0.704472E+01
  0.232208E+00  0.570239E+04  0.287259E+04  0.109471E+01  0.108844E+01  0.000000E+00  0.524124E+04  0.524124E+04  0.524131E+04 -0.239321E-01  0.511556E+04  0.454950E+04  0.617258E+01
  0.237271E+00  0.554056E+04  0.289436E+04  0.102456E+01  0.101866E+01  0.000000E+00  0.510933E+04  0.510933E+04  0.510939E+04 -0.233297E-01  0.498154E+04  0.447102E+04  0.544804E+01
  0.242334E+00  0.538412E+04  0.288194E+04  0.958110E+00  0.952580E+00  0.000000E+00  0.497636E+04  0.497636E+04  0.497642E+04 -0.227225E-01  0.484858E+04  0.437543E+04  0.494385E+01
  0.247397E+00  0.523089E+04  0.282358E+04  0.894242E+00  0.889079E+00  0.000000E+00  0.483859E+04  0.483859E+04  0.483864E+04 -0.220934E-01  0.471342E+04  0.425719E+04  0.466945E+01
  0.252460E+00  0.508018E+04  0.272188E+04  0.832818E+00  0.828021E+00  0.000000E+00  0.469586E+04  0.469586E+04  0.469592E+04 -0.214417E-01  0.457582E+04  0.411909E+04  0.458078E+01
  0.257523E+00  0.493254E+04  0.259063E+04  0.774444E+00  0.770001E+00  0.000000E+00  0.455089E+04  0.455089E+04  0.455094E+04 -0.207797E-01  0.443770E+04  0.396970E+04  0.460154E+01
  0.262586E+00  0.478921E+04  0.244940E+04  0.720061E+00  0.715949E+00  0.000000E+00  0.440791E+04  0.440791E+04  0.440795E+04 -0.201268E-01  0.430197E+04  0.381997E+04  0.464793E+01
  0.267649E+00  0.465166E+04  0.231777E+04  0.670460E+00  0.666647E+00  0.000000E+00  0.427132E+04  0.427132E+04  0.427136E+04 -0.195031E-01  0.417180E+04  0.368028E+04  0.465003E+01
  0.272712E+00  0.452118E+04  0.221053E+04  0.625980E+00  0.622428E+00  0.000000E+00  0.414463E+04  0.414463E+04  0.414467E+04 -0.189246E-01  0.404995E+04  0.355822E+04  0.456565E+01
  0.277775E+00  0.439854E+04  0.213484E+04  0.586476E+00  0.583151E+00  0.000000E+00  0.402964E+04  0.402964E+04  0.402967E+04 -0.183995E-01  0.393804E+04  0.345701E+04  0.438491E+01
  0.282838E+00  0.428377E+04  0.208958E+04  0.551431E+00  0.548300E+00  0.000000E+00  0.392619E+04  0.392619E+04  0.392623E+04 -0.179272E-01  0.383609E+04  0.337518E+04  0.412625E+01
  0.287901E+00  0.417610E+04  0.206692E+04  0.520068E+00  0.517106E+00  0.000000E+00  0.383238E+04  0.383238E+04  0.383242E+04 -0.174988E-01  0.374261E+04  0.330758E+04  0.382613E+01
  0.292964E+00  0.407422E+04  0.205526E+04  0.491493E+00  0.488685E+00  0.000000E+00  0.374520E+04  0.374520E+04  0.374523E+04 -0.171007E-01  0.365528E+04  0.324727E+04  0.352640E+01
  0.298027E+00  0.397666E+04  0.204275E+04  0.464894E+00  0.462231E+00  0.000000E+00  0.366151E+04  0.366151E+04  0.366153E+04 -0.167186E-01  0.357165E+04  0.318760E+04  0.326291E+01
  0.303090E+00  0.388225E+04  0.202030E+04  0.439698E+00  0.437174E+00  0.000000E+00  0.357882E+04  0.357882E+04  0.357885E+04 -0.163410E-01  0.348975E+04  0.312371E+04  0.305796E+01
  0.308153E+00  0.379018E+04  0.198320E+04  0.415599E+00  0.413213E+00  0.000000E+00  0.349570E+04  0.349570E+04  0.349573E+04 -0.159615E-01  0.340830E+04  0.305326E+04  0.291738E+01
  0.313216E+00  0.369999E+04  0.193144E+04  0.392517E+00  0.390265E+00  0.000000E+00  0.341178E+04  0.341178E+04  0.341180E+04 -0.155782E-01  0.332684E+04  0.297650E+04  0.283212E+01
  0.318279E+00  0.361168E+04  0.186900E+04  0.370524E+00  0.368402E+00  0.000000E+00  0.332769E+04  0.332769E+04  0.332771E+04 -0.151943E-01  0.324576E+04  0.289592E+04  0.278317E+01
  0.323342E+00  0.352572E+04  0.180233E+04  0.349778E+00  0.347779E+00  0.000000E+00  0.324487E+04  0.324487E+04  0.324489E+04 -0.148161E-01  0.316617E+04  0.281526E+04  0.274795E+01
  0.328406E+00  0.344272E+04  0.173827E+04  0.330448E+00  0.328563E+00  0.000000E+00  0.316496E+04  0.316496E+04  0.316498E+04 -0.144512E-01  0.308935E+04  0.273833E+04  0.270640E+01
  0.333469E+00  0.336310E+04  0.168214E+04  0.312628E+00  0.310847E+00  0.000000E+00  0.308917E+04  0.308917E+04  0.308919E+04 -0.141052E-01  0.301616E+04  0.266780E+04  0.264518E+01
  0.338532E+00  0.328697E+04  0.163673E+04  0.296302E+00  0.294615E+00  0.000000E+00  0.301804E+04  0.301804E+04  0.301806E+04 -0.137804E-01  0.294699E+04  0.260479E+04  0.255947E+01
  0.343595E+00  0.321433E+04  0.160220E+04  0.281357E+00  0.279755E+00  0.000000E+00  0.295161E+04  0.295161E+04  0.295163E+04 -0.134771E-01  0.288188E+04  0.254910E+04  0.245240E+01
  0.348658E+00  0.314508E+04  0.157649E+04  0.267617E+00  0.266091E+00  0.000000E+00  0.288946E+04  0.288946E+04  0.288947E+04 -0.131933E-01  0.282061E+04  0.249940E+04  0.233273E+01
  0.353721E+00  0.307886E+04  0.155600E+04  0.254873E+00  0.253417E+00  0.000000E+00  0.283069E+04  0.283069E+04  0.283070E+04 -0.129249E-01  0.276252E+04  0.245357E+04  0.221159E+01
  0.358784E+00  0.301508E+04  0.153666E+04  0.242920E+00  0.241531E+00  0.000000E+00  0.277415E+04  0.277415E+04  0.277416E+04 -0.126667E-01  0.270667E+04  0.240920E+04  0.209933E+01
  0.363847E+00  0.295321E+04  0.151504E+04  0.231597E+00  0.230271E+00  0.000000E+00  0.271884E+04  0.271884E+04  0.271885E+04 -0.124142E-01  0.265220E+04  0.236436E+04  0.200312E+01
  0.368910E+00  0.289294E+04  0.148921E+04  0.220801E+00  0.219536E+00  0.000000E+00  0.266419E+04  0.266419E+04  0.266420E+04 -0.121646E-01  0.259865E+04  0.231808E+04  0.192577E+01
  0.373973E+00  0.283415E+04  0.145881E+04  0.210486E+00  0.209281E+00  0.000000E+00  0.261002E+04  0.261002E+04  0.261003E+04 -0.119173E-01  0.254587E+04  0.227028E+04  0.186589E+01
  0.379036E+00  0.277676E+04  0.142482E+04  0.200645E+00  0.199497E+00  0.000000E+00  0.255644E+04  0.255644E+04  0.255645E+04 -0.116727E-01  0.249387E+04  0.222159E+04  0.181893E+01
  0.384099E+00  0.272079E+04  0.138909E+04  0.191295E+00  0.190202E+00  0.000000E+00  0.250377E+04  0.250377E+04  0.250379E+04 -0.114322E-01  0.244289E+04  0.217305E+04  0.177882E+01
  0.389162E+00  0.266640E+04  0.135387E+04  0.182467E+00  0.181425E+00  0.000000E+00  0.245251E+04  0.245251E+04  0.245252E+04 -0.111981E-01  0.239326E+04  0.212588E+04  0.173971E+01
  0.394225E+00  0.261377E+04  0.132112E+04  0.174180E+00  0.173186E+00  0.000000E+00  0.240311E+04  0.240311E+04  0.240312E+04 -0.109726E-01  0.234535E+04  0.208110E+04  0.169724E+01
  0.399288E+00  0.256297E+04  0.129204E+04  0.166429E+00  0.165480E+00  0.000000E+00  0.235585E+04  0.235585E+04  0.235586E+04 -0.107568E-01  0.229936E+04  0.203929E+04  0.164925E+01
  0.404351E+00  0.251397E+04  0.126694E+04  0.159185E+00  0.158276E+00  0.000000E+00  0.231075E+04  0.231075E+04  0.231076E+04 -0.105508E-01  0.225531E+04  0.200047E+04  0.159585E+01
  0.409414E+00  0.246670E+04  0.124531E+04  0.152401E+00  0.151532E+00  0.000000E+00  0.226766E+04  0.226766E+04  0.226767E+04 -0.103541E-01  0.221310E+04  0.196427E+04  0.153895E+01
  0.414477E+00  0.242107E+04  0.122613E+04  0.146028E+00  0.145194E+00  0.000000E+00  0.222634E+04  0.222634E+04  0.222635E+04 -0.101654E-01  0.217254E+04  0.193005E+04  0.148141E+01
  0.419540E+00  0.237692E+04  0.120810E+04  0.140007E+00  0.139207E+00  0.000000E+00  0.218645E+04  0.218645E+04  0.218645E+04 -0.998324E-02  0.213336E+04  0.189706E+04  0.142619E+01
  0.424603E+00  0.233403E+04  0.119001E+04  0.134288E+00  0.133520E+00  0.000000E+00  0.214760E+04  0.214760E+04  0.214761E+04 -0.980587E-02  0.209527E+04  0.186460E+04  0.137555E+01
  0.429666E+00  0.229225E+04  0.117102E+04  0.128832E+00  0.128096E+00  0.000000E+00  0.210953E+04  0.210953E+04  0.210954E+04 -0.963205E-02  0.205802E+04  0.183222E+04  0.133071E+01
  0.434729E+00  0.225150E+04  0.115081E+04  0.123620E+00  0.122913E+00  0.000000E+00  0.207213E+04  0.207213E+04  0.207213E+04 -0.946125E-02  0.202151E+04  0.179975E+04  0.129167E+01
  0.439792E+00  0.221173E+04  0.112955E+04  0.118640E+00  0.117962E+00  0.000000E+00  0.203538E+04  0.203538E+04  0.203538E+04 -0.929345E-02  0.198572E+04  0.176731E+04  0.125746E+01
  0.444855E+00  0.217293E+04  0.110773E+04  0.113888E+00  0.113237E+00  0.000000E+00  0.199934E+04  0.199934E+04  0.199935E+04 -0.912890E-02  0.195066E+04  0.173518E+04  0.122650E+01
  0.449918E+00  0.213509E+04  0.108603E+04  0.109362E+00  0.108737E+00  0.000000E+00  0.196413E+04  0.196413E+04  0.196413E+04 -0.896813E-02  0.191644E+04  0.170373E+04  0.119711E+01
  0.454981E+00  0.209827E+04  0.106512E+04  0.105064E+00  0.104465E+00  0.000000E+00  0.192990E+04  0.192990E+04  0.192991E+04 -0.881184E-02  0.188315E+04  0.167330E+04  0.116785E+01
  0.460044E+00  0.206251E+04  0.104550E+04  0.100993E+00  0.100416E+00  0.000000E+00  0.189677E+04  0.189677E+04  0.189678E+04 -0.866058E-02  0.185089E+04  0.164415E+04  0.113788E+01
  0.465107E+00  0.202778E+04  0.102737E+04  0.971367E-01  0.965822E-01  0.000000E+00  0.186475E+04  0.186475E+04  0.186476E+04 -0.851438E-02  0.181965E+04  0.161633E+04  0.110692E+01
  0.470170E+00  0.199404E+04  0.101064E+04  0.934822E-01  0.929484E-01  0.000000E+00  0.183379E+04  0.183379E+04  0.183379E+04 -0.837298E-02  0.178939E+04  0.158973E+04  0.107529E+01
  0.475233E+00  0.196126E+04  0.995055E+03  0.900133E-01  0.894992E-01  0.000000E+00  0.180380E+04  0.180380E+04  0.180381E+04 -0.823608E-02  0.176006E+04  0.156418E+04  0.104366E+01
  0.480297E+00  0.192940E+04  0.980246E+03  0.867138E-01  0.862185E-01  0.000000E+00  0.177472E+04  0.177472E+04  0.177473E+04 -0.810329E-02  0.173161E+04  0.153949E+04  0.101282E+01
  0.485360E+00  0.189838E+04  0.965798E+03  0.835670E-01  0.830895E-01  0.000000E+00  0.174641E+04  0.174641E+04  0.174641E+04 -0.797400E-02  0.170391E+04  0.151540E+04  0.983474E+00
  0.490423E+00  0.186811E+04  0.951353E+03  0.805581E-01  0.800978E-01  0.000000E+00  0.171871E+04  0.171871E+04  0.171872E+04 -0.784756E-02  0.167685E+04  0.149167E+04  0.956064E+00
  0.495486E+00  0.183854E+04  0.936737E+03  0.776770E-01  0.772331E-01  0.000000E+00  0.169158E+04  0.169158E+04  0.169159E+04 -0.772367E-02  0.165035E+04  0.146822E+04  0.930725E+00
  0.500549E+00  0.180967E+04  0.921958E+03  0.749173E-01  0.744893E-01  0.000000E+00  0.166500E+04  0.166500E+04  0.166501E+04 -0.760232E-02  0.162442E+04  0.144507E+04  0.907291E+00
  0.505612E+00  0.178148E+04  0.907124E+03  0.722744E-01  0.718615E-01  0.000000E+00  0.163899E+04  0.163899E+04  0.163899E+04 -0.748354E-02  0.159907E+04  0.142227E+04  0.885383E+00
  0.510675E+00  0.175393E+04  0.892391E+03  0.697442E-01  0.693458E-01  0.000000E+00  0.161353E+04  0.161353E+04  0.161353E+04 -0.736728E-02  0.157426E+04  0.139990E+04  0.864528E+00
  0.515738E+00  0.172701E+04  0.877963E+03  0.673240E-01  0.669395E-01  0.000000E+00  0.158865E+04  0.158865E+04  0.158865E+04 -0.725368E-02  0.155002E+04  0.137806E+04  0.844283E+00
  0.520801E+00  0.170076E+04  0.864042E+03  0.650117E-01  0.646404E-01  0.000000E+00  0.156440E+04  0.156440E+04  0.156441E+04 -0.714298E-02  0.152639E+04  0.135684E+04  0.824320E+00
  0.525864E+00  0.167517E+04  0.850739E+03  0.628033E-01  0.624447E-01  0.000000E+00  0.154082E+04  0.154082E+04  0.154082E+04 -0.703529E-02  0.150339E+04  0.133632E+04  0.804472E+00
  0.530927E+00  0.165021E+04  0.838047E+03  0.606935E-01  0.603469E-01  0.000000E+00  0.151785E+04  0.151785E+04  0.151786E+04 -0.693044E-02  0.148098E+04  0.131644E+04  0.784736E+00
  0.535990E+00  0.162583E+04  0.825893E+03  0.586761E-01  0.583409E-01  0.000000E+00  0.149547E+04  0.149547E+04  0.149548E+04 -0.682824E-02  0.145912E+04  0.129714E+04  0.765235E+00
  0.541053E+00  0.160205E+04  0.814188E+03  0.567455E-01  0.564214E-01  0.000000E+00  0.147366E+04  0.147366E+04  0.147366E+04 -0.672863E-02  0.143781E+04  0.127837E+04  0.746161E+00
  0.546116E+00  0.157884E+04  0.802819E+03  0.548961E-01  0.545826E-01  0.000000E+00  0.145238E+04  0.145238E+04  0.145238E+04 -0.663146E-02  0.141702E+04  0.126007E+04  0.727708E+00
  0.551179E+00  0.155616E+04  0.791653E+03  0.531219E-01  0.528185E-01  0.000000E+00  0.143157E+04  0.143157E+04  0.143157E+04 -0.653646E-02  0.139670E+04  0.124214E+04  0.710022E+00
  0.556242E+00  0.153396E+04  0.780587E+03  0.514178E-01  0.511241E-01  0.000000E+00  0.141119E+04  0.141119E+04  0.141119E+04 -0.644340E-02  0.137680E+04  0.122452E+04  0.693174E+00
  0.561305E+00  0.151224E+04  0.769599E+03  0.497804E-01  0.494960E-01  0.000000E+00  0.139122E+04  0.139122E+04  0.139122E+04 -0.635221E-02  0.135731E+04  0.120720E+04  0.677151E+00
  0.566368E+00  0.149100E+04  0.758714E+03  0.482070E-01  0.479316E-01  0.000000E+00  0.137167E+04  0.137167E+04  0.137167E+04 -0.626294E-02  0.133824E+04  0.119019E+04  0.661871E+00
  0.571431E+00  0.147022E+04  0.747968E+03  0.466949E-01  0.464282E-01  0.000000E+00  0.135252E+04  0.135252E+04  0.135252E+04 -0.617553E-02  0.131957E+04  0.117351E+04  0.647207E+00
  0.576494E+00  0.144988E+04  0.737398E+03  0.452415E-01  0.449831E-01  0.000000E+00  0.133377E+04  0.133377E+04  0.133377E+04 -0.608991E-02  0.130128E+04  0.115716E+04  0.633024E+00
  0.581557E+00  0.142996E+04  0.727066E+03  0.438450E-01  0.435946E-01  0.000000E+00  0.131542E+04  0.131542E+04  0.131542E+04 -0.600611E-02  0.128339E+04  0.114117E+04  0.619207E+00
  0.586620E+00  0.141049E+04  0.717030E+03  0.425037E-01  0.422609E-01  0.000000E+00  0.129749E+04  0.129749E+04  0.129749E+04 -0.592423E-02  0.126589E+04  0.112557E+04  0.605679E+00
  0.591683E+00  0.139146E+04  0.707303E+03  0.412152E-01  0.409798E-01  0.000000E+00  0.127996E+04  0.127996E+04  0.127997E+04 -0.584423E-02  0.124880E+04  0.111037E+04  0.592406E+00
  0.616337E+00  0.130434E+04  0.663472E+03  0.356105E-01  0.354071E-01  0.000000E+00  0.119990E+04  0.119990E+04  0.119990E+04 -0.547865E-02  0.117065E+04  0.104110E+04  0.532212E+00
  0.631147E+00  0.125605E+04  0.638957E+03  0.327026E-01  0.325157E-01  0.000000E+00  0.115549E+04  0.115549E+04  0.115549E+04 -0.527588E-02  0.112731E+04  0.100257E+04  0.500441E+00
  0.652539E+00  0.119110E+04  0.605724E+03  0.290105E-01  0.288448E-01  0.000000E+00  0.109570E+04  0.109570E+04  0.109571E+04 -0.500291E-02  0.106899E+04  0.950636E+03  0.459241E+00
  0.674657E+00  0.112938E+04  0.574448E+03  0.257344E-01  0.255874E-01  0.000000E+00  0.103894E+04  0.103894E+04  0.103895E+04 -0.474374E-02  0.101360E+04  0.901444E+03  0.420921E+00
  0.697525E+00  0.107071E+04  0.544643E+03  0.228246E-01  0.226943E-01  0.000000E+00  0.984977E+03  0.984977E+03  0.984978E+03 -0.449733E-02  0.960938E+03  0.854632E+03  0.385900E+00
  0.721168E+00  0.101494E+04  0.516261E+03  0.202407E-01  0.201251E-01  0.000000E+00  0.933674E+03  0.933674E+03  0.933675E+03 -0.426308E-02  0.910883E+03  0.810119E+03  0.353791E+00
  0.745612E+00  0.961952E+03  0.489347E+03  0.179473E-01  0.178447E-01  0.000000E+00  0.884935E+03  0.884935E+03  0.884936E+03 -0.404054E-02  0.863326E+03  0.767848E+03  0.324240E+00
  0.770884E+00  0.911601E+03  0.463729E+03  0.159112E-01  0.158203E-01  0.000000E+00  0.838615E+03  0.838615E+03  0.838616E+03 -0.382905E-02  0.818131E+03  0.727659E+03  0.297169E+00
  0.797014E+00  0.863774E+03  0.439413E+03  0.141044E-01  0.140238E-01  0.000000E+00  0.794619E+03  0.794619E+03  0.794620E+03 -0.362816E-02  0.775203E+03  0.689491E+03  0.272303E+00
  0.824028E+00  0.818355E+03  0.416321E+03  0.125012E-01  0.124298E-01  0.000000E+00  0.752839E+03  0.752839E+03  0.752840E+03 -0.343740E-02  0.734439E+03  0.653246E+03  0.249491E+00
  0.851959E+00  0.775228E+03  0.394389E+03  0.110788E-01  0.110155E-01  0.000000E+00  0.713165E+03  0.713165E+03  0.713166E+03 -0.325625E-02  0.695731E+03  0.618827E+03  0.228564E+00
  0.880836E+00  0.734278E+03  0.373567E+03  0.981702E-02  0.976095E-02  0.000000E+00  0.675496E+03  0.675496E+03  0.675496E+03 -0.308426E-02  0.658978E+03  0.586146E+03  0.209365E+00
  0.910692E+00  0.695414E+03  0.353804E+03  0.869794E-02  0.864826E-02  0.000000E+00  0.639745E+03  0.639745E+03  0.639745E+03 -0.292102E-02  0.624097E+03  0.555129E+03  0.191759E+00
  0.941560E+00  0.658528E+03  0.335045E+03  0.770551E-02  0.766150E-02  0.000000E+00  0.605812E+03  0.605812E+03  0.605813E+03 -0.276609E-02  0.590992E+03  0.525690E+03  0.175613E+00
  0.973475E+00  0.623523E+03  0.317242E+03  0.682548E-02  0.678650E-02  0.000000E+00  0.573610E+03  0.573610E+03  0.573611E+03 -0.261906E-02  0.559574E+03  0.497750E+03  0.160808E+00
  0.100647E+01  0.590309E+03  0.300348E+03  0.604524E-02  0.601071E-02  0.000000E+00  0.543056E+03  0.543056E+03  0.543057E+03 -0.247955E-02  0.529765E+03  0.471241E+03  0.147233E+00
  0.104058E+01  0.558799E+03  0.284321E+03  0.535356E-02  0.532299E-02  0.000000E+00  0.514069E+03  0.514069E+03  0.514070E+03 -0.234719E-02  0.501484E+03  0.446091E+03  0.134790E+00
  0.107586E+01  0.528909E+03  0.269117E+03  0.474047E-02  0.471340E-02  0.000000E+00  0.486572E+03  0.486572E+03  0.486572E+03 -0.222164E-02  0.474657E+03  0.422233E+03  0.123384E+00
  0.111232E+01  0.500566E+03  0.254702E+03  0.419716E-02  0.417319E-02  0.000000E+00  0.460500E+03  0.460500E+03  0.460500E+03 -0.210260E-02  0.449221E+03  0.399611E+03  0.112932E+00
  0.115002E+01  0.473692E+03  0.241032E+03  0.371572E-02  0.369450E-02  0.000000E+00  0.435778E+03  0.435778E+03  0.435778E+03 -0.198972E-02  0.425103E+03  0.378161E+03  0.103354E+00
  0.118900E+01  0.448212E+03  0.228071E+03  0.328915E-02  0.327036E-02  0.000000E+00  0.412337E+03  0.412337E+03  0.412338E+03 -0.188269E-02  0.402234E+03  0.357822E+03  0.945796E-01
  0.122931E+01  0.424057E+03  0.215783E+03  0.291123E-02  0.289460E-02  0.000000E+00  0.390116E+03  0.390116E+03  0.390116E+03 -0.178123E-02  0.380556E+03  0.338541E+03  0.865406E-01
  0.127097E+01  0.401161E+03  0.204135E+03  0.257646E-02  0.256174E-02  0.000000E+00  0.369053E+03  0.369053E+03  0.369053E+03 -0.168506E-02  0.360007E+03  0.320264E+03  0.791766E-01
  0.131405E+01  0.379461E+03  0.193097E+03  0.227995E-02  0.226693E-02  0.000000E+00  0.349091E+03  0.349091E+03  0.349091E+03 -0.159392E-02  0.340533E+03  0.302943E+03  0.724319E-01
  0.135859E+01  0.358901E+03  0.182637E+03  0.201736E-02  0.200584E-02  0.000000E+00  0.330176E+03  0.330176E+03  0.330176E+03 -0.150755E-02  0.322080E+03  0.286531E+03  0.662554E-01
  0.140464E+01  0.339421E+03  0.172727E+03  0.178484E-02  0.177465E-02  0.000000E+00  0.312256E+03  0.312256E+03  0.312256E+03 -0.142573E-02  0.304598E+03  0.270981E+03  0.605998E-01
  0.145225E+01  0.320966E+03  0.163338E+03  0.157896E-02  0.156995E-02  0.000000E+00  0.295279E+03  0.295279E+03  0.295279E+03 -0.134821E-02  0.288036E+03  0.256249E+03  0.554216E-01
  0.150148E+01  0.303484E+03  0.154443E+03  0.139669E-02  0.138872E-02  0.000000E+00  0.279196E+03  0.279196E+03  0.279196E+03 -0.127478E-02  0.272347E+03  0.242294E+03  0.506809E-01
  0.155237E+01  0.286928E+03  0.146020E+03  0.123535E-02  0.122830E-02  0.000000E+00  0.263966E+03  0.263966E+03  0.263966E+03 -0.120524E-02  0.257489E+03  0.229078E+03  0.463416E-01
  0.160499E+01  0.271251E+03  0.138044E+03  0.109255E-02  0.108631E-02  0.000000E+00  0.249543E+03  0.249543E+03  0.249543E+03 -0.113939E-02  0.243419E+03  0.216563E+03  0.423700E-01
  0.165939E+01  0.256406E+03  0.130491E+03  0.966156E-03  0.960639E-03  0.000000E+00  0.235886E+03  0.235886E+03  0.235886E+03 -0.107703E-02  0.230097E+03  0.204712E+03  0.387353E-01
  0.171563E+01  0.242350E+03  0.123339E+03  0.854308E-03  0.849429E-03  0.000000E+00  0.222956E+03  0.222956E+03  0.222956E+03 -0.101800E-02  0.217483E+03  0.193491E+03  0.354090E-01
  0.177379E+01  0.229045E+03  0.116570E+03  0.755341E-03  0.751027E-03  0.000000E+00  0.210716E+03  0.210716E+03  0.210716E+03 -0.962108E-03  0.205542E+03  0.182869E+03  0.323656E-01
  0.183391E+01  0.216451E+03  0.110161E+03  0.667780E-03  0.663966E-03  0.000000E+00  0.199130E+03  0.199130E+03  0.199130E+03 -0.909208E-03  0.194240E+03  0.172815E+03  0.295813E-01
  0.189607E+01  0.204532E+03  0.104096E+03  0.590318E-03  0.586946E-03  0.000000E+00  0.188165E+03  0.188165E+03  0.188165E+03 -0.859142E-03  0.183544E+03  0.163300E+03  0.270342E-01
  0.196034E+01  0.193253E+03  0.983568E+02  0.521796E-03  0.518816E-03  0.000000E+00  0.177788E+03  0.177788E+03  0.177788E+03 -0.811764E-03  0.173421E+03  0.154295E+03  0.247043E-01
  0.202678E+01  0.182580E+03  0.929262E+02  0.461190E-03  0.458556E-03  0.000000E+00  0.167970E+03  0.167970E+03  0.167970E+03 -0.766934E-03  0.163844E+03  0.145775E+03  0.225734E-01
  0.209548E+01  0.172483E+03  0.877880E+02  0.407588E-03  0.405261E-03  0.000000E+00  0.158680E+03  0.158680E+03  0.158680E+03 -0.724520E-03  0.154782E+03  0.137714E+03  0.206246E-01
  0.216651E+01  0.162929E+03  0.829264E+02  0.360186E-03  0.358129E-03  0.000000E+00  0.149892E+03  0.149892E+03  0.149892E+03 -0.684391E-03  0.146209E+03  0.130087E+03  0.188425E-01
  0.223994E+01  0.153893E+03  0.783281E+02  0.318271E-03  0.316453E-03  0.000000E+00  0.141579E+03  0.141579E+03  0.141579E+03 -0.646435E-03  0.138099E+03  0.122872E+03  0.172129E-01
  0.231586E+01  0.145346E+03  0.739786E+02  0.281211E-03  0.279605E-03  0.000000E+00  0.133716E+03  0.133716E+03  0.133716E+03 -0.610534E-03  0.130429E+03  0.116049E+03  0.157232E-01
  0.239436E+01  0.137264E+03  0.698654E+02  0.248447E-03  0.247028E-03  0.000000E+00  0.126280E+03  0.126280E+03  0.126280E+03 -0.576583E-03  0.123176E+03  0.109596E+03  0.143612E-01
  0.247552E+01  0.129620E+03  0.659757E+02  0.219484E-03  0.218230E-03  0.000000E+00  0.119249E+03  0.119249E+03  0.119249E+03 -0.544477E-03  0.116317E+03  0.103494E+03  0.131162E-01
  0.255943E+01  0.122393E+03  0.622978E+02  0.193882E-03  0.192774E-03  0.000000E+00  0.112600E+03  0.112600E+03  0.112600E+03 -0.514120E-03  0.109831E+03  0.977237E+02  0.119783E-01
  0.264618E+01  0.115560E+03  0.588204E+02  0.171253E-03  0.170275E-03  0.000000E+00  0.106314E+03  0.106314E+03  0.106314E+03 -0.485418E-03  0.103699E+03  0.922683E+02  0.109383E-01
  0.273587E+01  0.109101E+03  0.555330E+02  0.151254E-03  0.150390E-03  0.000000E+00  0.100371E+03  0.100371E+03  0.100371E+03 -0.458284E-03  0.979026E+02  0.871110E+02  0.998780E-02
  0.282860E+01  0.102994E+03  0.524252E+02  0.133580E-03  0.132818E-03  0.000000E+00  0.947534E+02  0.947534E+02  0.947534E+02 -0.432634E-03  0.924229E+02  0.822357E+02  0.911927E-02
  0.292448E+01  0.972229E+02  0.494879E+02  0.117964E-03  0.117290E-03  0.000000E+00  0.894439E+02  0.894439E+02  0.894439E+02 -0.408392E-03  0.872437E+02  0.776278E+02  0.832568E-02
  0.302360E+01  0.917684E+02  0.467119E+02  0.104165E-03  0.103570E-03  0.000000E+00  0.844258E+02  0.844258E+02  0.844258E+02 -0.385480E-03  0.823489E+02  0.732729E+02  0.760064E-02
  0.312609E+01  0.866138E+02  0.440885E+02  0.919744E-04  0.914492E-04  0.000000E+00  0.796838E+02  0.796838E+02  0.796838E+02 -0.363828E-03  0.777233E+02  0.691574E+02  0.693825E-02
  0.323205E+01  0.817430E+02  0.416095E+02  0.812045E-04  0.807408E-04  0.000000E+00  0.752027E+02  0.752027E+02  0.752028E+02 -0.343368E-03  0.733524E+02  0.652685E+02  0.633315E-02
  0.334160E+01  0.771407E+02  0.392671E+02  0.716907E-04  0.712813E-04  0.000000E+00  0.709687E+02  0.709687E+02  0.709687E+02 -0.324036E-03  0.692223E+02  0.615939E+02  0.578043E-02
  0.345486E+01  0.727927E+02  0.370540E+02  0.632873E-04  0.629259E-04  0.000000E+00  0.669686E+02  0.669686E+02  0.669686E+02 -0.305772E-03  0.653205E+02  0.581222E+02  0.527561E-02
  0.357197E+01  0.686853E+02  0.349635E+02  0.558653E-04  0.555463E-04  0.000000E+00  0.631899E+02  0.631899E+02  0.631899E+02 -0.288519E-03  0.616346E+02  0.548428E+02  0.481457E-02
  0.369304E+01  0.648053E+02  0.329886E+02  0.493104E-04  0.490288E-04  0.000000E+00  0.596203E+02  0.596203E+02  0.596203E+02 -0.272221E-03  0.581528E+02  0.517448E+02  0.439354E-02
  0.381821E+01  0.611404E+02  0.311233E+02  0.435218E-04  0.432732E-04  0.000000E+00  0.562488E+02  0.562488E+02  0.562488E+02 -0.256826E-03  0.548641E+02  0.488187E+02  0.400907E-02
  0.394763E+01  0.576791E+02  0.293615E+02  0.384102E-04  0.381908E-04  0.000000E+00  0.530644E+02  0.530644E+02  0.530644E+02 -0.242287E-03  0.517580E+02  0.460550E+02  0.365801E-02
  0.408144E+01  0.544104E+02  0.276977E+02  0.338968E-04  0.337032E-04  0.000000E+00  0.500572E+02  0.500572E+02  0.500572E+02 -0.228556E-03  0.488247E+02  0.434451E+02  0.333749E-02
  0.421978E+01  0.513237E+02  0.261266E+02  0.299119E-04  0.297411E-04  0.000000E+00  0.472175E+02  0.472175E+02  0.472175E+02 -0.215590E-03  0.460548E+02  0.409805E+02  0.304487E-02
  0.436281E+01  0.484092E+02  0.246431E+02  0.263939E-04  0.262431E-04  0.000000E+00  0.445362E+02  0.445362E+02  0.445362E+02 -0.203348E-03  0.434395E+02  0.386534E+02  0.277775E-02
  0.451069E+01  0.456573E+02  0.232424E+02  0.232881E-04  0.231552E-04  0.000000E+00  0.420045E+02  0.420045E+02  0.420045E+02 -0.191788E-03  0.409700E+02  0.364561E+02  0.253391E-02
  0.466358E+01  0.430592E+02  0.219199E+02  0.205466E-04  0.204293E-04  0.000000E+00  0.396143E+02  0.396143E+02  0.396143E+02 -0.180875E-03  0.386386E+02  0.343816E+02  0.231133E-02
  0.482165E+01  0.406066E+02  0.206715E+02  0.181268E-04  0.180232E-04  0.000000E+00  0.373580E+02  0.373580E+02  0.373580E+02 -0.170573E-03  0.364378E+02  0.324233E+02  0.210819E-02
  0.498508E+01  0.382916E+02  0.194931E+02  0.159910E-04  0.158997E-04  0.000000E+00  0.352281E+02  0.352281E+02  0.352281E+02 -0.160848E-03  0.343603E+02  0.305748E+02  0.192280E-02
  0.515405E+01  0.361064E+02  0.183807E+02  0.141060E-04  0.140255E-04  0.000000E+00  0.332177E+02  0.332177E+02  0.332177E+02 -0.151669E-03  0.323994E+02  0.288299E+02  0.175362E-02
  0.532875E+01  0.340439E+02  0.173309E+02  0.124425E-04  0.123715E-04  0.000000E+00  0.313203E+02  0.313203E+02  0.313203E+02 -0.143005E-03  0.305486E+02  0.271831E+02  0.159923E-02
  0.550937E+01  0.320974E+02  0.163400E+02  0.109746E-04  0.109119E-04  0.000000E+00  0.295295E+02  0.295295E+02  0.295295E+02 -0.134829E-03  0.288020E+02  0.256288E+02  0.145835E-02
  0.569611E+01  0.302606E+02  0.154050E+02  0.967933E-05  0.962406E-05  0.000000E+00  0.278397E+02  0.278397E+02  0.278397E+02 -0.127113E-03  0.271537E+02  0.241622E+02  0.132982E-02
  0.588918E+01  0.285273E+02  0.145227E+02  0.853646E-05  0.848771E-05  0.000000E+00  0.262451E+02  0.262451E+02  0.262451E+02 -0.119832E-03  0.255983E+02  0.227782E+02  0.121255E-02
  0.608879E+01  0.268918E+02  0.136901E+02  0.752811E-05  0.748512E-05  0.000000E+00  0.247404E+02  0.247404E+02  0.247404E+02 -0.112962E-03  0.241307E+02  0.214722E+02  0.110557E-02
  0.629517E+01  0.253488E+02  0.129046E+02  0.663851E-05  0.660061E-05  0.000000E+00  0.233208E+02  0.233208E+02  0.233208E+02 -0.106481E-03  0.227461E+02  0.202401E+02  0.100797E-02
  0.650855E+01  0.238930E+02  0.121635E+02  0.585374E-05  0.582031E-05  0.000000E+00  0.219815E+02  0.219815E+02  0.219815E+02 -0.100365E-03  0.214397E+02  0.190776E+02  0.918948E-03
  0.672916E+01  0.225196E+02  0.114644E+02  0.516146E-05  0.513199E-05  0.000000E+00  0.207180E+02  0.207180E+02  0.207180E+02 -0.945965E-04  0.202074E+02  0.179810E+02  0.837746E-03
  0.695724E+01  0.212241E+02  0.108049E+02  0.455082E-05  0.452484E-05  0.000000E+00  0.195262E+02  0.195262E+02  0.195262E+02 -0.891545E-04  0.190449E+02  0.169465E+02  0.763681E-03
  0.719306E+01  0.200021E+02  0.101828E+02  0.401222E-05  0.398931E-05  0.000000E+00  0.184019E+02  0.184019E+02  0.184019E+02 -0.840214E-04  0.179483E+02  0.159707E+02  0.696133E-03
  0.743687E+01  0.188495E+02  0.959604E+01  0.353718E-05  0.351699E-05  0.000000E+00  0.173416E+02  0.173416E+02  0.173416E+02 -0.791798E-04  0.169140E+02  0.150504E+02  0.634530E-03
  0.768894E+01  0.177625E+02  0.904265E+01  0.311824E-05  0.310043E-05  0.000000E+00  0.163415E+02  0.163415E+02  0.163415E+02 -0.746135E-04  0.159386E+02  0.141824E+02  0.578353E-03
  0.794956E+01  0.167373E+02  0.852073E+01  0.274877E-05  0.273308E-05  0.000000E+00  0.153983E+02  0.153983E+02  0.153983E+02 -0.703071E-04  0.150186E+02  0.133637E+02  0.527126E-03
  0.821901E+01  0.157705E+02  0.802856E+01  0.242297E-05  0.240913E-05  0.000000E+00  0.145089E+02  0.145089E+02  0.145089E+02 -0.662460E-04  0.141511E+02  0.125917E+02  0.480415E-03
  0.849759E+01  0.148589E+02  0.756445E+01  0.213568E-05  0.212348E-05  0.000000E+00  0.136702E+02  0.136702E+02  0.136702E+02 -0.624166E-04  0.133331E+02  0.118637E+02  0.437826E-03
  0.878562E+01  0.139993E+02  0.712682E+01  0.188236E-05  0.187161E-05  0.000000E+00  0.128793E+02  0.128793E+02  0.128793E+02 -0.588056E-04  0.125617E+02  0.111773E+02  0.398995E-03
  0.908341E+01  0.131888E+02  0.671419E+01  0.165901E-05  0.164954E-05  0.000000E+00  0.121336E+02  0.121336E+02  0.121336E+02 -0.554010E-04  0.118344E+02  0.105301E+02  0.363593E-03
  0.939129E+01  0.124246E+02  0.632517E+01  0.146210E-05  0.145375E-05  0.000000E+00  0.114306E+02  0.114306E+02  0.114306E+02 -0.521911E-04  0.111487E+02  0.991990E+01  0.331320E-03
  0.970961E+01  0.117042E+02  0.595841E+01  0.128850E-05  0.128114E-05  0.000000E+00  0.107679E+02  0.107679E+02  0.107679E+02 -0.491649E-04  0.105023E+02  0.934462E+01  0.301899E-03
  0.100387E+02  0.110251E+02  0.561265E+01  0.113546E-05  0.112898E-05  0.000000E+00  0.101430E+02  0.101430E+02  0.101430E+02 -0.463121E-04  0.989289E+01  0.880230E+01  0.275081E-03
  0.103790E+02  0.103849E+02  0.528672E+01  0.100055E-05  0.994839E-06  0.000000E+00  0.955407E+01  0.955407E+01  0.955407E+01 -0.436229E-04  0.931843E+01  0.829108E+01  0.250636E-03
  0.107308E+02  0.978144E+01  0.497950E+01  0.881634E-06  0.876600E-06  0.000000E+00  0.899890E+01  0.899890E+01  0.899890E+01 -0.410881E-04  0.877694E+01  0.780919E+01  0.228355E-03
  0.110945E+02  0.921265E+01  0.468991E+01  0.776815E-06  0.772380E-06  0.000000E+00  0.847561E+01  0.847561E+01  0.847561E+01 -0.386988E-04  0.826656E+01  0.735498E+01  0.208047E-03
  0.114706E+02  0.867658E+01  0.441698E+01  0.684430E-06  0.680522E-06  0.000000E+00  0.798242E+01  0.798242E+01  0.798242E+01 -0.364469E-04  0.778552E+01  0.692689E+01  0.189539E-03
  0.118593E+02  0.817134E+01  0.415975E+01  0.603005E-06  0.599563E-06  0.000000E+00  0.751760E+01  0.751760E+01  0.751760E+01 -0.343246E-04  0.733216E+01  0.652343E+01  0.172672E-03
  0.122613E+02  0.769520E+01  0.391733E+01  0.531245E-06  0.528212E-06  0.000000E+00  0.707955E+01  0.707955E+01  0.707955E+01 -0.323245E-04  0.690491E+01  0.614320E+01  0.157301E-03
  0.126769E+02  0.724651E+01  0.368889E+01  0.468006E-06  0.465334E-06  0.000000E+00  0.666675E+01  0.666675E+01  0.666675E+01 -0.304397E-04  0.650229E+01  0.578489E+01  0.143294E-03
  0.131066E+02  0.682370E+01  0.347362E+01  0.412277E-06  0.409923E-06  0.000000E+00  0.627776E+01  0.627776E+01  0.627776E+01 -0.286636E-04  0.612289E+01  0.544724E+01  0.130531E-03
  0.135509E+02  0.642529E+01  0.327077E+01  0.363169E-06  0.361096E-06  0.000000E+00  0.591122E+01  0.591122E+01  0.591122E+01 -0.269900E-04  0.576540E+01  0.512908E+01  0.118901E-03
  0.140102E+02  0.604991E+01  0.307965E+01  0.319898E-06  0.318072E-06  0.000000E+00  0.556587E+01  0.556587E+01  0.556587E+01 -0.254132E-04  0.542856E+01  0.482930E+01  0.108305E-03
  0.144850E+02  0.569623E+01  0.289957E+01  0.281771E-06  0.280163E-06  0.000000E+00  0.524047E+01  0.524047E+01  0.524047E+01 -0.239275E-04  0.511119E+01  0.454685E+01  0.986502E-04
  0.149760E+02  0.536301E+01  0.272991E+01  0.248179E-06  0.246762E-06  0.000000E+00  0.493392E+01  0.493392E+01  0.493392E+01 -0.225278E-04  0.481220E+01  0.428075E+01  0.898542E-04
  0.154836E+02  0.504909E+01  0.257008E+01  0.218583E-06  0.217335E-06  0.000000E+00  0.464511E+01  0.464511E+01  0.464511E+01 -0.212091E-04  0.453051E+01  0.403006E+01  0.818407E-04
  0.160084E+02  0.475337E+01  0.241951E+01  0.192509E-06  0.191410E-06  0.000000E+00  0.437303E+01  0.437303E+01  0.437303E+01 -0.199668E-04  0.426515E+01  0.379389E+01  0.745404E-04
  0.165511E+02  0.447479E+01  0.227767E+01  0.169538E-06  0.168571E-06  0.000000E+00  0.411674E+01  0.411674E+01  0.411674E+01 -0.187966E-04  0.401519E+01  0.357142E+01  0.678900E-04
  0.171121E+02  0.421239E+01  0.214406E+01  0.149303E-06  0.148451E-06  0.000000E+00  0.387532E+01  0.387532E+01  0.387532E+01 -0.176943E-04  0.377972E+01  0.336186E+01  0.618319E-04
  0.176921E+02  0.396522E+01  0.201821E+01  0.131478E-06  0.130728E-06  0.000000E+00  0.364793E+01  0.364793E+01  0.364793E+01 -0.166561E-04  0.355794E+01  0.316447E+01  0.563136E-04
  0.182917E+02  0.373242E+01  0.189967E+01  0.115777E-06  0.115116E-06  0.000000E+00  0.343375E+01  0.343375E+01  0.343375E+01 -0.156782E-04  0.334904E+01  0.297855E+01  0.512870E-04
  0.189117E+02  0.351316E+01  0.178803E+01  0.101947E-06  0.101365E-06  0.000000E+00  0.323203E+01  0.323203E+01  0.323203E+01 -0.147571E-04  0.315230E+01  0.280344E+01  0.467086E-04
  0.195528E+02  0.330666E+01  0.168288E+01  0.897659E-07  0.892537E-07  0.000000E+00  0.304204E+01  0.304204E+01  0.304204E+01 -0.138897E-04  0.296701E+01  0.263852E+01  0.425386E-04
  0.202155E+02  0.311219E+01  0.158386E+01  0.790374E-07  0.785864E-07  0.000000E+00  0.286313E+01  0.286313E+01  0.286313E+01 -0.130728E-04  0.279251E+01  0.248321E+01  0.387405E-04
  0.209007E+02  0.292905E+01  0.149061E+01  0.695887E-07  0.691916E-07  0.000000E+00  0.269464E+01  0.269464E+01  0.269464E+01 -0.123035E-04  0.262818E+01  0.233695E+01  0.352815E-04
  0.216091E+02  0.275660E+01  0.140279E+01  0.612673E-07  0.609177E-07  0.000000E+00  0.253598E+01  0.253598E+01  0.253598E+01 -0.115790E-04  0.247343E+01  0.219922E+01  0.321312E-04
  0.223416E+02  0.259420E+01  0.132010E+01  0.539391E-07  0.536314E-07  0.000000E+00  0.238657E+01  0.238657E+01  0.238657E+01 -0.108969E-04  0.232771E+01  0.206952E+01  0.292622E-04
  0.230989E+02  0.244129E+01  0.124224E+01  0.474858E-07  0.472149E-07  0.000000E+00  0.224589E+01  0.224589E+01  0.224589E+01 -0.102545E-04  0.219051E+01  0.194740E+01  0.266494E-04
  0.238818E+02  0.229732E+01  0.116893E+01  0.418031E-07  0.415647E-07  0.000000E+00  0.211344E+01  0.211344E+01  0.211344E+01 -0.964974E-05  0.206132E+01  0.183241E+01  0.242701E-04
  0.246913E+02  0.216177E+01  0.109990E+01  0.367992E-07  0.365893E-07  0.000000E+00  0.198872E+01  0.198872E+01  0.198872E+01 -0.908031E-05  0.193969E+01  0.172415E+01  0.221034E-04
  0.255282E+02  0.203415E+01  0.103492E+01  0.323932E-07  0.322085E-07  0.000000E+00  0.187131E+01  0.187131E+01  0.187131E+01 -0.854421E-05  0.182517E+01  0.162222E+01  0.201304E-04
  0.263935E+02  0.191399E+01  0.973733E+00  0.285138E-07  0.283512E-07  0.000000E+00  0.176077E+01  0.176077E+01  0.176077E+01 -0.803948E-05  0.171736E+01  0.152625E+01  0.183338E-04
  0.272881E+02  0.180088E+01  0.916134E+00  0.250981E-07  0.249550E-07  0.000000E+00  0.165670E+01  0.165670E+01  0.165670E+01 -0.756433E-05  0.161586E+01  0.143591E+01  0.166979E-04
  0.282130E+02  0.169440E+01  0.861910E+00  0.220909E-07  0.219650E-07  0.000000E+00  0.155874E+01  0.155874E+01  0.155874E+01 -0.711703E-05  0.152032E+01  0.135086E+01  0.152082E-04
  0.291693E+02  0.159416E+01  0.810867E+00  0.194434E-07  0.193325E-07  0.000000E+00  0.146652E+01  0.146652E+01  0.146652E+01 -0.669597E-05  0.143038E+01  0.127080E+01  0.138519E-04
  0.301580E+02  0.149981E+01  0.762818E+00  0.171126E-07  0.170150E-07  0.000000E+00  0.137971E+01  0.137971E+01  0.137971E+01 -0.629961E-05  0.134571E+01  0.119544E+01  0.126169E-04
  0.311802E+02  0.141100E+01  0.717591E+00  0.150607E-07  0.149749E-07  0.000000E+00  0.129800E+01  0.129800E+01  0.129800E+01 -0.592653E-05  0.126602E+01  0.112450E+01  0.114924E-04
  0.322370E+02  0.132741E+01  0.675020E+00  0.132544E-07  0.131789E-07  0.000000E+00  0.122109E+01  0.122109E+01  0.122109E+01 -0.557538E-05  0.119101E+01  0.105773E+01  0.104685E-04
  0.333297E+02  0.124873E+01  0.634952E+00  0.116644E-07  0.115980E-07  0.000000E+00  0.114870E+01  0.114870E+01  0.114870E+01 -0.524486E-05  0.112041E+01  0.994887E+00  0.953635E-05
  0.344594E+02  0.117467E+01  0.597241E+00  0.102648E-07  0.102063E-07  0.000000E+00  0.108057E+01  0.108057E+01  0.108057E+01 -0.493379E-05  0.105397E+01  0.935737E+00  0.868759E-05
  0.356274E+02  0.110498E+01  0.561748E+00  0.903289E-08  0.898143E-08  0.000000E+00  0.101645E+01  0.101645E+01  0.101645E+01 -0.464103E-05  0.991433E+00  0.880068E+00  0.791482E-05
  0.368350E+02  0.103939E+01  0.528346E+00  0.794855E-08  0.790328E-08  0.000000E+00  0.956111E+00  0.956111E+00  0.956111E+00 -0.436551E-05  0.932580E+00  0.827676E+00  0.721124E-05
  0.380836E+02  0.977669E+00  0.496911E+00  0.699416E-08  0.695433E-08  0.000000E+00  0.899323E+00  0.899323E+00  0.899323E+00 -0.410622E-05  0.877196E+00  0.778370E+00  0.657065E-05
  0.393744E+02  0.919584E+00  0.467329E+00  0.615418E-08  0.611914E-08  0.000000E+00  0.845883E+00  0.845883E+00  0.845883E+00 -0.386222E-05  0.825076E+00  0.731970E+00  0.598741E-05
  0.407090E+02  0.864925E+00  0.439491E+00  0.541491E-08  0.538408E-08  0.000000E+00  0.795595E+00  0.795595E+00  0.795595E+00 -0.363261E-05  0.776031E+00  0.688307E+00  0.545639E-05
  0.420889E+02  0.813492E+00  0.413296E+00  0.476430E-08  0.473718E-08  0.000000E+00  0.748275E+00  0.748275E+00  0.748275E+00 -0.341655E-05  0.729880E+00  0.647219E+00  0.497291E-05
  0.435155E+02  0.765096E+00  0.388647E+00  0.419173E-08  0.416788E-08  0.000000E+00  0.703749E+00  0.703749E+00  0.703749E+00 -0.321325E-05  0.686455E+00  0.608557E+00  0.453271E-05
  0.449904E+02  0.719559E+00  0.365455E+00  0.368786E-08  0.366688E-08  0.000000E+00  0.661853E+00  0.661853E+00  0.661853E+00 -0.302196E-05  0.645595E+00  0.572178E+00  0.413191E-05
  0.465154E+02  0.676714E+00  0.343632E+00  0.324447E-08  0.322601E-08  0.000000E+00  0.622434E+00  0.622434E+00  0.622434E+00 -0.284197E-05  0.607150E+00  0.537949E+00  0.376698E-05
  0.480920E+02  0.636403E+00  0.323100E+00  0.285429E-08  0.283806E-08  0.000000E+00  0.585346E+00  0.585346E+00  0.585346E+00 -0.267263E-05  0.570979E+00  0.505743E+00  0.343471E-05
  0.497221E+02  0.598476E+00  0.303783E+00  0.251096E-08  0.249669E-08  0.000000E+00  0.550452E+00  0.550452E+00  0.550452E+00 -0.251331E-05  0.536948E+00  0.475442E+00  0.313216E-05
  0.514074E+02  0.562795E+00  0.285608E+00  0.220887E-08  0.219631E-08  0.000000E+00  0.517624E+00  0.517624E+00  0.517624E+00 -0.236342E-05  0.504932E+00  0.446934E+00  0.285667E-05
  0.531499E+02  0.529228E+00  0.268510E+00  0.194306E-08  0.193202E-08  0.000000E+00  0.486740E+00  0.486740E+00  0.486740E+00 -0.222241E-05  0.474811E+00  0.420114E+00  0.260581E-05
  0.549514E+02  0.497649E+00  0.252425E+00  0.170918E-08  0.169948E-08  0.000000E+00  0.457686E+00  0.457686E+00  0.457686E+00 -0.208975E-05  0.446476E+00  0.394882E+00  0.237738E-05
  0.568140E+02  0.467942E+00  0.237292E+00  0.150341E-08  0.149488E-08  0.000000E+00  0.430355E+00  0.430355E+00  0.430355E+00 -0.196496E-05  0.419820E+00  0.371145E+00  0.216936E-05
  0.587397E+02  0.439998E+00  0.223057E+00  0.132237E-08  0.131487E-08  0.000000E+00  0.404645E+00  0.404645E+00  0.404645E+00 -0.184757E-05  0.394746E+00  0.348816E+00  0.197991E-05
  0.607307E+02  0.413711E+00  0.209667E+00  0.116310E-08  0.115651E-08  0.000000E+00  0.380460E+00  0.380460E+00  0.380460E+00 -0.173714E-05  0.371159E+00  0.327810E+00  0.180738E-05
  0.627892E+02  0.388986E+00  0.197071E+00  0.102298E-08  0.101718E-08  0.000000E+00  0.357711E+00  0.357711E+00  0.357711E+00 -0.163327E-05  0.348973E+00  0.308051E+00  0.165024E-05
  0.649174E+02  0.365728E+00  0.185223E+00  0.899716E-09  0.894619E-09  0.000000E+00  0.336313E+00  0.336313E+00  0.336313E+00 -0.153557E-05  0.328104E+00  0.289465E+00  0.150712E-05
  0.671178E+02  0.343853E+00  0.174078E+00  0.791279E-09  0.786798E-09  0.000000E+00  0.316186E+00  0.316186E+00  0.316186E+00 -0.144367E-05  0.308476E+00  0.271983E+00  0.137675E-05
  0.693928E+02  0.323278E+00  0.163596E+00  0.695890E-09  0.691951E-09  0.000000E+00  0.297256E+00  0.297256E+00  0.297256E+00 -0.135724E-05  0.290014E+00  0.255539E+00  0.125798E-05
  0.717449E+02  0.303927E+00  0.153737E+00  0.611980E-09  0.608519E-09  0.000000E+00  0.279452E+00  0.279452E+00  0.279452E+00 -0.127595E-05  0.272651E+00  0.240072E+00  0.114979E-05
  0.741767E+02  0.285727E+00  0.144464E+00  0.538172E-09  0.535130E-09  0.000000E+00  0.262707E+00  0.262707E+00  0.262707E+00 -0.119949E-05  0.256320E+00  0.225525E+00  0.105121E-05
  0.766909E+02  0.268611E+00  0.135743E+00  0.473251E-09  0.470577E-09  0.000000E+00  0.246959E+00  0.246959E+00  0.246959E+00 -0.112759E-05  0.240962E+00  0.211843E+00  0.961392E-06
  0.792903E+02  0.252514E+00  0.127541E+00  0.416148E-09  0.413799E-09  0.000000E+00  0.232148E+00  0.232148E+00  0.232148E+00 -0.105996E-05  0.226518E+00  0.198976E+00  0.879540E-06
  0.819779E+02  0.237376E+00  0.119827E+00  0.365923E-09  0.363859E-09  0.000000E+00  0.218220E+00  0.218220E+00  0.218220E+00 -0.996371E-06  0.212935E+00  0.186874E+00  0.804943E-06
  0.847565E+02  0.223140E+00  0.112573E+00  0.321750E-09  0.319937E-09  0.000000E+00  0.205122E+00  0.205122E+00  0.205122E+00 -0.936567E-06  0.200161E+00  0.175493E+00  0.736949E-06
  0.876294E+02  0.209754E+00  0.105751E+00  0.282900E-09  0.281307E-09  0.000000E+00  0.192805E+00  0.192805E+00  0.192805E+00 -0.880329E-06  0.188149E+00  0.164790E+00  0.674965E-06
  0.905996E+02  0.197165E+00  0.993362E-01  0.248732E-09  0.247333E-09  0.000000E+00  0.181223E+00  0.181223E+00  0.181223E+00 -0.827445E-06  0.176854E+00  0.154725E+00  0.618454E-06
  0.936705E+02  0.185328E+00  0.933035E-01  0.218684E-09  0.217455E-09  0.000000E+00  0.170332E+00  0.170332E+00  0.170332E+00 -0.777717E-06  0.166232E+00  0.145260E+00  0.566923E-06
  0.968454E+02  0.174198E+00  0.876308E-01  0.192259E-09  0.191180E-09  0.000000E+00  0.160091E+00  0.160091E+00  0.160091E+00 -0.730958E-06  0.156245E+00  0.136359E+00  0.519926E-06
  0.100128E+03  0.163732E+00  0.822966E-01  0.169021E-09  0.168074E-09  0.000000E+00  0.150461E+00  0.150461E+00  0.150461E+00 -0.686991E-06  0.146854E+00  0.127990E+00  0.477058E-06
  0.103522E+03  0.153892E+00  0.772808E-01  0.148587E-09  0.147755E-09  0.000000E+00  0.141407E+00  0.141407E+00  0.141407E+00 -0.645651E-06  0.138025E+00  0.120120E+00  0.437947E-06
  0.107031E+03  0.144640E+00  0.725646E-01  0.130618E-09  0.129888E-09  0.000000E+00  0.132894E+00  0.132894E+00  0.132894E+00 -0.606782E-06  0.129723E+00  0.112719E+00  0.402258E-06
  0.110659E+03  0.135941E+00  0.681302E-01  0.114818E-09  0.114177E-09  0.000000E+00  0.124890E+00  0.124890E+00  0.124890E+00 -0.570237E-06  0.121917E+00  0.105761E+00  0.369683E-06
  0.114409E+03  0.127763E+00  0.639608E-01  0.100926E-09  0.100363E-09  0.000000E+00  0.117365E+00  0.117365E+00  0.117365E+00 -0.535878E-06  0.114579E+00  0.992186E-01  0.339946E-06
  0.118287E+03  0.120074E+00  0.600406E-01  0.887106E-10  0.882170E-10  0.000000E+00  0.110290E+00  0.110290E+00  0.110290E+00 -0.503575E-06  0.107679E+00  0.930671E-01  0.312790E-06
  0.122297E+03  0.112845E+00  0.563549E-01  0.779708E-10  0.775377E-10  0.000000E+00  0.103639E+00  0.103639E+00  0.103639E+00 -0.473205E-06  0.101193E+00  0.872834E-01  0.287987E-06
  0.126442E+03  0.106049E+00  0.528897E-01  0.685284E-10  0.681484E-10  0.000000E+00  0.973859E-01  0.973859E-01  0.973859E-01 -0.444654E-06  0.950949E-01  0.818456E-01  0.265325E-06
  0.130728E+03  0.996602E-01  0.496319E-01  0.602269E-10  0.598937E-10  0.000000E+00  0.915074E-01  0.915074E-01  0.915074E-01 -0.417814E-06  0.893622E-01  0.767332E-01  0.244613E-06
  0.135159E+03  0.936543E-01  0.465692E-01  0.529288E-10  0.526366E-10  0.000000E+00  0.859812E-01  0.859812E-01  0.859812E-01 -0.392582E-06  0.839731E-01  0.719268E-01  0.225678E-06
  0.139740E+03  0.880086E-01  0.436898E-01  0.465129E-10  0.462567E-10  0.000000E+00  0.807863E-01  0.807863E-01  0.807863E-01 -0.368862E-06  0.789071E-01  0.674081E-01  0.208361E-06
  0.144476E+03  0.827014E-01  0.409830E-01  0.408729E-10  0.406483E-10  0.000000E+00  0.759028E-01  0.759028E-01  0.759028E-01 -0.346565E-06  0.741449E-01  0.631602E-01  0.192518E-06
  0.149373E+03  0.777126E-01  0.384384E-01  0.359150E-10  0.357182E-10  0.000000E+00  0.713124E-01  0.713124E-01  0.713124E-01 -0.325605E-06  0.696684E-01  0.591668E-01  0.178017E-06
  0.154437E+03  0.730233E-01  0.360463E-01  0.315569E-10  0.313845E-10  0.000000E+00  0.669974E-01  0.669974E-01  0.669974E-01 -0.305904E-06  0.654606E-01  0.554128E-01  0.164740E-06
  0.159671E+03  0.686155E-01  0.337977E-01  0.277263E-10  0.275753E-10  0.000000E+00  0.629415E-01  0.629415E-01  0.629415E-01 -0.287385E-06  0.615054E-01  0.518839E-01  0.152578E-06
  0.165083E+03  0.644724E-01  0.316840E-01  0.243593E-10  0.242271E-10  0.000000E+00  0.591291E-01  0.591291E-01  0.591291E-01 -0.269978E-06  0.577877E-01  0.485668E-01  0.141432E-06
  0.170679E+03  0.605783E-01  0.296972E-01  0.214001E-10  0.212843E-10  0.000000E+00  0.555458E-01  0.555458E-01  0.555458E-01 -0.253616E-06  0.542934E-01  0.454489E-01  0.131211E-06
  0.176464E+03  0.569181E-01  0.278296E-01  0.187992E-10  0.186979E-10  0.000000E+00  0.521778E-01  0.521778E-01  0.521778E-01 -0.238239E-06  0.510091E-01  0.425183E-01  0.121835E-06
  0.182445E+03  0.534781E-01  0.260743E-01  0.165135E-10  0.164248E-10  0.000000E+00  0.490123E-01  0.490123E-01  0.490123E-01 -0.223785E-06  0.479222E-01  0.397637E-01  0.113228E-06
  0.188629E+03  0.502449E-01  0.244244E-01  0.145047E-10  0.144272E-10  0.000000E+00  0.460371E-01  0.460371E-01  0.460371E-01 -0.210201E-06  0.450210E-01  0.371749E-01  0.105323E-06
  0.195023E+03  0.472062E-01  0.228737E-01  0.127395E-10  0.126717E-10  0.000000E+00  0.432409E-01  0.432409E-01  0.432409E-01 -0.197434E-06  0.422943E-01  0.347419E-01  0.980572E-07
  0.201633E+03  0.443504E-01  0.214162E-01  0.111884E-10  0.111291E-10  0.000000E+00  0.406130E-01  0.406130E-01  0.406130E-01 -0.185435E-06  0.397317E-01  0.324554E-01  0.913752E-07
  0.208467E+03  0.416665E-01  0.200464E-01  0.982539E-11  0.977364E-11  0.000000E+00  0.381432E-01  0.381432E-01  0.381432E-01 -0.174158E-06  0.373234E-01  0.303067E-01  0.852255E-07
  0.215533E+03  0.391442E-01  0.187592E-01  0.862782E-11  0.858263E-11  0.000000E+00  0.358222E-01  0.358222E-01  0.358222E-01 -0.163561E-06  0.350601E-01  0.282877E-01  0.795616E-07
  0.222839E+03  0.367739E-01  0.175494E-01  0.757563E-11  0.753618E-11  0.000000E+00  0.336410E-01  0.336410E-01  0.336410E-01 -0.153602E-06  0.329331E-01  0.263906E-01  0.743410E-07
  0.230392E+03  0.345464E-01  0.164126E-01  0.665122E-11  0.661681E-11  0.000000E+00  0.315913E-01  0.315913E-01  0.315913E-01 -0.144243E-06  0.309343E-01  0.246082E-01  0.695250E-07
  0.238201E+03  0.324532E-01  0.153443E-01  0.583912E-11  0.580912E-11  0.000000E+00  0.296651E-01  0.296651E-01  0.296651E-01 -0.135448E-06  0.290559E-01  0.229338E-01  0.650785E-07
  0.246275E+03  0.304862E-01  0.143405E-01  0.512572E-11  0.509958E-11  0.000000E+00  0.278550E-01  0.278550E-01  0.278550E-01 -0.127183E-06  0.272909E-01  0.213609E-01  0.609693E-07
  0.254623E+03  0.286378E-01  0.133974E-01  0.449907E-11  0.447630E-11  0.000000E+00  0.261542E-01  0.261542E-01  0.261542E-01 -0.119417E-06  0.256323E-01  0.198835E-01  0.571684E-07
  0.263253E+03  0.269009E-01  0.125113E-01  0.394864E-11  0.392884E-11  0.000000E+00  0.245559E-01  0.245559E-01  0.245559E-01 -0.112120E-06  0.240737E-01  0.184960E-01  0.536491E-07
  0.272176E+03  0.252689E-01  0.116788E-01  0.346521E-11  0.344799E-11  0.000000E+00  0.230542E-01  0.230542E-01  0.230542E-01 -0.105263E-06  0.226092E-01  0.171931E-01  0.503872E-07
  0.281402E+03  0.237354E-01  0.108967E-01  0.304064E-11  0.302568E-11  0.000000E+00  0.216432E-01  0.216432E-01  0.216432E-01 -0.988205E-07  0.212332E-01  0.159698E-01  0.473606E-07
  0.290940E+03  0.222945E-01  0.101621E-01  0.266780E-11  0.265481E-11  0.000000E+00  0.203173E-01  0.203173E-01  0.203173E-01 -0.927670E-07  0.199402E-01  0.148214E-01  0.445493E-07
  0.300801E+03  0.209406E-01  0.947213E-02  0.234041E-11  0.232913E-11  0.000000E+00  0.190717E-01  0.190717E-01  0.190717E-01 -0.870793E-07  0.187254E-01  0.137437E-01  0.419349E-07
  0.310997E+03  0.196685E-01  0.882413E-02  0.205294E-11  0.204317E-11  0.000000E+00  0.179013E-01  0.179013E-01  0.179013E-01 -0.817355E-07  0.175839E-01  0.127323E-01  0.395006E-07
  0.321538E+03  0.184734E-01  0.821562E-02  0.180056E-11  0.179210E-11  0.000000E+00  0.168017E-01  0.168017E-01  0.168017E-01 -0.767150E-07  0.165115E-01  0.117836E-01  0.372314E-07
  0.332437E+03  0.173504E-01  0.764428E-02  0.157899E-11  0.157168E-11  0.000000E+00  0.157687E-01  0.157687E-01  0.157687E-01 -0.719983E-07  0.155039E-01  0.108939E-01  0.351134E-07
  0.343705E+03  0.162954E-01  0.710791E-02  0.138450E-11  0.137818E-11  0.000000E+00  0.147982E-01  0.147982E-01  0.147982E-01 -0.675671E-07  0.145573E-01  0.100597E-01  0.331339E-07
  0.355355E+03  0.153042E-01  0.660444E-02  0.121379E-11  0.120834E-11  0.000000E+00  0.138865E-01  0.138865E-01  0.138865E-01 -0.634043E-07  0.136679E-01  0.927787E-02  0.312813E-07
  0.367399E+03  0.143730E-01  0.613195E-02  0.106397E-11  0.105927E-11  0.000000E+00  0.130300E-01  0.130300E-01  0.130300E-01 -0.594938E-07  0.128324E-01  0.854545E-02  0.295453E-07
  0.379853E+03  0.134982E-01  0.568863E-02  0.932500E-12  0.928457E-12  0.000000E+00  0.122255E-01  0.122255E-01  0.122255E-01 -0.558205E-07  0.120475E-01  0.785961E-02  0.279163E-07
  0.392728E+03  0.126763E-01  0.527276E-02  0.817141E-12  0.813668E-12  0.000000E+00  0.114698E-01  0.114698E-01  0.114698E-01 -0.523700E-07  0.113101E-01  0.721773E-02  0.263854E-07
  0.406039E+03  0.119042E-01  0.488276E-02  0.715934E-12  0.712955E-12  0.000000E+00  0.107600E-01  0.107600E-01  0.107600E-01 -0.491290E-07  0.106174E-01  0.661733E-02  0.249449E-07
  0.419802E+03  0.111789E-01  0.451712E-02  0.627152E-12  0.624602E-12  0.000000E+00  0.100933E-01  0.100933E-01  0.100933E-01 -0.460849E-07  0.996676E-02  0.605611E-02  0.235875E-07
  0.434031E+03  0.104975E-01  0.417443E-02  0.549282E-12  0.547103E-12  0.000000E+00  0.946710E-02  0.946710E-02  0.946710E-02 -0.432258E-07  0.935553E-02  0.553191E-02  0.223065E-07
  0.448743E+03  0.985748E-02  0.385338E-02  0.480992E-12  0.479134E-12  0.000000E+00  0.887903E-02  0.887903E-02  0.887903E-02 -0.405408E-07  0.878139E-02  0.504269E-02  0.210960E-07
  0.463953E+03  0.925623E-02  0.355272E-02  0.421112E-12  0.419531E-12  0.000000E+00  0.832677E-02  0.832677E-02  0.832677E-02 -0.380192E-07  0.824211E-02  0.458656E-02  0.199506E-07
  0.479679E+03  0.869145E-02  0.327130E-02  0.368615E-12  0.367273E-12  0.000000E+00  0.780816E-02  0.780816E-02  0.780816E-02 -0.356513E-07  0.773557E-02  0.416173E-02  0.188652E-07
  0.495937E+03  0.816093E-02  0.300803E-02  0.322598E-12  0.321462E-12  0.000000E+00  0.732120E-02  0.732120E-02  0.732120E-02 -0.334279E-07  0.725981E-02  0.376653E-02  0.178354E-07
  0.512747E+03  0.766262E-02  0.276188E-02  0.282269E-12  0.281310E-12  0.000000E+00  0.686398E-02  0.686398E-02  0.686398E-02 -0.313402E-07  0.681298E-02  0.339940E-02  0.168571E-07
  0.530127E+03  0.719455E-02  0.253190E-02  0.246931E-12  0.246123E-12  0.000000E+00  0.643471E-02  0.643471E-02  0.643471E-02 -0.293803E-07  0.639332E-02  0.305885E-02  0.159266E-07
  0.548096E+03  0.675492E-02  0.231719E-02  0.215973E-12  0.215295E-12  0.000000E+00  0.603173E-02  0.603173E-02  0.603173E-02 -0.275403E-07  0.599920E-02  0.274352E-02  0.150406E-07
  0.566673E+03  0.634199E-02  0.211690E-02  0.188856E-12  0.188290E-12  0.000000E+00  0.565345E-02  0.565345E-02  0.565345E-02 -0.258131E-07  0.562909E-02  0.245208E-02  0.141959E-07
  0.585881E+03  0.595415E-02  0.193025E-02  0.165111E-12  0.164639E-12  0.000000E+00  0.529840E-02  0.529840E-02  0.529840E-02 -0.241920E-07  0.528153E-02  0.218333E-02  0.133899E-07
  0.605739E+03  0.558989E-02  0.175649E-02  0.144321E-12  0.143930E-12  0.000000E+00  0.496519E-02  0.496519E-02  0.496519E-02 -0.226706E-07  0.495516E-02  0.193610E-02  0.126201E-07
  0.626271E+03  0.524778E-02  0.159493E-02  0.126125E-12  0.125801E-12  0.000000E+00  0.465251E-02  0.465251E-02  0.465251E-02 -0.212429E-07  0.464872E-02  0.170929E-02  0.118844E-07
  0.647498E+03  0.492649E-02  0.144491E-02  0.110201E-12  0.109935E-12  0.000000E+00  0.435912E-02  0.435912E-02  0.435912E-02 -0.199033E-07  0.436099E-02  0.150185E-02  0.111808E-07
  0.669445E+03  0.462474E-02  0.130582E-02  0.962705E-13  0.960531E-13  0.000000E+00  0.408388E-02  0.408388E-02  0.408388E-02 -0.186466E-07  0.409085E-02  0.131281E-02  0.105075E-07
  0.692136E+03  0.434137E-02  0.117706E-02  0.840864E-13  0.839096E-13  0.000000E+00  0.382571E-02  0.382571E-02  0.382571E-02 -0.174678E-07  0.383723E-02  0.114120E-02  0.986303E-08
  0.715596E+03  0.407525E-02  0.105810E-02  0.734329E-13  0.732900E-13  0.000000E+00  0.358357E-02  0.358357E-02  0.358357E-02 -0.163622E-07  0.359916E-02  0.986121E-03  0.924601E-08
  0.739852E+03  0.382535E-02  0.948407E-03  0.641203E-13  0.640055E-13  0.000000E+00  0.335652E-02  0.335652E-02  0.335652E-02 -0.153255E-07  0.337568E-02  0.846677E-03  0.865528E-08
  0.764929E+03  0.359068E-02  0.847495E-03  0.559821E-13  0.558906E-13  0.000000E+00  0.314364E-02  0.314364E-02  0.314364E-02 -0.143536E-07  0.316591E-02  0.722013E-03  0.808984E-08
  0.790856E+03  0.337032E-02  0.754895E-03  0.488724E-13  0.487998E-13  0.000000E+00  0.294410E-02  0.294410E-02  0.294410E-02 -0.134425E-07  0.296904E-02  0.611291E-03  0.754880E-08
  0.817663E+03  0.316341E-02  0.670159E-03  0.426628E-13  0.426057E-13  0.000000E+00  0.275710E-02  0.275710E-02  0.275710E-02 -0.125886E-07  0.278429E-02  0.513684E-03  0.703144E-08
  0.845377E+03  0.296912E-02  0.592859E-03  0.372410E-13  0.371965E-13  0.000000E+00  0.258188E-02  0.258188E-02  0.258188E-02 -0.117886E-07  0.261091E-02  0.428377E-03  0.653715E-08
  0.874031E+03  0.278670E-02  0.522584E-03  0.325083E-13  0.324738E-13  0.000000E+00  0.241773E-02  0.241773E-02  0.241773E-02 -0.110391E-07  0.244824E-02  0.354558E-03  0.606543E-08
  0.903657E+03  0.261542E-02  0.458937E-03  0.283782E-13  0.283518E-13  0.000000E+00  0.226399E-02  0.226399E-02  0.226399E-02 -0.103372E-07  0.229562E-02  0.291416E-03  0.561586E-08
  0.934286E+03  0.245462E-02  0.401531E-03  0.247750E-13  0.247547E-13  0.000000E+00  0.212004E-02  0.212004E-02  0.212004E-02 -0.967989E-08  0.215245E-02  0.238137E-03  0.518812E-08
  0.965954E+03  0.230365E-02  0.349993E-03  0.216320E-13  0.216166E-13  0.000000E+00  0.198527E-02  0.198527E-02  0.198527E-02 -0.906456E-08  0.201815E-02  0.193903E-03  0.478195E-08
  0.998695E+03  0.216192E-02  0.303955E-03  0.188911E-13  0.188793E-13  0.000000E+00  0.185914E-02  0.185914E-02  0.185914E-02 -0.848863E-08  0.189219E-02  0.157891E-03  0.439713E-08
  0.103255E+04  0.202887E-02  0.263055E-03  0.165011E-13  0.164921E-13  0.000000E+00  0.174110E-02  0.174110E-02  0.174110E-02 -0.794970E-08  0.177407E-02  0.129269E-03  0.403349E-08
  0.106754E+04  0.190397E-02  0.226940E-03  0.144174E-13  0.144104E-13  0.000000E+00  0.163067E-02  0.163067E-02  0.163067E-02 -0.744549E-08  0.166331E-02  0.107203E-03  0.369088E-08
  0.110373E+04  0.178673E-02  0.195258E-03  0.126007E-13  0.125952E-13  0.000000E+00  0.152738E-02  0.152738E-02  0.152738E-02 -0.697385E-08  0.155946E-02  0.908559E-04  0.336914E-08
  0.114114E+04  0.167668E-02  0.167661E-03  0.110168E-13  0.110123E-13  0.000000E+00  0.143076E-02  0.143076E-02  0.143076E-02 -0.653273E-08  0.146210E-02  0.793918E-04  0.306809E-08
  0.117982E+04  0.157339E-02  0.143804E-03  0.963582E-14  0.963198E-14  0.000000E+00  0.134042E-02  0.134042E-02  0.134042E-02 -0.612022E-08  0.137084E-02  0.719843E-04  0.278754E-08
  0.121981E+04  0.147644E-02  0.123347E-03  0.843146E-14  0.842808E-14  0.000000E+00  0.125594E-02  0.125594E-02  0.125594E-02 -0.573448E-08  0.128529E-02  0.678232E-04  0.252723E-08
  0.126115E+04  0.138545E-02  0.105951E-03  0.738088E-14  0.737779E-14  0.000000E+00  0.117694E-02  0.117694E-02  0.117694E-02 -0.537380E-08  0.120512E-02  0.661243E-04  0.228683E-08
  0.130390E+04  0.130006E-02  0.912844E-04  0.646410E-14  0.646121E-14  0.000000E+00  0.110308E-02  0.110308E-02  0.110308E-02 -0.503654E-08  0.112999E-02  0.661412E-04  0.206592E-08
  0.134810E+04  0.121993E-02  0.790218E-04  0.566371E-14  0.566097E-14  0.000000E+00  0.103400E-02  0.103400E-02  0.103400E-02 -0.472115E-08  0.105959E-02  0.671774E-04  0.186401E-08
  0.139379E+04  0.114473E-02  0.688462E-04  0.496455E-14  0.496193E-14  0.000000E+00  0.969398E-03  0.969398E-03  0.969398E-03 -0.442617E-08  0.993619E-03  0.686006E-04  0.168047E-08
  0.144103E+04  0.107416E-02  0.604526E-04  0.435343E-14  0.435094E-14  0.000000E+00  0.908962E-03  0.908962E-03  0.908962E-03 -0.415023E-08  0.931802E-03  0.698567E-04  0.151455E-08
  0.148988E+04  0.100794E-02  0.535505E-04  0.381888E-14  0.381652E-14  0.000000E+00  0.852410E-03  0.852410E-03  0.852410E-03 -0.389202E-08  0.873878E-03  0.704835E-04  0.136539E-08
  0.154038E+04  0.945805E-03  0.478675E-04  0.335094E-14  0.334875E-14  0.000000E+00  0.799475E-03  0.799475E-03  0.799475E-03 -0.365032E-08  0.819602E-03  0.701230E-04  0.123200E-08
  0.159259E+04  0.887503E-03  0.431529E-04  0.294100E-14  0.293899E-14  0.000000E+00  0.749905E-03  0.749905E-03  0.749905E-03 -0.342399E-08  0.768740E-03  0.685319E-04  0.111327E-08
  0.164657E+04  0.832799E-03  0.391812E-04  0.258157E-14  0.257978E-14  0.000000E+00  0.703468E-03  0.703468E-03  0.703468E-03 -0.321197E-08  0.721075E-03  0.655882E-04  0.100800E-08
  0.170238E+04  0.781470E-03  0.357554E-04  0.226621E-14  0.226464E-14  0.000000E+00  0.659946E-03  0.659946E-03  0.659946E-03 -0.301325E-08  0.676401E-03  0.612925E-04  0.914897E-09
  0.176008E+04  0.733309E-03  0.327098E-04  0.198932E-14  0.198798E-14  0.000000E+00  0.619137E-03  0.619137E-03  0.619137E-03 -0.282692E-08  0.634525E-03  0.557646E-04  0.832613E-09
  0.181974E+04  0.688121E-03  0.299123E-04  0.174609E-14  0.174498E-14  0.000000E+00  0.580857E-03  0.580857E-03  0.580857E-03 -0.265214E-08  0.595268E-03  0.492322E-04  0.759782E-09
  0.188142E+04  0.645721E-03  0.272648E-04  0.153233E-14  0.153145E-14  0.000000E+00  0.544936E-03  0.544936E-03  0.544936E-03 -0.248812E-08  0.558460E-03  0.420131E-04  0.695052E-09
  0.194519E+04  0.605938E-03  0.247032E-04  0.134446E-14  0.134378E-14  0.000000E+00  0.511218E-03  0.511218E-03  0.511218E-03 -0.233417E-08  0.523944E-03  0.344892E-04  0.637129E-09
  0.201113E+04  0.568608E-03  0.221955E-04  0.117933E-14  0.117884E-14  0.000000E+00  0.479563E-03  0.479563E-03  0.479563E-03 -0.218964E-08  0.491571E-03  0.270748E-04  0.584817E-09
  0.207929E+04  0.533581E-03  0.197378E-04  0.103424E-14  0.103389E-14  0.000000E+00  0.449844E-03  0.449844E-03  0.449844E-03 -0.205394E-08  0.461204E-03  0.201799E-04  0.537062E-09
  0.214977E+04  0.500713E-03  0.173496E-04  0.906797E-15  0.906570E-15  0.000000E+00  0.421943E-03  0.421943E-03  0.421943E-03 -0.192655E-08  0.432716E-03  0.141709E-04  0.492978E-09
  0.222264E+04  0.469871E-03  0.150667E-04  0.794935E-15  0.794795E-15  0.000000E+00  0.395755E-03  0.395755E-03  0.395755E-03 -0.180698E-08  0.405988E-03  0.933334E-05  0.451878E-09
  0.229797E+04  0.440929E-03  0.129340E-04  0.696817E-15  0.696735E-15  0.000000E+00  0.371181E-03  0.371181E-03  0.371181E-03 -0.169478E-08  0.380910E-03  0.583993E-05  0.413280E-09
  0.237586E+04  0.413769E-03  0.109972E-04  0.610817E-15  0.610768E-15  0.000000E+00  0.348132E-03  0.348132E-03  0.348132E-03 -0.158954E-08  0.357379E-03  0.372901E-05  0.376903E-09
  0.245639E+04  0.388282E-03  0.929473E-05  0.535490E-15  0.535454E-15  0.000000E+00  0.326521E-03  0.326521E-03  0.326521E-03 -0.149086E-08  0.335301E-03  0.289746E-05  0.342645E-09
  0.253965E+04  0.364364E-03  0.785183E-05  0.469545E-15  0.469509E-15  0.000000E+00  0.306265E-03  0.306265E-03  0.306265E-03 -0.139838E-08  0.314585E-03  0.311119E-05  0.310545E-09
  0.262574E+04  0.341918E-03  0.667534E-05  0.411828E-15  0.411785E-15  0.000000E+00  0.287285E-03  0.287285E-03  0.287285E-03 -0.131172E-08  0.295150E-03  0.403427E-05  0.280732E-09
  0.271474E+04  0.320853E-03  0.575199E-05  0.361311E-15  0.361258E-15  0.000000E+00  0.269503E-03  0.269503E-03  0.269503E-03 -0.123053E-08  0.276917E-03  0.527494E-05  0.253365E-09
  0.280675E+04  0.301085E-03  0.504963E-05  0.317078E-15  0.317018E-15  0.000000E+00  0.252843E-03  0.252843E-03  0.252843E-03 -0.115445E-08  0.259813E-03  0.644332E-05  0.228575E-09
  0.290189E+04  0.282535E-03  0.452153E-05  0.278322E-15  0.278258E-15  0.000000E+00  0.237229E-03  0.237229E-03  0.237229E-03 -0.108316E-08  0.243769E-03  0.721249E-05  0.206410E-09
  0.300025E+04  0.265126E-03  0.411327E-05  0.244334E-15  0.244274E-15  0.000000E+00  0.222590E-03  0.222590E-03  0.222590E-03 -0.101633E-08  0.228719E-03  0.737206E-05  0.186807E-09
  0.310194E+04  0.248789E-03  0.377107E-05  0.214502E-15  0.214449E-15  0.000000E+00  0.208860E-03  0.208860E-03  0.208860E-03 -0.953634E-09  0.214601E-03  0.686270E-05  0.169574E-09
  0.320708E+04  0.233458E-03  0.345015E-05  0.188296E-15  0.188254E-15  0.000000E+00  0.195975E-03  0.195975E-03  0.195975E-03 -0.894803E-09  0.201357E-03  0.578201E-05  0.154412E-09
  0.331578E+04  0.219071E-03  0.312117E-05  0.165265E-15  0.165236E-15  0.000000E+00  0.183879E-03  0.183879E-03  0.183879E-03 -0.839574E-09  0.188932E-03  0.435691E-05  0.140949E-09
  0.342817E+04  0.205570E-03  0.277352E-05  0.145024E-15  0.145006E-15  0.000000E+00  0.172522E-03  0.172522E-03  0.172522E-03 -0.787716E-09  0.177274E-03  0.288533E-05  0.128805E-09
  0.354437E+04  0.192900E-03  0.241429E-05  0.127241E-15  0.127231E-15  0.000000E+00  0.161858E-03  0.161858E-03  0.161858E-03 -0.739028E-09  0.166335E-03  0.165861E-05  0.117644E-09
  0.366451E+04  0.181011E-03  0.206316E-05  0.111629E-15  0.111624E-15  0.000000E+00  0.151849E-03  0.151849E-03  0.151849E-03 -0.693326E-09  0.156071E-03  0.883551E-06  0.107230E-09
  0.378872E+04  0.169853E-03  0.174434E-05  0.979331E-16  0.979299E-16  0.000000E+00  0.142457E-03  0.142457E-03  0.142457E-03 -0.650446E-09  0.146439E-03  0.626686E-06  0.974493E-10
  0.391714E+04  0.159382E-03  0.147780E-05  0.859275E-16  0.859236E-16  0.000000E+00  0.133650E-03  0.133650E-03  0.133650E-03 -0.610231E-09  0.137400E-03  0.800006E-06  0.883000E-10
  0.404991E+04  0.149556E-03  0.127242E-05  0.754063E-16  0.754009E-16  0.000000E+00  0.125391E-03  0.125391E-03  0.125391E-03 -0.572524E-09  0.128920E-03  0.119643E-05  0.798549E-10
  0.418718E+04  0.140335E-03  0.112329E-05  0.661845E-16  0.661779E-16  0.000000E+00  0.117649E-03  0.117649E-03  0.117649E-03 -0.537171E-09  0.120962E-03  0.156669E-05  0.722010E-10
  0.432911E+04  0.131681E-03  0.101409E-05  0.580965E-16  0.580897E-16  0.000000E+00  0.110388E-03  0.110388E-03  0.110388E-03 -0.504018E-09  0.113496E-03  0.171209E-05  0.653820E-10
  0.447584E+04  0.123561E-03  0.923756E-06  0.509973E-16  0.509915E-16  0.000000E+00  0.103576E-03  0.103576E-03  0.103576E-03 -0.472916E-09  0.106491E-03  0.155731E-05  0.593632E-10
  0.462755E+04  0.115940E-03  0.834589E-06  0.447620E-16  0.447579E-16  0.000000E+00  0.971825E-04  0.971825E-04  0.971825E-04 -0.443726E-09  0.999183E-04  0.117122E-05  0.540319E-10
  0.478440E+04  0.108789E-03  0.738446E-06  0.392844E-16  0.392820E-16  0.000000E+00  0.911811E-04  0.911811E-04  0.911811E-04 -0.416324E-09  0.937512E-04  0.723399E-06  0.492337E-10
  0.494657E+04  0.102079E-03  0.638191E-06  0.344738E-16  0.344726E-16  0.000000E+00  0.855477E-04  0.855477E-04  0.855477E-04 -0.390602E-09  0.879643E-04  0.394093E-06  0.448260E-10
  0.511423E+04  0.957814E-04  0.543814E-06  0.302518E-16  0.302510E-16  0.000000E+00  0.802612E-04  0.802612E-04  0.802612E-04 -0.366465E-09  0.825341E-04  0.281594E-06  0.407236E-10
  0.528758E+04  0.898720E-04  0.465383E-06  0.265485E-16  0.265476E-16  0.000000E+00  0.753020E-04  0.753020E-04  0.753020E-04 -0.343821E-09  0.774387E-04  0.357122E-06  0.369123E-10
  0.546681E+04  0.843266E-04  0.406800E-06  0.233009E-16  0.232997E-16  0.000000E+00  0.706507E-04  0.706507E-04  0.706507E-04 -0.322584E-09  0.726574E-04  0.494344E-06  0.334240E-10
  0.565210E+04  0.791228E-04  0.363952E-06  0.204520E-16  0.204507E-16  0.000000E+00  0.662880E-04  0.662880E-04  0.662880E-04 -0.302664E-09  0.681712E-04  0.556621E-06  0.302906E-10
  0.584368E+04  0.742396E-04  0.328127E-06  0.179514E-16  0.179503E-16  0.000000E+00  0.621948E-04  0.621948E-04  0.621948E-04 -0.283975E-09  0.639618E-04  0.485670E-06  0.275043E-10
  0.604175E+04  0.696573E-04  0.292090E-06  0.157555E-16  0.157549E-16  0.000000E+00  0.583534E-04  0.583534E-04  0.583534E-04 -0.266436E-09  0.600121E-04  0.330510E-06  0.250124E-10
  0.624654E+04  0.653574E-04  0.254356E-06  0.138274E-16  0.138270E-16  0.000000E+00  0.547480E-04  0.547480E-04  0.547480E-04 -0.249974E-09  0.563060E-04  0.196234E-06  0.227445E-10
  0.645827E+04  0.613225E-04  0.218635E-06  0.121351E-16  0.121348E-16  0.000000E+00  0.513649E-04  0.513649E-04  0.513649E-04 -0.234527E-09  0.528284E-04  0.154123E-06  0.206519E-10
  0.667717E+04  0.575363E-04  0.189342E-06  0.106502E-16  0.106499E-16  0.000000E+00  0.481909E-04  0.481909E-04  0.481909E-04 -0.220035E-09  0.495653E-04  0.188190E-06  0.187245E-10
  0.690349E+04  0.539835E-04  0.167310E-06  0.934757E-17  0.934722E-17  0.000000E+00  0.452134E-04  0.452134E-04  0.452134E-04 -0.206440E-09  0.465035E-04  0.223073E-06  0.169749E-10
  0.713749E+04  0.506497E-04  0.149479E-06  0.820430E-17  0.820400E-17  0.000000E+00  0.424200E-04  0.424200E-04  0.424200E-04 -0.193686E-09  0.436307E-04  0.203159E-06  0.154062E-10
  0.737942E+04  0.475214E-04  0.132339E-06  0.720061E-17  0.720042E-17  0.000000E+00  0.397987E-04  0.397987E-04  0.397987E-04 -0.181717E-09  0.409350E-04  0.142510E-06  0.139970E-10
  0.762954E+04  0.445860E-04  0.115191E-06  0.631951E-17  0.631938E-17  0.000000E+00  0.373389E-04  0.373389E-04  0.373389E-04 -0.170486E-09  0.384057E-04  0.964559E-07  0.127140E-10
  0.788815E+04  0.418316E-04  0.998471E-07  0.554622E-17  0.554611E-17  0.000000E+00  0.350309E-04  0.350309E-04  0.350309E-04 -0.159948E-09  0.360325E-04  0.927334E-07  0.115366E-10
  0.815552E+04  0.392471E-04  0.876521E-07  0.486769E-17  0.486757E-17  0.000000E+00  0.328656E-04  0.328656E-04  0.328656E-04 -0.150061E-09  0.338057E-04  0.105312E-06  0.104631E-10
  0.843195E+04  0.368220E-04  0.777625E-07  0.427219E-17  0.427209E-17  0.000000E+00  0.308341E-04  0.308341E-04  0.308341E-04 -0.140785E-09  0.317163E-04  0.977130E-07  0.949493E-11
  0.871775E+04  0.345465E-04  0.685639E-07  0.374947E-17  0.374940E-17  0.000000E+00  0.289279E-04  0.289279E-04  0.289279E-04 -0.132082E-09  0.297558E-04  0.717443E-07  0.862178E-11
  0.901324E+04  0.324114E-04  0.597719E-07  0.329066E-17  0.329061E-17  0.000000E+00  0.271393E-04  0.271393E-04  0.271393E-04 -0.123915E-09  0.279164E-04  0.553807E-07  0.782697E-11
  0.931874E+04  0.304080E-04  0.522014E-07  0.288800E-17  0.288795E-17  0.000000E+00  0.254612E-04  0.254612E-04  0.254612E-04 -0.116253E-09  0.261905E-04  0.561905E-07  0.710119E-11
  0.963460E+04  0.285283E-04  0.460426E-07  0.253463E-17  0.253458E-17  0.000000E+00  0.238867E-04  0.238867E-04  0.238867E-04 -0.109064E-09  0.245711E-04  0.552687E-07  0.644304E-11
  0.996117E+04  0.267645E-04  0.405891E-07  0.222447E-17  0.222444E-17  0.000000E+00  0.224095E-04  0.224095E-04  0.224095E-04 -0.102320E-09  0.230518E-04  0.439581E-07  0.584847E-11
  0.102988E+05  0.251096E-04  0.354934E-07  0.195225E-17  0.195222E-17  0.000000E+00  0.210234E-04  0.210234E-04  0.210234E-04 -0.959909E-10  0.216262E-04  0.349790E-07  0.530845E-11
  0.106479E+05  0.235568E-04  0.310696E-07  0.171333E-17  0.171331E-17  0.000000E+00  0.197230E-04  0.197230E-04  0.197230E-04 -0.900533E-10  0.202886E-04  0.340238E-07  0.481657E-11
  0.110088E+05  0.221000E-04  0.273684E-07  0.150366E-17  0.150364E-17  0.000000E+00  0.185029E-04  0.185029E-04  0.185029E-04 -0.844826E-10  0.190337E-04  0.314516E-07  0.437061E-11
  0.113819E+05  0.207330E-04  0.240460E-07  0.131963E-17  0.131962E-17  0.000000E+00  0.173582E-04  0.173582E-04  0.173582E-04 -0.792559E-10  0.178562E-04  0.250974E-07  0.396679E-11
  0.117677E+05  0.194505E-04  0.210426E-07  0.115812E-17  0.115811E-17  0.000000E+00  0.162842E-04  0.162842E-04  0.162842E-04 -0.743520E-10  0.167515E-04  0.219798E-07  0.359971E-11
  0.121666E+05  0.182471E-04  0.184837E-07  0.101637E-17  0.101636E-17  0.000000E+00  0.152765E-04  0.152765E-04  0.152765E-04 -0.697511E-10  0.157150E-04  0.208343E-07  0.326623E-11
  0.125790E+05  0.171181E-04  0.162516E-07  0.891969E-18  0.891961E-18  0.000000E+00  0.143311E-04  0.143311E-04  0.143311E-04 -0.654346E-10  0.147425E-04  0.175332E-07  0.296406E-11
  0.130054E+05  0.160588E-04  0.142411E-07  0.782786E-18  0.782780E-18  0.000000E+00  0.134442E-04  0.134442E-04  0.134442E-04 -0.613847E-10  0.138302E-04  0.149418E-07  0.268976E-11
  0.134462E+05  0.150650E-04  0.124987E-07  0.686966E-18  0.686960E-18  0.000000E+00  0.126120E-04  0.126120E-04  0.126120E-04 -0.575851E-10  0.129742E-04  0.138073E-07  0.244060E-11
  0.139019E+05  0.141326E-04  0.109813E-07  0.602871E-18  0.602867E-18  0.000000E+00  0.118313E-04  0.118313E-04  0.118313E-04 -0.540204E-10  0.121711E-04  0.118903E-07  0.221466E-11
  0.143731E+05  0.132577E-04  0.963062E-08  0.529068E-18  0.529064E-18  0.000000E+00  0.110988E-04  0.110988E-04  0.110988E-04 -0.506759E-10  0.114176E-04  0.102679E-07  0.200960E-11
  0.148603E+05  0.124370E-04  0.845275E-08  0.464296E-18  0.464293E-18  0.000000E+00  0.104116E-04  0.104116E-04  0.104116E-04 -0.475383E-10  0.107107E-04  0.922152E-08  0.182345E-11
  0.153640E+05  0.116669E-04  0.742068E-08  0.407452E-18  0.407450E-18  0.000000E+00  0.976687E-05  0.976687E-05  0.976687E-05 -0.445946E-10  0.100475E-04  0.802201E-08  0.165457E-11
  0.158848E+05  0.109445E-04  0.651163E-08  0.357566E-18  0.357564E-18  0.000000E+00  0.916202E-05  0.916202E-05  0.916202E-05 -0.418329E-10  0.942530E-05  0.702028E-08  0.150130E-11
  0.164232E+05  0.102667E-04  0.571440E-08  0.313785E-18  0.313783E-18  0.000000E+00  0.859457E-05  0.859457E-05  0.859457E-05 -0.392419E-10  0.884156E-05  0.617521E-08  0.136221E-11
  0.169799E+05  0.963086E-05  0.501560E-08  0.275363E-18  0.275362E-18  0.000000E+00  0.806221E-05  0.806221E-05  0.806221E-05 -0.368112E-10  0.829393E-05  0.545116E-08  0.123600E-11
  0.175554E+05  0.903431E-05  0.440190E-08  0.241644E-18  0.241643E-18  0.000000E+00  0.756277E-05  0.756277E-05  0.756277E-05 -0.345308E-10  0.778015E-05  0.472974E-08  0.112148E-11
  0.181504E+05  0.847465E-05  0.386221E-08  0.212053E-18  0.212052E-18  0.000000E+00  0.709422E-05  0.709422E-05  0.709422E-05 -0.323915E-10  0.729816E-05  0.419262E-08  0.101755E-11
  0.187656E+05  0.794960E-05  0.339059E-08  0.186084E-18  0.186084E-18  0.000000E+00  0.665466E-05  0.665466E-05  0.665466E-05 -0.303845E-10  0.684597E-05  0.366931E-08  0.923244E-12
  0.194017E+05  0.745703E-05  0.297451E-08  0.163295E-18  0.163294E-18  0.000000E+00  0.624229E-05  0.624229E-05  0.624229E-05 -0.285017E-10  0.642176E-05  0.320094E-08  0.837674E-12
  0.200593E+05  0.699493E-05  0.261100E-08  0.143296E-18  0.143295E-18  0.000000E+00  0.585544E-05  0.585544E-05  0.585544E-05 -0.267353E-10  0.602380E-05  0.284611E-08  0.760022E-12
  0.207392E+05  0.656142E-05  0.229101E-08  0.125745E-18  0.125744E-18  0.000000E+00  0.549252E-05  0.549252E-05  0.549252E-05 -0.250783E-10  0.565046E-05  0.245504E-08  0.689571E-12
  0.214422E+05  0.615473E-05  0.201054E-08  0.110343E-18  0.110343E-18  0.000000E+00  0.515206E-05  0.515206E-05  0.515206E-05 -0.235238E-10  0.530022E-05  0.219538E-08  0.625636E-12
