    0.98614E-05    0.41333E-04
    0.10889E-04    0.45481E-04
    0.12023E-04    0.50045E-04
    0.13276E-04    0.55067E-04
    0.14659E-04    0.60593E-04
    0.16186E-04    0.66674E-04
    0.17872E-04    0.73365E-04
    0.19734E-04    0.80727E-04
    0.21789E-04    0.88828E-04
    0.24059E-04    0.97743E-04
    0.26566E-04    0.10755E-03
    0.29333E-04    0.11834E-03
    0.32389E-04    0.13022E-03
    0.35763E-04    0.14329E-03
    0.39489E-04    0.15767E-03
    0.43602E-04    0.17349E-03
    0.48145E-04    0.19090E-03
    0.53160E-04    0.21006E-03
    0.58698E-04    0.23114E-03
    0.64813E-04    0.25433E-03
    0.71565E-04    0.27985E-03
    0.79020E-04    0.30794E-03
    0.87252E-04    0.33884E-03
    0.96342E-04    0.37284E-03
    0.10638E-03    0.41026E-03
    0.11746E-03    0.45143E-03
    0.12970E-03    0.49673E-03
    0.14321E-03    0.54657E-03
    0.15813E-03    0.60142E-03
    0.17460E-03    0.66177E-03
    0.19279E-03    0.72817E-03
    0.21287E-03    0.80124E-03
    0.23505E-03    0.88164E-03
    0.25953E-03    0.97010E-03
    0.28657E-03    0.10674E-02
    0.31642E-03    0.11745E-02
    0.34939E-03    0.12924E-02
    0.38579E-03    0.14220E-02
    0.42598E-03    0.15647E-02
    0.47035E-03    0.17216E-02
    0.51935E-03    0.18943E-02
    0.57345E-03    0.20843E-02
    0.63319E-03    0.22933E-02
    0.69916E-03    0.25232E-02
    0.77199E-03    0.27762E-02
    0.85242E-03    0.30544E-02
    0.94122E-03    0.33604E-02
    0.10393E-02    0.36969E-02
    0.11475E-02    0.40670E-02
    0.12671E-02    0.44739E-02
    0.13991E-02    0.49212E-02
    0.15448E-02    0.54129E-02
    0.17058E-02    0.59531E-02
    0.18835E-02    0.65465E-02
    0.20797E-02    0.71981E-02
    0.22963E-02    0.79133E-02
    0.25355E-02    0.86978E-02
    0.27997E-02    0.95578E-02
    0.30913E-02    0.10500E-01
    0.34134E-02    0.11530E-01
    0.37690E-02    0.12657E-01
    0.41616E-02    0.13885E-01
    0.45951E-02    0.15224E-01
    0.50738E-02    0.16678E-01
    0.56024E-02    0.18254E-01
    0.61860E-02    0.19955E-01
    0.68305E-02    0.21784E-01
    0.75420E-02    0.23740E-01
    0.83277E-02    0.25819E-01
    0.91953E-02    0.28009E-01
    0.10153E-01    0.30292E-01
    0.11211E-01    0.32642E-01
    0.12379E-01    0.35021E-01
    0.13668E-01    0.37375E-01
    0.15092E-01    0.39638E-01
    0.16665E-01    0.41725E-01
    0.18401E-01    0.43539E-01
    0.20317E-01    0.44968E-01
    0.22434E-01    0.45898E-01
    0.24771E-01    0.46222E-01
    0.27352E-01    0.45859E-01
    0.30201E-01    0.44773E-01
    0.33347E-01    0.42993E-01
    0.36821E-01    0.40625E-01
    0.40657E-01    0.37851E-01
    0.44723E-01    0.35017E-01
    0.48789E-01    0.32470E-01
    0.52854E-01    0.30279E-01
    0.56920E-01    0.28433E-01
    0.60986E-01    0.26870E-01
    0.65051E-01    0.25504E-01
    0.69117E-01    0.24251E-01
    0.73183E-01    0.23039E-01
    0.77248E-01    0.21818E-01
    0.81314E-01    0.20567E-01
    0.85380E-01    0.19291E-01
    0.90443E-01    0.17706E-01
    0.95506E-01    0.16192E-01
    0.10057E+00    0.14816E-01
    0.10563E+00    0.13627E-01
    0.11070E+00    0.12638E-01
    0.11576E+00    0.11835E-01
    0.12082E+00    0.11179E-01
    0.12588E+00    0.10620E-01
    0.13095E+00    0.10110E-01
    0.13601E+00    0.96113E-02
    0.14107E+00    0.91022E-02
    0.14614E+00    0.85803E-02
    0.15120E+00    0.80577E-02
    0.15626E+00    0.75539E-02
    0.16133E+00    0.70888E-02
    0.16639E+00    0.66761E-02
    0.17145E+00    0.63208E-02
    0.17651E+00    0.60188E-02
    0.18158E+00    0.57591E-02
    0.18664E+00    0.55272E-02
    0.19170E+00    0.53091E-02
    0.19677E+00    0.50939E-02
    0.20183E+00    0.48762E-02
    0.20689E+00    0.46557E-02
    0.21196E+00    0.44366E-02
    0.21702E+00    0.42251E-02
    0.22208E+00    0.40274E-02
    0.22714E+00    0.38477E-02
    0.23221E+00    0.36874E-02
    0.23727E+00    0.35451E-02
    0.24233E+00    0.34173E-02
    0.24740E+00    0.32993E-02
    0.25246E+00    0.31868E-02
    0.25752E+00    0.30765E-02
    0.26259E+00    0.29667E-02
    0.26765E+00    0.28575E-02
    0.27271E+00    0.27499E-02
    0.27778E+00    0.26461E-02
    0.28284E+00    0.25478E-02
    0.28790E+00    0.24563E-02
    0.29296E+00    0.23719E-02
    0.29803E+00    0.22944E-02
    0.30309E+00    0.22224E-02
    0.30815E+00    0.21548E-02
    0.31322E+00    0.20899E-02
    0.31828E+00    0.20268E-02
    0.32334E+00    0.19650E-02
    0.32841E+00    0.19042E-02
    0.33347E+00    0.18448E-02
    0.33853E+00    0.17874E-02
    0.34359E+00    0.17324E-02
    0.34866E+00    0.16802E-02
    0.35372E+00    0.16310E-02
    0.35878E+00    0.15847E-02
    0.36385E+00    0.15408E-02
    0.36891E+00    0.14991E-02
    0.37397E+00    0.14589E-02
    0.37904E+00    0.14200E-02
    0.38410E+00    0.13822E-02
    0.38916E+00    0.13453E-02
    0.39422E+00    0.13093E-02
    0.39929E+00    0.12745E-02
    0.40435E+00    0.12409E-02
    0.40941E+00    0.12086E-02
    0.41448E+00    0.11777E-02
    0.41954E+00    0.11482E-02
    0.42460E+00    0.11199E-02
    0.42967E+00    0.10927E-02
    0.43473E+00    0.10665E-02
    0.43979E+00    0.10412E-02
    0.44486E+00    0.10166E-02
    0.44992E+00    0.99259E-03
    0.45498E+00    0.96929E-03
    0.46004E+00    0.94665E-03
    0.46511E+00    0.92471E-03
    0.47017E+00    0.90349E-03
    0.47523E+00    0.88300E-03
    0.48030E+00    0.86323E-03
    0.48536E+00    0.84414E-03
    0.49042E+00    0.82570E-03
    0.49549E+00    0.80785E-03
    0.50055E+00    0.79054E-03
    0.50561E+00    0.77371E-03
    0.51067E+00    0.75735E-03
    0.51574E+00    0.74143E-03
    0.52080E+00    0.72594E-03
    0.52586E+00    0.71088E-03
    0.53093E+00    0.69625E-03
    0.53599E+00    0.68205E-03
    0.54105E+00    0.66827E-03
    0.54612E+00    0.65490E-03
    0.55118E+00    0.64192E-03
    0.55624E+00    0.62931E-03
    0.56131E+00    0.61704E-03
    0.56637E+00    0.60511E-03
    0.57143E+00    0.59349E-03
    0.57649E+00    0.58216E-03
    0.58156E+00    0.57113E-03
    0.58662E+00    0.56037E-03
    0.59168E+00    0.54990E-03
    0.61634E+00    0.50267E-03
    0.63115E+00    0.47703E-03
    0.65254E+00    0.44308E-03
    0.67466E+00    0.41142E-03
    0.69752E+00    0.38194E-03
    0.72117E+00    0.35446E-03
    0.74561E+00    0.32888E-03
    0.77088E+00    0.30505E-03
    0.79701E+00    0.28288E-03
    0.82403E+00    0.26225E-03
    0.85196E+00    0.24306E-03
    0.88084E+00    0.22522E-03
    0.91069E+00    0.20864E-03
    0.94156E+00    0.19323E-03
    0.97347E+00    0.17892E-03
    0.10065E+01    0.16563E-03
    0.10406E+01    0.15329E-03
    0.10759E+01    0.14183E-03
    0.11123E+01    0.13121E-03
    0.11500E+01    0.12135E-03
    0.11890E+01    0.11221E-03
    0.12293E+01    0.10373E-03
    0.12710E+01    0.95879E-04
    0.13141E+01    0.88600E-04
    0.13586E+01    0.81858E-04
    0.14046E+01    0.75613E-04
    0.14523E+01    0.69831E-04
    0.15015E+01    0.64478E-04
    0.15524E+01    0.59524E-04
    0.16050E+01    0.54941E-04
    0.16594E+01    0.50700E-04
    0.17156E+01    0.46779E-04
    0.17738E+01    0.43152E-04
    0.18339E+01    0.39800E-04
    0.18961E+01    0.36702E-04
    0.19603E+01    0.33839E-04
    0.20268E+01    0.31195E-04
    0.20955E+01    0.28752E-04
    0.21665E+01    0.26495E-04
    0.22399E+01    0.24412E-04
    0.23159E+01    0.22489E-04
    0.23944E+01    0.20715E-04
    0.24755E+01    0.19077E-04
    0.25594E+01    0.17566E-04
    0.26462E+01    0.16172E-04
    0.27359E+01    0.14887E-04
    0.28286E+01    0.13702E-04
    0.29245E+01    0.12609E-04
    0.30236E+01    0.11602E-04
    0.31261E+01    0.10674E-04
    0.32320E+01    0.98181E-05
    0.33416E+01    0.90300E-05
    0.34549E+01    0.83040E-05
    0.35720E+01    0.76354E-05
    0.36930E+01    0.70197E-05
    0.38182E+01    0.64528E-05
    0.39476E+01    0.59308E-05
    0.40814E+01    0.54505E-05
    0.42198E+01    0.50084E-05
    0.43628E+01    0.46016E-05
    0.45107E+01    0.42273E-05
    0.46636E+01    0.38829E-05
    0.48217E+01    0.35663E-05
    0.49851E+01    0.32750E-05
    0.51541E+01    0.30072E-05
    0.53287E+01    0.27610E-05
    0.55094E+01    0.25346E-05
    0.56961E+01    0.23266E-05
    0.58892E+01    0.21353E-05
    0.60888E+01    0.19596E-05
    0.62952E+01    0.17982E-05
    0.65085E+01    0.16499E-05
    0.67292E+01    0.15136E-05
    0.69572E+01    0.13885E-05
    0.71931E+01    0.12735E-05
    0.74369E+01    0.11680E-05
    0.76889E+01    0.10711E-05
    0.79496E+01    0.98217E-06
    0.82190E+01    0.90052E-06
    0.84976E+01    0.82558E-06
    0.87856E+01    0.75680E-06
    0.90834E+01    0.69369E-06
    0.93913E+01    0.63578E-06
    0.97096E+01    0.58265E-06
    0.10039E+02    0.53391E-06
    0.10379E+02    0.48921E-06
    0.10731E+02    0.44821E-06
    0.11095E+02    0.41061E-06
    0.11471E+02    0.37613E-06
    0.11859E+02    0.34452E-06
    0.12261E+02    0.31553E-06
    0.12677E+02    0.28896E-06
    0.13107E+02    0.26461E-06
    0.13551E+02    0.24229E-06
    0.14010E+02    0.22184E-06
    0.14485E+02    0.20309E-06
    0.14976E+02    0.18592E-06
    0.15484E+02    0.17018E-06
    0.16008E+02    0.15576E-06
    0.16551E+02    0.14256E-06
    0.17112E+02    0.13046E-06
    0.17692E+02    0.11938E-06
    0.18292E+02    0.10924E-06
    0.18912E+02    0.99945E-07
    0.19553E+02    0.91437E-07
    0.20216E+02    0.83648E-07
    0.20901E+02    0.76517E-07
    0.21609E+02    0.69989E-07
    0.22342E+02    0.64014E-07
    0.23099E+02    0.58545E-07
    0.23882E+02    0.53539E-07
    0.24691E+02    0.48958E-07
    0.25528E+02    0.44766E-07
    0.26393E+02    0.40930E-07
    0.27288E+02    0.37421E-07
    0.28213E+02    0.34210E-07
    0.29169E+02    0.31273E-07
    0.30158E+02    0.28586E-07
    0.31180E+02    0.26129E-07
    0.32237E+02    0.23881E-07
    0.33330E+02    0.21825E-07
    0.34459E+02    0.19945E-07
    0.35627E+02    0.18226E-07
    0.36835E+02    0.16654E-07
    0.38084E+02    0.15217E-07
    0.39374E+02    0.13903E-07
    0.40709E+02    0.12701E-07
    0.42089E+02    0.11603E-07
    0.43515E+02    0.10600E-07
    0.44990E+02    0.96820E-08
    0.46515E+02    0.88435E-08
    0.48092E+02    0.80771E-08
    0.49722E+02    0.73768E-08
    0.51407E+02    0.67368E-08
    0.53150E+02    0.61520E-08
    0.54951E+02    0.56177E-08
    0.56814E+02    0.51295E-08
    0.58740E+02    0.46835E-08
    0.60731E+02    0.42760E-08
    0.62789E+02    0.39039E-08
    0.64917E+02    0.35639E-08
    0.67118E+02    0.32534E-08
    0.69393E+02    0.29697E-08
    0.71745E+02    0.27107E-08
    0.74177E+02    0.24742E-08
    0.76691E+02    0.22582E-08
    0.79290E+02    0.20609E-08
    0.81978E+02    0.18808E-08
    0.84757E+02    0.17164E-08
    0.87629E+02    0.15662E-08
    0.90600E+02    0.14291E-08
    0.93670E+02    0.13040E-08
    0.96845E+02    0.11898E-08
    0.10013E+03    0.10855E-08
    0.10352E+03    0.99032E-09
    0.10703E+03    0.90345E-09
    0.11066E+03    0.82417E-09
    0.11441E+03    0.75180E-09
    0.11829E+03    0.68577E-09
    0.12230E+03    0.62551E-09
    0.12644E+03    0.57052E-09
    0.13073E+03    0.52034E-09
    0.13516E+03    0.47455E-09
    0.13974E+03    0.43278E-09
    0.14448E+03    0.39467E-09
    0.14937E+03    0.35990E-09
    0.15444E+03    0.32818E-09
    0.15967E+03    0.29925E-09
    0.16508E+03    0.27285E-09
    0.17068E+03    0.24877E-09
    0.17646E+03    0.22681E-09
    0.18245E+03    0.20678E-09
    0.18863E+03    0.18852E-09
    0.19502E+03    0.17186E-09
    0.20163E+03    0.15666E-09
    0.20847E+03    0.14281E-09
    0.21553E+03    0.13017E-09
    0.22284E+03    0.11865E-09
    0.23039E+03    0.10814E-09
    0.23820E+03    0.98565E-10
    0.24628E+03    0.89831E-10
    0.25462E+03    0.81869E-10
    0.26325E+03    0.74609E-10
    0.27218E+03    0.67991E-10
    0.28140E+03    0.61958E-10
    0.29094E+03    0.56459E-10
    0.30080E+03    0.51446E-10
    0.31100E+03    0.46876E-10
    0.32154E+03    0.42711E-10
    0.33244E+03    0.38915E-10
    0.34370E+03    0.35455E-10
    0.35535E+03    0.32301E-10
    0.36740E+03    0.29427E-10
    0.37985E+03    0.26808E-10
    0.39273E+03    0.24422E-10
    0.40604E+03    0.22247E-10
    0.41980E+03    0.20265E-10
    0.43403E+03    0.18459E-10
    0.44874E+03    0.16813E-10
    0.46395E+03    0.15314E-10
    0.47968E+03    0.13948E-10
    0.49594E+03    0.12704E-10
    0.51275E+03    0.11570E-10
    0.53013E+03    0.10537E-10
    0.54810E+03    0.95960E-11
    0.56667E+03    0.87388E-11
    0.58588E+03    0.79579E-11
    0.60574E+03    0.72467E-11
    0.62627E+03    0.65987E-11
    0.64750E+03    0.60086E-11
    0.66945E+03    0.54711E-11
    0.69214E+03    0.49815E-11
    0.71560E+03    0.45356E-11
    0.73985E+03    0.41295E-11
    0.76493E+03    0.37597E-11
    0.79086E+03    0.34229E-11
    0.81766E+03    0.31162E-11
    0.84538E+03    0.28369E-11
    0.87403E+03    0.25825E-11
    0.90366E+03    0.23509E-11
    0.93429E+03    0.21400E-11
    0.96595E+03    0.19480E-11
    0.99870E+03    0.17732E-11
    0.10325E+04    0.16140E-11
    0.10675E+04    0.14691E-11
    0.11037E+04    0.13371E-11
    0.11411E+04    0.12170E-11
    0.11798E+04    0.11076E-11
    0.12198E+04    0.10081E-11
    0.12612E+04    0.91742E-12
    0.13039E+04    0.83492E-12
    0.13481E+04    0.75981E-12
    0.13938E+04    0.69145E-12
    0.14410E+04    0.62922E-12
    0.14899E+04    0.57257E-12
    0.15404E+04    0.52102E-12
    0.15926E+04    0.47409E-12
    0.16466E+04    0.43138E-12
    0.17024E+04    0.39251E-12
    0.17601E+04    0.35714E-12
    0.18197E+04    0.32494E-12
    0.18814E+04    0.29564E-12
    0.19452E+04    0.26898E-12
    0.20111E+04    0.24471E-12
    0.20793E+04    0.22263E-12
    0.21498E+04    0.20254E-12
    0.22226E+04    0.18425E-12
    0.22980E+04    0.16761E-12
    0.23759E+04    0.15248E-12
    0.24564E+04    0.13870E-12
    0.25397E+04    0.12617E-12
    0.26257E+04    0.11477E-12
    0.27147E+04    0.10439E-12
    0.28068E+04    0.94953E-13
    0.29019E+04    0.86366E-13
    0.30002E+04    0.78553E-13
    0.31019E+04    0.71446E-13
    0.32071E+04    0.64980E-13
    0.33158E+04    0.59098E-13
    0.34282E+04    0.53748E-13
    0.35444E+04    0.48881E-13
    0.36645E+04    0.44453E-13
    0.37887E+04    0.40426E-13
    0.39171E+04    0.36763E-13
    0.40499E+04    0.33431E-13
    0.41872E+04    0.30400E-13
    0.43291E+04    0.27644E-13
    0.44758E+04    0.25137E-13
    0.46276E+04    0.22857E-13
    0.47844E+04    0.20783E-13
    0.49466E+04    0.18897E-13
    0.51142E+04    0.17182E-13
    0.52876E+04    0.15622E-13
    0.54668E+04    0.14204E-13
    0.56521E+04    0.12914E-13
    0.58437E+04    0.11741E-13
    0.60418E+04    0.10674E-13
    0.62465E+04    0.97046E-14
    0.64583E+04    0.88227E-14
    0.66772E+04    0.80207E-14
    0.69035E+04    0.72916E-14
    0.71375E+04    0.66286E-14
    0.73794E+04    0.60258E-14
    0.76295E+04    0.54777E-14
    0.78881E+04    0.49795E-14
    0.81555E+04    0.45264E-14
    0.84319E+04    0.41145E-14
    0.87177E+04    0.37401E-14
    0.90132E+04    0.33996E-14
    0.93187E+04    0.30902E-14
    0.96346E+04    0.28088E-14
    0.99612E+04    0.25530E-14
    0.10299E+05    0.23205E-14
    0.10648E+05    0.21091E-14
    0.11009E+05    0.19170E-14
    0.11382E+05    0.17423E-14
    0.11768E+05    0.15836E-14
    0.12167E+05    0.14392E-14
    0.12579E+05    0.13081E-14
    0.13005E+05    0.11888E-14
    0.13446E+05    0.10804E-14
    0.13902E+05    0.98189E-15
    0.14373E+05    0.89234E-15
    0.14860E+05    0.81095E-15
    0.15364E+05    0.73696E-15
    0.15885E+05    0.66972E-15
    0.16423E+05    0.60861E-15
    0.16980E+05    0.55306E-15
    0.17555E+05    0.50258E-15
    0.18150E+05    0.45670E-15
    0.18766E+05    0.41500E-15
    0.19402E+05    0.37710E-15
    0.20059E+05    0.34266E-15
    0.20739E+05    0.31136E-15
    0.21442E+05    0.28292E-15
