  0.986139E-05  0.200602E+08  0.200602E+08  0.267328E+08  0.267325E+08  0.000000E+00  0.200602E+08  0.200602E+08  0.200684E+08 -0.456194E+00  0.969413E+07  0.969413E+07  0.613468E+01
  0.108887E-04  0.200601E+08  0.200601E+08  0.267298E+08  0.267293E+08  0.000000E+00  0.200601E+08  0.200601E+08  0.200684E+08 -0.456194E+00  0.969413E+07  0.969413E+07  0.677356E+01
  0.120230E-04  0.200601E+08  0.200601E+08  0.267260E+08  0.267254E+08  0.000000E+00  0.200601E+08  0.200601E+08  0.200684E+08 -0.456193E+00  0.969412E+07  0.969412E+07  0.747891E+01
  0.132755E-04  0.200601E+08  0.200601E+08  0.267214E+08  0.267207E+08  0.000000E+00  0.200601E+08  0.200601E+08  0.200683E+08 -0.456193E+00  0.969412E+07  0.969412E+07  0.825765E+01
  0.146585E-04  0.200601E+08  0.200601E+08  0.267158E+08  0.267150E+08  0.000000E+00  0.200601E+08  0.200601E+08  0.200683E+08 -0.456193E+00  0.969411E+07  0.969411E+07  0.911738E+01
  0.161856E-04  0.200601E+08  0.200601E+08  0.267090E+08  0.267080E+08  0.000000E+00  0.200601E+08  0.200601E+08  0.200683E+08 -0.456192E+00  0.969411E+07  0.969411E+07  0.100665E+02
  0.178717E-04  0.200601E+08  0.200601E+08  0.267008E+08  0.266995E+08  0.000000E+00  0.200601E+08  0.200601E+08  0.200683E+08 -0.456192E+00  0.969410E+07  0.969410E+07  0.111143E+02
  0.197335E-04  0.200601E+08  0.200601E+08  0.266906E+08  0.266891E+08  0.000000E+00  0.200601E+08  0.200601E+08  0.200683E+08 -0.456191E+00  0.969409E+07  0.969409E+07  0.122708E+02
  0.217893E-04  0.200600E+08  0.200600E+08  0.266783E+08  0.266764E+08  0.000000E+00  0.200600E+08  0.200600E+08  0.200682E+08 -0.456190E+00  0.969408E+07  0.969408E+07  0.135475E+02
  0.240592E-04  0.200600E+08  0.200600E+08  0.266633E+08  0.266610E+08  0.000000E+00  0.200600E+08  0.200600E+08  0.200682E+08 -0.456190E+00  0.969406E+07  0.969406E+07  0.149565E+02
  0.265655E-04  0.200600E+08  0.200600E+08  0.266450E+08  0.266422E+08  0.000000E+00  0.200600E+08  0.200600E+08  0.200682E+08 -0.456188E+00  0.969404E+07  0.969404E+07  0.165116E+02
  0.293330E-04  0.200599E+08  0.200599E+08  0.266227E+08  0.266193E+08  0.000000E+00  0.200599E+08  0.200599E+08  0.200681E+08 -0.456187E+00  0.969402E+07  0.969402E+07  0.182276E+02
  0.323888E-04  0.200599E+08  0.200599E+08  0.265956E+08  0.265914E+08  0.000000E+00  0.200599E+08  0.200599E+08  0.200680E+08 -0.456185E+00  0.969399E+07  0.969399E+07  0.201210E+02
  0.357629E-04  0.200598E+08  0.200598E+08  0.265625E+08  0.265574E+08  0.000000E+00  0.200598E+08  0.200598E+08  0.200680E+08 -0.456183E+00  0.969396E+07  0.969396E+07  0.222097E+02
  0.394885E-04  0.200597E+08  0.200597E+08  0.265223E+08  0.265160E+08  0.000000E+00  0.200597E+08  0.200597E+08  0.200679E+08 -0.456181E+00  0.969392E+07  0.969391E+07  0.245134E+02
  0.436023E-04  0.200596E+08  0.200596E+08  0.264733E+08  0.264657E+08  0.000000E+00  0.200596E+08  0.200596E+08  0.200678E+08 -0.456178E+00  0.969387E+07  0.969386E+07  0.270537E+02
  0.481446E-04  0.200595E+08  0.200595E+08  0.264136E+08  0.264044E+08  0.000000E+00  0.200595E+08  0.200595E+08  0.200676E+08 -0.456174E+00  0.969380E+07  0.969380E+07  0.298539E+02
  0.531600E-04  0.200593E+08  0.200593E+08  0.263411E+08  0.263299E+08  0.000000E+00  0.200593E+08  0.200593E+08  0.200674E+08 -0.456170E+00  0.969373E+07  0.969373E+07  0.329397E+02
  0.586980E-04  0.200592E+08  0.200591E+08  0.262529E+08  0.262392E+08  0.000000E+00  0.200592E+08  0.200592E+08  0.200672E+08 -0.456165E+00  0.969364E+07  0.969363E+07  0.363385E+02
  0.648129E-04  0.200589E+08  0.200589E+08  0.261457E+08  0.261291E+08  0.000000E+00  0.200589E+08  0.200589E+08  0.200670E+08 -0.456158E+00  0.969353E+07  0.969352E+07  0.400802E+02
  0.715648E-04  0.200587E+08  0.200586E+08  0.260156E+08  0.259955E+08  0.000000E+00  0.200587E+08  0.200587E+08  0.200666E+08 -0.456150E+00  0.969340E+07  0.969339E+07  0.441966E+02
  0.790201E-04  0.200583E+08  0.200583E+08  0.258577E+08  0.258333E+08  0.000000E+00  0.200583E+08  0.200583E+08  0.200663E+08 -0.456140E+00  0.969323E+07  0.969322E+07  0.487216E+02
  0.872521E-04  0.200579E+08  0.200579E+08  0.256665E+08  0.256369E+08  0.000000E+00  0.200579E+08  0.200579E+08  0.200658E+08 -0.456129E+00  0.969303E+07  0.969302E+07  0.536908E+02
  0.963416E-04  0.200574E+08  0.200574E+08  0.254350E+08  0.253992E+08  0.000000E+00  0.200574E+08  0.200574E+08  0.200652E+08 -0.456114E+00  0.969279E+07  0.969277E+07  0.591412E+02
  0.106378E-03  0.200568E+08  0.200568E+08  0.251555E+08  0.251122E+08  0.000000E+00  0.200568E+08  0.200568E+08  0.200645E+08 -0.456097E+00  0.969249E+07  0.969247E+07  0.651107E+02
  0.117460E-03  0.200561E+08  0.200560E+08  0.248184E+08  0.247663E+08  0.000000E+00  0.200561E+08  0.200561E+08  0.200637E+08 -0.456075E+00  0.969213E+07  0.969211E+07  0.716370E+02
  0.129696E-03  0.200552E+08  0.200551E+08  0.244131E+08  0.243504E+08  0.000000E+00  0.200552E+08  0.200552E+08  0.200627E+08 -0.456050E+00  0.969169E+07  0.969166E+07  0.787563E+02
  0.143208E-03  0.200541E+08  0.200540E+08  0.239272E+08  0.238519E+08  0.000000E+00  0.200541E+08  0.200541E+08  0.200614E+08 -0.456018E+00  0.969116E+07  0.969112E+07  0.865014E+02
  0.158126E-03  0.200528E+08  0.200526E+08  0.233468E+08  0.232568E+08  0.000000E+00  0.200528E+08  0.200528E+08  0.200599E+08 -0.455980E+00  0.969051E+07  0.969046E+07  0.948995E+02
  0.174599E-03  0.200512E+08  0.200510E+08  0.226566E+08  0.225495E+08  0.000000E+00  0.200512E+08  0.200512E+08  0.200581E+08 -0.455934E+00  0.968972E+07  0.968967E+07  0.103969E+03
  0.192788E-03  0.200493E+08  0.200490E+08  0.218407E+08  0.217138E+08  0.000000E+00  0.200492E+08  0.200492E+08  0.200559E+08 -0.455879E+00  0.968876E+07  0.968870E+07  0.113713E+03
  0.212872E-03  0.200469E+08  0.200466E+08  0.208825E+08  0.207333E+08  0.000000E+00  0.200469E+08  0.200469E+08  0.200533E+08 -0.455812E+00  0.968760E+07  0.968752E+07  0.124118E+03
  0.235048E-03  0.200441E+08  0.200437E+08  0.197669E+08  0.195928E+08  0.000000E+00  0.200440E+08  0.200440E+08  0.200500E+08 -0.455731E+00  0.968619E+07  0.968609E+07  0.135144E+03
  0.259534E-03  0.200406E+08  0.200402E+08  0.184815E+08  0.182804E+08  0.000000E+00  0.200405E+08  0.200405E+08  0.200462E+08 -0.455633E+00  0.968448E+07  0.968437E+07  0.146715E+03
  0.286571E-03  0.200364E+08  0.200359E+08  0.170194E+08  0.167901E+08  0.000000E+00  0.200363E+08  0.200363E+08  0.200415E+08 -0.455517E+00  0.968242E+07  0.968228E+07  0.158713E+03
  0.316425E-03  0.200314E+08  0.200308E+08  0.153830E+08  0.151253E+08  0.000000E+00  0.200313E+08  0.200313E+08  0.200360E+08 -0.455377E+00  0.967993E+07  0.967976E+07  0.170967E+03
  0.349389E-03  0.200253E+08  0.200246E+08  0.135878E+08  0.133038E+08  0.000000E+00  0.200252E+08  0.200252E+08  0.200293E+08 -0.455211E+00  0.967692E+07  0.967673E+07  0.183241E+03
  0.385786E-03  0.200180E+08  0.200171E+08  0.116672E+08  0.113618E+08  0.000000E+00  0.200178E+08  0.200178E+08  0.200214E+08 -0.455015E+00  0.967332E+07  0.967309E+07  0.195228E+03
  0.425976E-03  0.200092E+08  0.200082E+08  0.967681E+07  0.935817E+07  0.000000E+00  0.200091E+08  0.200091E+08  0.200120E+08 -0.454782E+00  0.966900E+07  0.966873E+07  0.206546E+03
  0.470352E-03  0.199988E+08  0.199976E+08  0.769597E+07  0.737639E+07  0.000000E+00  0.199986E+08  0.199986E+08  0.200009E+08 -0.454510E+00  0.966383E+07  0.966353E+07  0.216744E+03
  0.519351E-03  0.199863E+08  0.199849E+08  0.582514E+07  0.552072E+07  0.000000E+00  0.199861E+08  0.199861E+08  0.199878E+08 -0.454191E+00  0.965769E+07  0.965734E+07  0.225320E+03
  0.573455E-03  0.199716E+08  0.199699E+08  0.417543E+07  0.390480E+07  0.000000E+00  0.199713E+08  0.199713E+08  0.199725E+08 -0.453820E+00  0.965040E+07  0.965000E+07  0.231756E+03
  0.633195E-03  0.199541E+08  0.199522E+08  0.284827E+07  0.262992E+07  0.000000E+00  0.199538E+08  0.199538E+08  0.199546E+08 -0.453392E+00  0.964181E+07  0.964136E+07  0.235567E+03
  0.699158E-03  0.199336E+08  0.199315E+08  0.190629E+07  0.175419E+07  0.000000E+00  0.199332E+08  0.199332E+08  0.199338E+08 -0.452898E+00  0.963172E+07  0.963122E+07  0.236367E+03
  0.771993E-03  0.199096E+08  0.199072E+08  0.134277E+07  0.126116E+07  0.000000E+00  0.199092E+08  0.199092E+08  0.199096E+08 -0.452329E+00  0.961993E+07  0.961938E+07  0.233937E+03
  0.852416E-03  0.198816E+08  0.198789E+08  0.106611E+07  0.104553E+07  0.000000E+00  0.198811E+08  0.198811E+08  0.198815E+08 -0.451676E+00  0.960621E+07  0.960563E+07  0.228268E+03
  0.941216E-03  0.198491E+08  0.198461E+08  0.921263E+06  0.938767E+06  0.000000E+00  0.198486E+08  0.198486E+08  0.198489E+08 -0.450925E+00  0.959033E+07  0.958971E+07  0.219564E+03
  0.103927E-02  0.198115E+08  0.198083E+08  0.758742E+06  0.784918E+06  0.000000E+00  0.198109E+08  0.198109E+08  0.198112E+08 -0.450062E+00  0.957200E+07  0.957135E+07  0.208195E+03
  0.114753E-02  0.197681E+08  0.197647E+08  0.524411E+06  0.535958E+06  0.000000E+00  0.197676E+08  0.197676E+08  0.197677E+08 -0.449069E+00  0.955092E+07  0.955026E+07  0.194621E+03
  0.126708E-02  0.197183E+08  0.197147E+08  0.293555E+06  0.284129E+06  0.000000E+00  0.197177E+08  0.197177E+08  0.197178E+08 -0.447930E+00  0.952674E+07  0.952606E+07  0.179361E+03
  0.139908E-02  0.196611E+08  0.196575E+08  0.178117E+06  0.157784E+06  0.000000E+00  0.196605E+08  0.196605E+08  0.196606E+08 -0.446627E+00  0.949905E+07  0.949836E+07  0.163028E+03
  0.154483E-02  0.195959E+08  0.195922E+08  0.168751E+06 -0.285633E+06  0.000000E+00  0.195953E+08  0.195953E+08  0.195953E+08 -0.445138E+00  0.946746E+07  0.946678E+07  0.146397E+03
  0.170576E-02  0.195215E+08  0.195178E+08  0.133829E+06 -0.233373E+06  0.000000E+00  0.195209E+08  0.195209E+08  0.195209E+08 -0.443446E+00  0.943146E+07  0.943079E+07  0.130356E+03
  0.188346E-02  0.194369E+08  0.194333E+08  0.417348E+05 -0.190574E+06  0.000000E+00  0.194364E+08  0.194364E+08  0.194363E+08 -0.441523E+00  0.939057E+07  0.938991E+07  0.115684E+03
  0.207967E-02  0.193412E+08  0.193375E+08  0.131538E+05 -0.155532E+06  0.000000E+00  0.193406E+08  0.193406E+08  0.193406E+08 -0.439346E+00  0.934425E+07  0.934361E+07  0.102876E+03
  0.229632E-02  0.192330E+08  0.192293E+08  0.299205E+05 -0.126850E+06  0.000000E+00  0.192324E+08  0.192324E+08  0.192324E+08 -0.436887E+00  0.929195E+07  0.929131E+07  0.921311E+02
  0.253554E-02  0.191112E+08  0.191073E+08 -0.251412E+04 -0.103381E+06  0.000000E+00  0.191106E+08  0.191106E+08  0.191105E+08 -0.434119E+00  0.923305E+07  0.923242E+07  0.832721E+02
  0.279968E-02  0.189744E+08  0.189704E+08 -0.108437E+04 -0.841846E+05  0.000000E+00  0.189738E+08  0.189738E+08  0.189738E+08 -0.431011E+00  0.916694E+07  0.916631E+07  0.757167E+02
  0.309134E-02  0.188214E+08  0.188172E+08 -0.921005E+04 -0.684904E+05  0.000000E+00  0.188207E+08  0.188207E+08  0.188207E+08 -0.427533E+00  0.909298E+07  0.909234E+07  0.688027E+02
  0.341338E-02  0.186508E+08  0.186463E+08 -0.122862E+05 -0.556660E+05  0.000000E+00  0.186501E+08  0.186501E+08  0.186501E+08 -0.423656E+00  0.901051E+07  0.900987E+07  0.621086E+02
  0.376897E-02  0.184612E+08  0.184564E+08 -0.187694E+05 -0.451926E+05  0.000000E+00  0.184604E+08  0.184604E+08  0.184604E+08 -0.419346E+00  0.891885E+07  0.891822E+07  0.556954E+02
  0.416160E-02  0.182511E+08  0.182459E+08 -0.962293E+04 -0.366449E+05  0.000000E+00  0.182502E+08  0.182502E+08  0.182502E+08 -0.414573E+00  0.881731E+07  0.881669E+07  0.499345E+02
  0.459514E-02  0.180191E+08  0.180135E+08 -0.988795E+04 -0.296740E+05  0.000000E+00  0.180182E+08  0.180182E+08  0.180182E+08 -0.409301E+00  0.870520E+07  0.870458E+07  0.450164E+02
  0.507384E-02  0.177638E+08  0.177577E+08 -0.109290E+05 -0.239937E+05  0.000000E+00  0.177628E+08  0.177628E+08  0.177628E+08 -0.403500E+00  0.858182E+07  0.858120E+07  0.406786E+02
  0.560241E-02  0.174838E+08  0.174771E+08 -0.860908E+04 -0.193694E+05  0.000000E+00  0.174827E+08  0.174827E+08  0.174827E+08 -0.397137E+00  0.844649E+07  0.844587E+07  0.366031E+02
  0.618604E-02  0.171777E+08  0.171703E+08 -0.708407E+04 -0.156086E+05  0.000000E+00  0.171765E+08  0.171765E+08  0.171765E+08 -0.390181E+00  0.829853E+07  0.829792E+07  0.328812E+02
  0.683048E-02  0.168441E+08  0.168357E+08 -0.628202E+04 -0.125534E+05  0.000000E+00  0.168427E+08  0.168427E+08  0.168427E+08 -0.382598E+00  0.813726E+07  0.813665E+07  0.296665E+02
  0.754204E-02  0.164815E+08  0.164721E+08 -0.622993E+04 -0.100747E+05  0.000000E+00  0.164800E+08  0.164800E+08  0.164800E+08 -0.374359E+00  0.796202E+07  0.796141E+07  0.267539E+02
  0.832774E-02  0.160887E+08  0.160780E+08 -0.505523E+04 -0.806624E+04  0.000000E+00  0.160870E+08  0.160870E+08  0.160870E+08 -0.365431E+00  0.777214E+07  0.777154E+07  0.241140E+02
  0.919528E-02  0.156644E+08  0.156521E+08 -0.382508E+04 -0.644135E+04  0.000000E+00  0.156624E+08  0.156624E+08  0.156624E+08 -0.355785E+00  0.756699E+07  0.756639E+07  0.218076E+02
  0.101532E-01  0.152071E+08  0.151931E+08 -0.369459E+04 -0.512891E+04  0.000000E+00  0.152048E+08  0.152048E+08  0.152048E+08 -0.345391E+00  0.734593E+07  0.734533E+07  0.197132E+02
  0.112109E-01  0.147157E+08  0.146996E+08 -0.273408E+04 -0.407073E+04  0.000000E+00  0.147131E+08  0.147131E+08  0.147131E+08 -0.334221E+00  0.710837E+07  0.710777E+07  0.178776E+02
  0.123788E-01  0.141891E+08  0.141707E+08 -0.216893E+04 -0.321926E+04  0.000000E+00  0.141861E+08  0.141861E+08  0.141861E+08 -0.322251E+00  0.685377E+07  0.685317E+07  0.162265E+02
  0.136684E-01  0.136264E+08  0.136053E+08 -0.183792E+04 -0.253566E+04  0.000000E+00  0.136230E+08  0.136230E+08  0.136230E+08 -0.309459E+00  0.658171E+07  0.658111E+07  0.147675E+02
  0.150923E-01  0.130272E+08  0.130030E+08 -0.161717E+04 -0.198822E+04  0.000000E+00  0.130233E+08  0.130233E+08  0.130233E+08 -0.295836E+00  0.629198E+07  0.629137E+07  0.134632E+02
  0.166646E-01  0.123917E+08  0.123640E+08 -0.116776E+04 -0.155111E+04  0.000000E+00  0.123872E+08  0.123872E+08  0.123872E+08 -0.281386E+00  0.598465E+07  0.598404E+07  0.122888E+02
  0.184006E-01  0.117210E+08  0.116897E+08 -0.972472E+03 -0.120329E+04  0.000000E+00  0.117159E+08  0.117159E+08  0.117159E+08 -0.266137E+00  0.566035E+07  0.565973E+07  0.112243E+02
  0.203175E-01  0.110180E+08  0.109828E+08 -0.645534E+03 -0.927682E+03  0.000000E+00  0.110122E+08  0.110122E+08  0.110122E+08 -0.250153E+00  0.532040E+07  0.531977E+07  0.102441E+02
  0.224341E-01  0.102875E+08  0.102485E+08 -0.543607E+03 -0.710381E+03  0.000000E+00  0.102811E+08  0.102811E+08  0.102811E+08 -0.233545E+00  0.496717E+07  0.496655E+07  0.932305E+01
  0.247711E-01  0.953720E+07  0.949463E+07 -0.428612E+03 -0.540112E+03  0.000000E+00  0.953026E+07  0.953026E+07  0.953026E+07 -0.216489E+00  0.460442E+07  0.460379E+07  0.843355E+01
  0.273517E-01  0.877826E+07  0.873269E+07 -0.296576E+03 -0.407706E+03  0.000000E+00  0.877083E+07  0.877083E+07  0.877083E+07 -0.199238E+00  0.423751E+07  0.423689E+07  0.755777E+01
  0.302011E-01  0.802550E+07  0.797794E+07 -0.256700E+03 -0.305694E+03  0.000000E+00  0.801775E+07  0.801775E+07  0.801775E+07 -0.182131E+00  0.387368E+07  0.387307E+07  0.667564E+01
  0.333473E-01  0.729724E+07  0.724914E+07 -0.179301E+03 -0.227958E+03  0.000000E+00  0.728940E+07  0.728940E+07  0.728940E+07 -0.165585E+00  0.352179E+07  0.352121E+07  0.577763E+01
  0.368212E-01  0.661378E+07  0.656700E+07 -0.131836E+03 -0.169448E+03  0.000000E+00  0.660615E+07  0.660615E+07  0.660615E+07 -0.150065E+00  0.319169E+07  0.319115E+07  0.486509E+01
  0.406571E-01  0.599444E+07  0.595113E+07 -0.110859E+03 -0.125964E+03  0.000000E+00  0.598738E+07  0.598738E+07  0.598738E+07 -0.136009E+00  0.289273E+07  0.289225E+07  0.395453E+01
  0.447228E-01  0.547061E+07  0.543259E+07 -0.938964E+02 -0.950091E+02  0.000000E+00  0.546442E+07  0.546442E+07  0.546442E+07 -0.124129E+00  0.264007E+07  0.263965E+07  0.311177E+01
  0.487885E-01  0.506104E+07  0.502913E+07 -0.729987E+02 -0.738638E+02  0.000000E+00  0.505584E+07  0.505584E+07  0.505584E+07 -0.114848E+00  0.244266E+07  0.244231E+07  0.240853E+01
  0.528542E-01  0.473072E+07  0.470486E+07 -0.581475E+02 -0.588366E+02  0.000000E+00  0.472651E+07  0.472651E+07  0.472651E+07 -0.107367E+00  0.228354E+07  0.228325E+07  0.185031E+01
  0.569199E-01  0.445270E+07  0.443210E+07 -0.471966E+02 -0.477559E+02  0.000000E+00  0.444934E+07  0.444934E+07  0.444934E+07 -0.101071E+00  0.214963E+07  0.214938E+07  0.143373E+01
  0.609856E-01  0.420347E+07  0.418686E+07 -0.388161E+02 -0.392761E+02  0.000000E+00  0.420076E+07  0.420076E+07  0.420076E+07 -0.954242E-01  0.202953E+07  0.202932E+07  0.114504E+01
  0.650513E-01  0.396692E+07  0.395280E+07 -0.321977E+02 -0.325793E+02  0.000000E+00  0.396462E+07  0.396462E+07  0.396462E+07 -0.900599E-01  0.191544E+07  0.191525E+07  0.962930E+00
  0.691171E-01  0.373334E+07  0.372025E+07 -0.268420E+02 -0.271602E+02  0.000000E+00  0.373120E+07  0.373120E+07  0.373120E+07 -0.847578E-01  0.180267E+07  0.180249E+07  0.861373E+00
  0.731828E-01  0.349982E+07  0.348659E+07 -0.224440E+02 -0.227100E+02  0.000000E+00  0.349766E+07  0.349766E+07  0.349766E+07 -0.794526E-01  0.168984E+07  0.168966E+07  0.813183E+00
  0.772485E-01  0.326885E+07  0.325472E+07 -0.188128E+02 -0.190358E+02  0.000000E+00  0.326655E+07  0.326655E+07  0.326655E+07 -0.742027E-01  0.157818E+07  0.157800E+07  0.793268E+00
  0.813142E-01  0.304618E+07  0.303084E+07 -0.158204E+02 -0.160079E+02  0.000000E+00  0.304368E+07  0.304368E+07  0.304368E+07 -0.691401E-01  0.147051E+07  0.147032E+07  0.781140E+00
  0.853799E-01  0.283831E+07  0.282190E+07 -0.133689E+02 -0.135273E+02  0.000000E+00  0.283563E+07  0.283563E+07  0.283563E+07 -0.644140E-01  0.137000E+07  0.136980E+07  0.762374E+00
  0.904429E-01  0.260904E+07  0.259196E+07 -0.109504E+02 -0.110802E+02  0.000000E+00  0.260626E+07  0.260626E+07  0.260626E+07 -0.592036E-01  0.125918E+07  0.125899E+07  0.718286E+00
  0.955060E-01  0.241964E+07  0.240290E+07 -0.910675E+01 -0.921467E+01  0.000000E+00  0.241691E+07  0.241691E+07  0.241691E+07 -0.549024E-01  0.116770E+07  0.116752E+07  0.649180E+00
  0.100569E+00  0.227071E+07  0.225531E+07 -0.770752E+01 -0.779886E+01  0.000000E+00  0.226820E+07  0.226820E+07  0.226820E+07 -0.515243E-01  0.109585E+07  0.109568E+07  0.562275E+00
  0.105632E+00  0.215530E+07  0.214192E+07 -0.663183E+01 -0.671042E+01  0.000000E+00  0.215312E+07  0.215312E+07  0.215312E+07 -0.489101E-01  0.104025E+07  0.104010E+07  0.469851E+00
  0.110695E+00  0.206221E+07  0.205106E+07 -0.577888E+01 -0.584737E+01  0.000000E+00  0.206040E+07  0.206040E+07  0.206040E+07 -0.468038E-01  0.995450E+06  0.995323E+06  0.384576E+00
  0.115758E+00  0.197987E+07  0.197070E+07 -0.507399E+01 -0.513413E+01  0.000000E+00  0.197838E+07  0.197838E+07  0.197838E+07 -0.449406E-01  0.955822E+06  0.955712E+06  0.315952E+00
  0.120821E+00  0.189868E+07  0.189092E+07 -0.446700E+01 -0.451995E+01  0.000000E+00  0.189741E+07  0.189741E+07  0.189741E+07 -0.431015E-01  0.916705E+06  0.916608E+06  0.268398E+00
  0.125884E+00  0.181283E+07  0.180577E+07 -0.392896E+01 -0.397553E+01  0.000000E+00  0.181168E+07  0.181168E+07  0.181168E+07 -0.411539E-01  0.875282E+06  0.875191E+06  0.241158E+00
  0.130947E+00  0.172122E+07  0.171421E+07 -0.344744E+01 -0.348830E+01  0.000000E+00  0.172008E+07  0.172008E+07  0.172008E+07 -0.390732E-01  0.831029E+06  0.830939E+06  0.229552E+00
  0.136010E+00  0.162641E+07  0.161901E+07 -0.301933E+01 -0.305511E+01  0.000000E+00  0.162521E+07  0.162521E+07  0.162521E+07 -0.369180E-01  0.785193E+06  0.785101E+06  0.226885E+00
  0.141073E+00  0.153267E+07  0.152472E+07 -0.264450E+01 -0.267584E+01  0.000000E+00  0.153138E+07  0.153138E+07  0.153138E+07 -0.347866E-01  0.739862E+06  0.739767E+06  0.226412E+00
  0.146136E+00  0.144491E+07  0.143652E+07 -0.232310E+01 -0.235063E+01  0.000000E+00  0.144354E+07  0.144354E+07  0.144354E+07 -0.327913E-01  0.697427E+06  0.697329E+06  0.222958E+00
  0.151199E+00  0.136768E+07  0.135915E+07 -0.205401E+01 -0.207835E+01  0.000000E+00  0.136629E+07  0.136629E+07  0.136629E+07 -0.310366E-01  0.660107E+06  0.660010E+06  0.213799E+00
  0.156262E+00  0.130347E+07  0.129517E+07 -0.183274E+01 -0.185445E+01  0.000000E+00  0.130212E+07  0.130212E+07  0.130212E+07 -0.295788E-01  0.629101E+06  0.629008E+06  0.198698E+00
  0.161325E+00  0.125155E+07  0.124382E+07 -0.165105E+01 -0.167062E+01  0.000000E+00  0.125029E+07  0.125029E+07  0.125029E+07 -0.284014E-01  0.604059E+06  0.603972E+06  0.179320E+00
  0.166388E+00  0.120895E+07  0.120199E+07 -0.149936E+01 -0.151713E+01  0.000000E+00  0.120781E+07  0.120781E+07  0.120781E+07 -0.274366E-01  0.583538E+06  0.583459E+06  0.158366E+00
  0.171451E+00  0.117210E+07  0.116597E+07 -0.136918E+01 -0.138541E+01  0.000000E+00  0.117110E+07  0.117110E+07  0.117110E+07 -0.266026E-01  0.565800E+06  0.565728E+06  0.138666E+00
  0.176515E+00  0.113756E+07  0.113214E+07 -0.125378E+01 -0.126864E+01  0.000000E+00  0.113667E+07  0.113667E+07  0.113667E+07 -0.258206E-01  0.549167E+06  0.549102E+06  0.122409E+00
  0.181578E+00  0.110229E+07  0.109738E+07 -0.114815E+01 -0.116176E+01  0.000000E+00  0.110149E+07  0.110149E+07  0.110149E+07 -0.250213E-01  0.532166E+06  0.532106E+06  0.110679E+00
  0.186641E+00  0.106445E+07  0.105979E+07 -0.104941E+01 -0.106185E+01  0.000000E+00  0.106369E+07  0.106369E+07  0.106369E+07 -0.241627E-01  0.513906E+06  0.513848E+06  0.103399E+00
  0.191704E+00  0.102402E+07  0.101939E+07 -0.956910E+00 -0.968251E+00  0.000000E+00  0.102326E+07  0.102326E+07  0.102326E+07 -0.232444E-01  0.494374E+06  0.494317E+06  0.995924E-01
  0.196767E+00  0.982371E+06  0.977629E+06 -0.871320E+00 -0.881646E+00  0.000000E+00  0.981598E+06  0.981598E+06  0.981598E+06 -0.222979E-01  0.474244E+06  0.474187E+06  0.977899E-01
  0.201830E+00  0.941368E+06  0.936468E+06 -0.793544E+00 -0.802948E+00  0.000000E+00  0.940570E+06  0.940570E+06  0.940570E+06 -0.213659E-01  0.454423E+06  0.454364E+06  0.964668E-01
  0.206893E+00  0.902763E+06  0.897748E+06 -0.724173E+00 -0.732755E+00  0.000000E+00  0.901946E+06  0.901946E+06  0.901946E+06 -0.204885E-01  0.435762E+06  0.435704E+06  0.944133E-01
  0.211956E+00  0.867952E+06  0.862930E+06 -0.663361E+00 -0.671222E+00  0.000000E+00  0.867134E+06  0.867134E+06  0.867134E+06 -0.196977E-01  0.418944E+06  0.418886E+06  0.909634E-01
  0.217019E+00  0.837681E+06  0.832784E+06 -0.610695E+00 -0.617932E+00  0.000000E+00  0.836883E+06  0.836883E+06  0.836883E+06 -0.190106E-01  0.404328E+06  0.404272E+06  0.860386E-01
  0.222082E+00  0.811815E+06  0.807158E+06 -0.565169E+00 -0.571867E+00  0.000000E+00  0.811056E+06  0.811056E+06  0.811056E+06 -0.184239E-01  0.391850E+06  0.391797E+06  0.800325E-01
  0.227145E+00  0.789453E+06  0.785108E+06 -0.525390E+00 -0.531617E+00  0.000000E+00  0.788745E+06  0.788745E+06  0.788745E+06 -0.179171E-01  0.381071E+06  0.381021E+06  0.736070E-01
  0.232208E+00  0.769288E+06  0.765271E+06 -0.489908E+00 -0.495714E+00  0.000000E+00  0.768634E+06  0.768634E+06  0.768634E+06 -0.174602E-01  0.371354E+06  0.371307E+06  0.674683E-01
  0.237271E+00  0.749983E+06  0.746257E+06 -0.457465E+00 -0.462886E+00  0.000000E+00  0.749376E+06  0.749376E+06  0.749376E+06 -0.170228E-01  0.362050E+06  0.362005E+06  0.621802E-01
  0.242334E+00  0.730481E+06  0.726972E+06 -0.427156E+00 -0.432218E+00  0.000000E+00  0.729909E+06  0.729909E+06  0.729909E+06 -0.165806E-01  0.352645E+06  0.352602E+06  0.580483E-01
  0.247397E+00  0.710233E+06  0.706854E+06 -0.398493E+00 -0.403216E+00  0.000000E+00  0.709682E+06  0.709682E+06  0.709682E+06 -0.161211E-01  0.342872E+06  0.342831E+06  0.550908E-01
  0.252460E+00  0.689239E+06  0.685912E+06 -0.371355E+00 -0.375756E+00  0.000000E+00  0.688697E+06  0.688697E+06  0.688697E+06 -0.156444E-01  0.332734E+06  0.332693E+06  0.530872E-01
  0.257523E+00  0.667918E+06  0.664589E+06 -0.345848E+00 -0.349947E+00  0.000000E+00  0.667375E+06  0.667375E+06  0.667375E+06 -0.151600E-01  0.322432E+06  0.322393E+06  0.516743E-01
  0.262586E+00  0.646893E+06  0.643544E+06 -0.322160E+00 -0.325978E+00  0.000000E+00  0.646347E+06  0.646347E+06  0.646347E+06 -0.146824E-01  0.312273E+06  0.312233E+06  0.504596E-01
  0.267649E+00  0.626814E+06  0.623456E+06 -0.300454E+00 -0.304015E+00  0.000000E+00  0.626267E+06  0.626267E+06  0.626267E+06 -0.142262E-01  0.302572E+06  0.302532E+06  0.491189E-01
  0.272712E+00  0.608202E+06  0.604870E+06 -0.280804E+00 -0.284131E+00  0.000000E+00  0.607659E+06  0.607659E+06  0.607659E+06 -0.138035E-01  0.293582E+06  0.293543E+06  0.474585E-01
  0.277775E+00  0.591330E+06  0.588068E+06 -0.263150E+00 -0.266269E+00  0.000000E+00  0.590798E+06  0.590798E+06  0.590798E+06 -0.134205E-01  0.285436E+06  0.285398E+06  0.454343E-01
  0.282838E+00  0.576170E+06  0.573018E+06 -0.247308E+00 -0.250239E+00  0.000000E+00  0.575656E+06  0.575656E+06  0.575656E+06 -0.130766E-01  0.278120E+06  0.278084E+06  0.431306E-01
  0.287901E+00  0.562430E+06  0.559413E+06 -0.232998E+00 -0.235759E+00  0.000000E+00  0.561938E+06  0.561938E+06  0.561938E+06 -0.127649E-01  0.271492E+06  0.271457E+06  0.407117E-01
  0.292964E+00  0.549659E+06  0.546785E+06 -0.219909E+00 -0.222515E+00  0.000000E+00  0.549190E+06  0.549190E+06  0.549190E+06 -0.124754E-01  0.265333E+06  0.265300E+06  0.383635E-01
  0.298027E+00  0.537393E+06  0.534651E+06 -0.207762E+00 -0.210224E+00  0.000000E+00  0.536946E+06  0.536946E+06  0.536946E+06 -0.121972E-01  0.259417E+06  0.259385E+06  0.362434E-01
  0.303090E+00  0.525266E+06  0.522632E+06 -0.196349E+00 -0.198675E+00  0.000000E+00  0.524837E+06  0.524837E+06  0.524837E+06 -0.119221E-01  0.253567E+06  0.253536E+06  0.344463E-01
  0.308153E+00  0.513064E+06  0.510508E+06 -0.185538E+00 -0.187737E+00  0.000000E+00  0.512648E+06  0.512648E+06  0.512648E+06 -0.116453E-01  0.247678E+06  0.247648E+06  0.329918E-01
  0.313216E+00  0.500733E+06  0.498225E+06 -0.175271E+00 -0.177348E+00  0.000000E+00  0.500324E+06  0.500324E+06  0.500324E+06 -0.113653E-01  0.241724E+06  0.241694E+06  0.318319E-01
  0.318279E+00  0.488372E+06  0.485893E+06 -0.165547E+00 -0.167509E+00  0.000000E+00  0.487968E+06  0.487968E+06  0.487968E+06 -0.110846E-01  0.235754E+06  0.235725E+06  0.308748E-01
  0.323342E+00  0.476200E+06  0.473741E+06 -0.156404E+00 -0.158257E+00  0.000000E+00  0.475799E+06  0.475799E+06  0.475799E+06 -0.108082E-01  0.229875E+06  0.229846E+06  0.300148E-01
  0.328406E+00  0.464462E+06  0.462024E+06 -0.147879E+00 -0.149632E+00  0.000000E+00  0.464065E+06  0.464065E+06  0.464065E+06 -0.105417E-01  0.224206E+06  0.224177E+06  0.291591E-01
  0.333469E+00  0.453335E+06  0.450927E+06 -0.139986E+00 -0.141645E+00  0.000000E+00  0.452943E+06  0.452943E+06  0.452943E+06 -0.102890E-01  0.218833E+06  0.218804E+06  0.282457E-01
  0.338532E+00  0.442897E+06  0.440533E+06 -0.132702E+00 -0.134274E+00  0.000000E+00  0.442512E+06  0.442512E+06  0.442512E+06 -0.100521E-01  0.213793E+06  0.213766E+06  0.272515E-01
  0.343595E+00  0.433152E+06  0.430845E+06 -0.125985E+00 -0.127478E+00  0.000000E+00  0.432776E+06  0.432776E+06  0.432776E+06 -0.983090E-02  0.209089E+06  0.209062E+06  0.261904E-01
  0.348658E+00  0.424037E+06  0.421797E+06 -0.119779E+00 -0.121199E+00  0.000000E+00  0.423672E+06  0.423672E+06  0.423672E+06 -0.962410E-02  0.204691E+06  0.204665E+06  0.251021E-01
  0.353721E+00  0.415421E+06  0.413251E+06 -0.114011E+00 -0.115362E+00  0.000000E+00  0.415068E+06  0.415068E+06  0.415068E+06 -0.942864E-02  0.200534E+06  0.200508E+06  0.240364E-01
  0.358784E+00  0.407131E+06  0.405028E+06 -0.108605E+00 -0.109893E+00  0.000000E+00  0.406788E+06  0.406788E+06  0.406788E+06 -0.924057E-02  0.196534E+06  0.196509E+06  0.230380E-01
  0.363847E+00  0.399017E+06  0.396974E+06 -0.103500E+00 -0.104727E+00  0.000000E+00  0.398684E+06  0.398684E+06  0.398684E+06 -0.905647E-02  0.192618E+06  0.192594E+06  0.221369E-01
  0.368910E+00  0.390995E+06  0.389001E+06 -0.986547E-01 -0.998239E-01  0.000000E+00  0.390670E+06  0.390670E+06  0.390670E+06 -0.887443E-02  0.188746E+06  0.188723E+06  0.213439E-01
  0.373973E+00  0.383042E+06  0.381087E+06 -0.940487E-01 -0.951633E-01  0.000000E+00  0.382723E+06  0.382723E+06  0.382723E+06 -0.869391E-02  0.184907E+06  0.184884E+06  0.206508E-01
  0.379036E+00  0.375173E+06  0.373249E+06 -0.896719E-01 -0.907346E-01  0.000000E+00  0.374859E+06  0.374859E+06  0.374859E+06 -0.851528E-02  0.181108E+06  0.181085E+06  0.200349E-01
  0.384099E+00  0.367438E+06  0.365540E+06 -0.855227E-01 -0.865362E-01  0.000000E+00  0.367129E+06  0.367129E+06  0.367129E+06 -0.833967E-02  0.177373E+06  0.177350E+06  0.194670E-01
  0.389162E+00  0.359910E+06  0.358037E+06 -0.816045E-01 -0.825716E-01  0.000000E+00  0.359605E+06  0.359605E+06  0.359605E+06 -0.816876E-02  0.173738E+06  0.173716E+06  0.189196E-01
  0.394225E+00  0.352659E+06  0.350813E+06 -0.779193E-01 -0.788428E-01  0.000000E+00  0.352358E+06  0.352358E+06  0.352358E+06 -0.800413E-02  0.170237E+06  0.170215E+06  0.183723E-01
  0.399288E+00  0.345722E+06  0.343907E+06 -0.744616E-01 -0.753441E-01  0.000000E+00  0.345426E+06  0.345426E+06  0.345426E+06 -0.784668E-02  0.166888E+06  0.166866E+06  0.178149E-01
  0.404351E+00  0.339104E+06  0.337324E+06 -0.712186E-01 -0.720626E-01  0.000000E+00  0.338814E+06  0.338814E+06  0.338814E+06 -0.769647E-02  0.163693E+06  0.163672E+06  0.172474E-01
  0.409414E+00  0.332783E+06  0.331040E+06 -0.681733E-01 -0.689812E-01  0.000000E+00  0.332499E+06  0.332499E+06  0.332499E+06 -0.755302E-02  0.160642E+06  0.160621E+06  0.166780E-01
  0.414477E+00  0.326721E+06  0.325018E+06 -0.653065E-01 -0.660805E-01  0.000000E+00  0.326444E+06  0.326444E+06  0.326444E+06 -0.741547E-02  0.157716E+06  0.157696E+06  0.161194E-01
  0.419540E+00  0.320868E+06  0.319204E+06 -0.625981E-01 -0.633400E-01  0.000000E+00  0.320597E+06  0.320597E+06  0.320597E+06 -0.728266E-02  0.154892E+06  0.154872E+06  0.155844E-01
  0.424603E+00  0.315169E+06  0.313541E+06 -0.600289E-01 -0.607403E-01  0.000000E+00  0.314904E+06  0.314904E+06  0.314904E+06 -0.715333E-02  0.152141E+06  0.152122E+06  0.150824E-01
  0.429666E+00  0.309583E+06  0.307988E+06 -0.575836E-01 -0.582660E-01  0.000000E+00  0.309323E+06  0.309323E+06  0.309323E+06 -0.702656E-02  0.149445E+06  0.149426E+06  0.146181E-01
  0.434729E+00  0.304092E+06  0.302526E+06 -0.552525E-01 -0.559073E-01  0.000000E+00  0.303837E+06  0.303837E+06  0.303837E+06 -0.690194E-02  0.146794E+06  0.146776E+06  0.141906E-01
  0.439792E+00  0.298697E+06  0.297157E+06 -0.530298E-01 -0.536582E-01  0.000000E+00  0.298446E+06  0.298446E+06  0.298446E+06 -0.677948E-02  0.144190E+06  0.144172E+06  0.137949E-01
  0.444855E+00  0.293407E+06  0.291889E+06 -0.509114E-01 -0.515148E-01  0.000000E+00  0.293159E+06  0.293159E+06  0.293159E+06 -0.665938E-02  0.141636E+06  0.141618E+06  0.134232E-01
  0.449918E+00  0.288238E+06  0.286742E+06 -0.488951E-01 -0.494745E-01  0.000000E+00  0.287994E+06  0.287994E+06  0.287994E+06 -0.654205E-02  0.139140E+06  0.139122E+06  0.130670E-01
  0.454981E+00  0.283213E+06  0.281740E+06 -0.469794E-01 -0.475362E-01  0.000000E+00  0.282973E+06  0.282973E+06  0.282973E+06 -0.642800E-02  0.136714E+06  0.136697E+06  0.127198E-01
  0.460044E+00  0.278351E+06  0.276901E+06 -0.451621E-01 -0.456973E-01  0.000000E+00  0.278115E+06  0.278115E+06  0.278115E+06 -0.631764E-02  0.134367E+06  0.134350E+06  0.123774E-01
  0.465107E+00  0.273652E+06  0.272226E+06 -0.434383E-01 -0.439531E-01  0.000000E+00  0.273420E+06  0.273420E+06  0.273420E+06 -0.621098E-02  0.132099E+06  0.132082E+06  0.120382E-01
  0.470170E+00  0.269108E+06  0.267706E+06 -0.418019E-01 -0.422973E-01  0.000000E+00  0.268880E+06  0.268880E+06  0.268880E+06 -0.610785E-02  0.129905E+06  0.129889E+06  0.117033E-01
  0.475233E+00  0.264708E+06  0.263332E+06 -0.402471E-01 -0.407241E-01  0.000000E+00  0.264484E+06  0.264484E+06  0.264484E+06 -0.600800E-02  0.127782E+06  0.127765E+06  0.113756E-01
  0.480297E+00  0.260442E+06  0.259090E+06 -0.387680E-01 -0.392274E-01  0.000000E+00  0.260221E+06  0.260221E+06  0.260221E+06 -0.591117E-02  0.125722E+06  0.125706E+06  0.110585E-01
  0.485360E+00  0.256287E+06  0.254959E+06 -0.373578E-01 -0.378005E-01  0.000000E+00  0.256071E+06  0.256071E+06  0.256071E+06 -0.581688E-02  0.123717E+06  0.123701E+06  0.107548E-01
  0.490423E+00  0.252223E+06  0.250918E+06 -0.360103E-01 -0.364371E-01  0.000000E+00  0.252011E+06  0.252011E+06  0.252011E+06 -0.572465E-02  0.121755E+06  0.121740E+06  0.104660E-01
  0.495486E+00  0.248241E+06  0.246957E+06 -0.347211E-01 -0.351326E-01  0.000000E+00  0.248032E+06  0.248032E+06  0.248032E+06 -0.563427E-02  0.119833E+06  0.119818E+06  0.101924E-01
  0.500549E+00  0.244340E+06  0.243076E+06 -0.334877E-01 -0.338845E-01  0.000000E+00  0.244134E+06  0.244134E+06  0.244134E+06 -0.554573E-02  0.117950E+06  0.117935E+06  0.993314E-02
  0.505612E+00  0.240522E+06  0.239277E+06 -0.323074E-01 -0.326903E-01  0.000000E+00  0.240319E+06  0.240319E+06  0.240319E+06 -0.545907E-02  0.116107E+06  0.116092E+06  0.968610E-02
  0.510675E+00  0.236785E+06  0.235557E+06 -0.311779E-01 -0.315474E-01  0.000000E+00  0.236585E+06  0.236585E+06  0.236585E+06 -0.537424E-02  0.114302E+06  0.114288E+06  0.944881E-02
  0.515738E+00  0.233133E+06  0.231923E+06 -0.300973E-01 -0.304540E-01  0.000000E+00  0.232936E+06  0.232936E+06  0.232936E+06 -0.529135E-02  0.112539E+06  0.112525E+06  0.921900E-02
  0.520801E+00  0.229575E+06  0.228382E+06 -0.290644E-01 -0.294089E-01  0.000000E+00  0.229380E+06  0.229380E+06  0.229380E+06 -0.521058E-02  0.110822E+06  0.110808E+06  0.899510E-02
  0.525864E+00  0.226113E+06  0.224939E+06 -0.280776E-01 -0.284104E-01  0.000000E+00  0.225922E+06  0.225922E+06  0.225922E+06 -0.513202E-02  0.109151E+06  0.109137E+06  0.877622E-02
  0.530927E+00  0.222743E+06  0.221586E+06 -0.271342E-01 -0.274558E-01  0.000000E+00  0.222555E+06  0.222555E+06  0.222555E+06 -0.505554E-02  0.107524E+06  0.107511E+06  0.856211E-02
  0.535990E+00  0.219459E+06  0.218320E+06 -0.262314E-01 -0.265423E-01  0.000000E+00  0.219273E+06  0.219273E+06  0.219273E+06 -0.498100E-02  0.105939E+06  0.105925E+06  0.835314E-02
  0.541053E+00  0.216257E+06  0.215135E+06 -0.253672E-01 -0.256679E-01  0.000000E+00  0.216075E+06  0.216075E+06  0.216075E+06 -0.490833E-02  0.104393E+06  0.104380E+06  0.815007E-02
  0.546116E+00  0.213134E+06  0.212029E+06 -0.245395E-01 -0.248303E-01  0.000000E+00  0.212954E+06  0.212954E+06  0.212954E+06 -0.483745E-02  0.102886E+06  0.102873E+06  0.795370E-02
  0.551179E+00  0.210082E+06  0.208993E+06 -0.237457E-01 -0.240271E-01  0.000000E+00  0.209904E+06  0.209904E+06  0.209904E+06 -0.476816E-02  0.101412E+06  0.101399E+06  0.776448E-02
  0.556242E+00  0.207090E+06  0.206018E+06 -0.229834E-01 -0.232558E-01  0.000000E+00  0.206916E+06  0.206916E+06  0.206916E+06 -0.470028E-02  0.999682E+05  0.999555E+05  0.758250E-02
  0.561305E+00  0.204159E+06  0.203102E+06 -0.222512E-01 -0.225149E-01  0.000000E+00  0.203987E+06  0.203987E+06  0.203987E+06 -0.463375E-02  0.985533E+05  0.985409E+05  0.740758E-02
  0.566368E+00  0.201290E+06  0.200247E+06 -0.215480E-01 -0.218033E-01  0.000000E+00  0.201120E+06  0.201120E+06  0.201120E+06 -0.456862E-02  0.971681E+05  0.971558E+05  0.723926E-02
  0.571431E+00  0.198480E+06  0.197452E+06 -0.208724E-01 -0.211197E-01  0.000000E+00  0.198313E+06  0.198313E+06  0.198313E+06 -0.450485E-02  0.958118E+05  0.957997E+05  0.707680E-02
  0.576494E+00  0.195728E+06  0.194714E+06 -0.202230E-01 -0.204627E-01  0.000000E+00  0.195563E+06  0.195563E+06  0.195563E+06 -0.444239E-02  0.944833E+05  0.944714E+05  0.691941E-02
  0.581557E+00  0.193035E+06  0.192034E+06 -0.195989E-01 -0.198312E-01  0.000000E+00  0.192872E+06  0.192872E+06  0.192872E+06 -0.438126E-02  0.931831E+05  0.931713E+05  0.676648E-02
  0.586620E+00  0.190403E+06  0.189415E+06 -0.189995E-01 -0.192246E-01  0.000000E+00  0.190242E+06  0.190242E+06  0.190242E+06 -0.432153E-02  0.919127E+05  0.919011E+05  0.661760E-02
  0.591683E+00  0.187832E+06  0.186857E+06 -0.184235E-01 -0.186418E-01  0.000000E+00  0.187673E+06  0.187673E+06  0.187673E+06 -0.426317E-02  0.906715E+05  0.906600E+05  0.647253E-02
  0.616337E+00  0.176082E+06  0.175170E+06 -0.159170E-01 -0.161056E-01  0.000000E+00  0.175934E+06  0.175934E+06  0.175934E+06 -0.399649E-02  0.849997E+05  0.849889E+05  0.582062E-02
  0.631147E+00  0.169565E+06  0.168686E+06 -0.146170E-01 -0.147902E-01  0.000000E+00  0.169422E+06  0.169422E+06  0.169422E+06 -0.384857E-02  0.818535E+05  0.818432E+05  0.547357E-02
  0.652539E+00  0.160791E+06  0.159958E+06 -0.129667E-01 -0.131204E-01  0.000000E+00  0.160655E+06  0.160655E+06  0.160655E+06 -0.364943E-02  0.776182E+05  0.776084E+05  0.502166E-02
  0.674657E+00  0.152461E+06  0.151671E+06 -0.115021E-01 -0.116384E-01  0.000000E+00  0.152333E+06  0.152333E+06  0.152333E+06 -0.346038E-02  0.735973E+05  0.735880E+05  0.460435E-02
  0.697525E+00  0.144542E+06  0.143793E+06 -0.102013E-01 -0.103222E-01  0.000000E+00  0.144420E+06  0.144420E+06  0.144420E+06 -0.328062E-02  0.697742E+05  0.697654E+05  0.422190E-02
  0.721168E+00  0.137013E+06  0.136303E+06 -0.904630E-02 -0.915351E-02  0.000000E+00  0.136897E+06  0.136897E+06  0.136897E+06 -0.310974E-02  0.661399E+05  0.661315E+05  0.387091E-02
  0.745612E+00  0.129860E+06  0.129188E+06 -0.802109E-02 -0.811615E-02  0.000000E+00  0.129751E+06  0.129751E+06  0.129751E+06 -0.294741E-02  0.626872E+05  0.626792E+05  0.354831E-02
  0.770884E+00  0.123063E+06  0.122425E+06 -0.711100E-02 -0.719527E-02  0.000000E+00  0.122959E+06  0.122959E+06  0.122959E+06 -0.279312E-02  0.594058E+05  0.593983E+05  0.325240E-02
  0.797014E+00  0.116606E+06  0.116002E+06 -0.630337E-02 -0.637807E-02  0.000000E+00  0.116508E+06  0.116508E+06  0.116508E+06 -0.264658E-02  0.562891E+05  0.562819E+05  0.298069E-02
  0.824028E+00  0.110475E+06  0.109903E+06 -0.558679E-02 -0.565300E-02  0.000000E+00  0.110382E+06  0.110382E+06  0.110382E+06 -0.250743E-02  0.533294E+05  0.533226E+05  0.273138E-02
  0.851959E+00  0.104653E+06  0.104111E+06 -0.495104E-02 -0.500972E-02  0.000000E+00  0.104565E+06  0.104565E+06  0.104565E+06 -0.237528E-02  0.505189E+05  0.505125E+05  0.250264E-02
  0.880836E+00  0.991251E+05  0.986116E+05 -0.438708E-02 -0.443907E-02  0.000000E+00  0.990414E+05  0.990414E+05  0.990414E+05 -0.224982E-02  0.478504E+05  0.478443E+05  0.229276E-02
  0.910692E+00  0.938786E+05  0.933923E+05 -0.388692E-02 -0.393299E-02  0.000000E+00  0.937994E+05  0.937994E+05  0.937994E+05 -0.213074E-02  0.453178E+05  0.453121E+05  0.210028E-02
  0.941560E+00  0.888992E+05  0.884387E+05 -0.344337E-02 -0.348418E-02  0.000000E+00  0.888241E+05  0.888241E+05  0.888241E+05 -0.201772E-02  0.429141E+05  0.429086E+05  0.192373E-02
  0.973475E+00  0.841736E+05  0.837376E+05 -0.305006E-02 -0.308621E-02  0.000000E+00  0.841025E+05  0.841025E+05  0.841025E+05 -0.191047E-02  0.406329E+05  0.406277E+05  0.176182E-02
  0.100647E+01  0.796898E+05  0.792771E+05 -0.270136E-02 -0.273338E-02  0.000000E+00  0.796226E+05  0.796226E+05  0.796226E+05 -0.180870E-02  0.384685E+05  0.384636E+05  0.161336E-02
  0.104058E+01  0.754360E+05  0.750453E+05 -0.239225E-02 -0.242060E-02  0.000000E+00  0.753724E+05  0.753724E+05  0.753724E+05 -0.171215E-02  0.364150E+05  0.364104E+05  0.147725E-02
  0.107586E+01  0.714009E+05  0.710311E+05 -0.211825E-02 -0.214336E-02  0.000000E+00  0.713406E+05  0.713406E+05  0.713406E+05 -0.162057E-02  0.344672E+05  0.344628E+05  0.135248E-02
  0.111232E+01  0.675749E+05  0.672249E+05 -0.187545E-02 -0.189768E-02  0.000000E+00  0.675179E+05  0.675179E+05  0.675179E+05 -0.153373E-02  0.326203E+05  0.326161E+05  0.123813E-02
  0.115002E+01  0.639470E+05  0.636158E+05 -0.166031E-02 -0.167998E-02  0.000000E+00  0.638930E+05  0.638930E+05  0.638930E+05 -0.145139E-02  0.308690E+05  0.308651E+05  0.113334E-02
  0.118900E+01  0.605073E+05  0.601939E+05 -0.146968E-02 -0.148710E-02  0.000000E+00  0.604562E+05  0.604562E+05  0.604562E+05 -0.137332E-02  0.292085E+05  0.292048E+05  0.103732E-02
  0.122931E+01  0.572464E+05  0.569499E+05 -0.130080E-02 -0.131622E-02  0.000000E+00  0.571980E+05  0.571980E+05  0.571980E+05 -0.129931E-02  0.276344E+05  0.276309E+05  0.949336E-03
  0.127097E+01  0.541554E+05  0.538750E+05 -0.115120E-02 -0.116484E-02  0.000000E+00  0.541097E+05  0.541097E+05  0.541097E+05 -0.122915E-02  0.261423E+05  0.261390E+05  0.868735E-03
  0.131405E+01  0.512261E+05  0.509608E+05 -0.101870E-02 -0.103078E-02  0.000000E+00  0.511829E+05  0.511829E+05  0.511829E+05 -0.116267E-02  0.247283E+05  0.247251E+05  0.794904E-03
  0.135859E+01  0.484505E+05  0.481996E+05 -0.901367E-03 -0.912049E-03  0.000000E+00  0.484096E+05  0.484096E+05  0.484096E+05 -0.109967E-02  0.233884E+05  0.233854E+05  0.727286E-03
  0.140464E+01  0.458208E+05  0.455835E+05 -0.797468E-03 -0.806919E-03  0.000000E+00  0.457821E+05  0.457821E+05  0.457821E+05 -0.103998E-02  0.221190E+05  0.221162E+05  0.665364E-03
  0.145225E+01  0.433295E+05  0.431051E+05 -0.705474E-03 -0.713835E-03  0.000000E+00  0.432929E+05  0.432929E+05  0.432929E+05 -0.983438E-03  0.209163E+05  0.209137E+05  0.608661E-03
  0.150148E+01  0.409694E+05  0.407573E+05 -0.624029E-03 -0.631424E-03  0.000000E+00  0.409349E+05  0.409349E+05  0.409349E+05 -0.929873E-03  0.197771E+05  0.197746E+05  0.556744E-03
  0.155237E+01  0.387345E+05  0.385339E+05 -0.551937E-03 -0.558478E-03  0.000000E+00  0.387018E+05  0.387018E+05  0.387018E+05 -0.879147E-03  0.186982E+05  0.186958E+05  0.509216E-03
  0.160499E+01  0.366181E+05  0.364285E+05 -0.488129E-03 -0.493914E-03  0.000000E+00  0.365872E+05  0.365872E+05  0.365872E+05 -0.831112E-03  0.176766E+05  0.176743E+05  0.465711E-03
  0.165939E+01  0.346140E+05  0.344348E+05 -0.431656E-03 -0.436772E-03  0.000000E+00  0.345848E+05  0.345848E+05  0.345848E+05 -0.785626E-03  0.167091E+05  0.167070E+05  0.425890E-03
  0.171563E+01  0.327166E+05  0.325472E+05 -0.381681E-03 -0.386204E-03  0.000000E+00  0.326889E+05  0.326889E+05  0.326889E+05 -0.742559E-03  0.157932E+05  0.157912E+05  0.389445E-03
  0.177379E+01  0.309204E+05  0.307603E+05 -0.337462E-03 -0.341461E-03  0.000000E+00  0.308943E+05  0.308943E+05  0.308943E+05 -0.701793E-03  0.149261E+05  0.149242E+05  0.356095E-03
  0.183391E+01  0.292203E+05  0.290690E+05 -0.298340E-03 -0.301876E-03  0.000000E+00  0.291956E+05  0.291956E+05  0.291956E+05 -0.663205E-03  0.141054E+05  0.141036E+05  0.325579E-03
  0.189607E+01  0.276112E+05  0.274683E+05 -0.263730E-03 -0.266856E-03  0.000000E+00  0.275879E+05  0.275879E+05  0.275879E+05 -0.626685E-03  0.133287E+05  0.133270E+05  0.297659E-03
  0.196034E+01  0.260885E+05  0.259535E+05 -0.233115E-03 -0.235878E-03  0.000000E+00  0.260665E+05  0.260665E+05  0.260665E+05 -0.592125E-03  0.125937E+05  0.125921E+05  0.272117E-03
  0.202678E+01  0.246478E+05  0.245201E+05 -0.206037E-03 -0.208479E-03  0.000000E+00  0.246270E+05  0.246270E+05  0.246270E+05 -0.559424E-03  0.118982E+05  0.118966E+05  0.248752E-03
  0.209548E+01  0.232846E+05  0.231641E+05 -0.182089E-03 -0.184247E-03  0.000000E+00  0.232650E+05  0.232650E+05  0.232650E+05 -0.528485E-03  0.112401E+05  0.112387E+05  0.227381E-03
  0.216651E+01  0.219950E+05  0.218811E+05 -0.160911E-03 -0.162818E-03  0.000000E+00  0.219764E+05  0.219764E+05  0.219764E+05 -0.499214E-03  0.106176E+05  0.106162E+05  0.207835E-03
  0.223994E+01  0.207751E+05  0.206675E+05 -0.142184E-03 -0.143870E-03  0.000000E+00  0.207576E+05  0.207576E+05  0.207576E+05 -0.471527E-03  0.100287E+05  0.100274E+05  0.189959E-03
  0.231586E+01  0.196213E+05  0.195197E+05 -0.125627E-03 -0.127116E-03  0.000000E+00  0.196047E+05  0.196047E+05  0.196047E+05 -0.445340E-03  0.947174E+04  0.947053E+04  0.173613E-03
  0.239436E+01  0.185302E+05  0.184342E+05 -0.110990E-03 -0.112305E-03  0.000000E+00  0.185145E+05  0.185145E+05  0.185145E+05 -0.420574E-03  0.894502E+04  0.894388E+04  0.158667E-03
  0.247552E+01  0.174983E+05  0.174077E+05 -0.980498E-04 -0.992118E-04  0.000000E+00  0.174836E+05  0.174836E+05  0.174836E+05 -0.397155E-03  0.844693E+04  0.844585E+04  0.145002E-03
  0.255943E+01  0.165227E+05  0.164371E+05 -0.866120E-04 -0.876385E-04  0.000000E+00  0.165087E+05  0.165087E+05  0.165087E+05 -0.375011E-03  0.797596E+04  0.797494E+04  0.132509E-03
  0.264618E+01  0.156003E+05  0.155195E+05 -0.765026E-04 -0.774092E-04  0.000000E+00  0.155871E+05  0.155871E+05  0.155871E+05 -0.354075E-03  0.753067E+04  0.752971E+04  0.121089E-03
  0.273587E+01  0.147282E+05  0.146519E+05 -0.675681E-04 -0.683689E-04  0.000000E+00  0.147158E+05  0.147158E+05  0.147158E+05 -0.334283E-03  0.710972E+04  0.710881E+04  0.110650E-03
  0.282860E+01  0.139039E+05  0.138319E+05 -0.596725E-04 -0.603797E-04  0.000000E+00  0.138921E+05  0.138921E+05  0.138921E+05 -0.315573E-03  0.671179E+04  0.671093E+04  0.101108E-03
  0.292448E+01  0.131248E+05  0.130568E+05 -0.526959E-04 -0.533204E-04  0.000000E+00  0.131137E+05  0.131137E+05  0.131137E+05 -0.297889E-03  0.633568E+04  0.633487E+04  0.923873E-04
  0.302360E+01  0.123884E+05  0.123243E+05 -0.465316E-04 -0.470831E-04  0.000000E+00  0.123780E+05  0.123780E+05  0.123780E+05 -0.281177E-03  0.598023E+04  0.597946E+04  0.844177E-04
  0.312609E+01  0.116926E+05  0.116320E+05 -0.410856E-04 -0.415725E-04  0.000000E+00  0.116827E+05  0.116827E+05  0.116827E+05 -0.265383E-03  0.564432E+04  0.564360E+04  0.771348E-04
  0.323205E+01  0.110350E+05  0.109779E+05 -0.362744E-04 -0.367043E-04  0.000000E+00  0.110257E+05  0.110257E+05  0.110257E+05 -0.250459E-03  0.532691E+04  0.532623E+04  0.704798E-04
  0.334160E+01  0.104137E+05  0.103598E+05 -0.320243E-04 -0.324038E-04  0.000000E+00  0.104049E+05  0.104049E+05  0.104049E+05 -0.236358E-03  0.502699E+04  0.502634E+04  0.643988E-04
  0.345486E+01  0.982674E+04  0.977583E+04 -0.282703E-04 -0.286053E-04  0.000000E+00  0.981845E+04  0.981845E+04  0.981845E+04 -0.223035E-03  0.474364E+04  0.474303E+04  0.588429E-04
  0.357197E+01  0.927225E+04  0.922421E+04 -0.249547E-04 -0.252505E-04  0.000000E+00  0.926443E+04  0.926443E+04  0.926443E+04 -0.210450E-03  0.447597E+04  0.447540E+04  0.537671E-04
  0.369304E+01  0.874846E+04  0.870313E+04 -0.220266E-04 -0.222876E-04  0.000000E+00  0.874108E+04  0.874108E+04  0.874108E+04 -0.198562E-03  0.422312E+04  0.422258E+04  0.491299E-04
  0.381821E+01  0.825372E+04  0.821095E+04 -0.194407E-04 -0.196711E-04  0.000000E+00  0.824675E+04  0.824675E+04  0.824675E+04 -0.187333E-03  0.398430E+04  0.398378E+04  0.448937E-04
  0.394763E+01  0.778645E+04  0.774610E+04 -0.171573E-04 -0.173606E-04  0.000000E+00  0.777988E+04  0.777988E+04  0.777988E+04 -0.176727E-03  0.375873E+04  0.375825E+04  0.410239E-04
  0.408144E+01  0.734518E+04  0.730711E+04 -0.151411E-04 -0.153206E-04  0.000000E+00  0.733897E+04  0.733897E+04  0.733897E+04 -0.166712E-03  0.354572E+04  0.354526E+04  0.374892E-04
  0.421978E+01  0.692848E+04  0.689257E+04 -0.133611E-04 -0.135194E-04  0.000000E+00  0.692263E+04  0.692263E+04  0.692263E+04 -0.157254E-03  0.334457E+04  0.334413E+04  0.342605E-04
  0.436281E+01  0.653503E+04  0.650115E+04 -0.117896E-04 -0.119293E-04  0.000000E+00  0.652951E+04  0.652951E+04  0.652951E+04 -0.148324E-03  0.315464E+04  0.315423E+04  0.313116E-04
  0.451069E+01  0.616353E+04  0.613158E+04 -0.104022E-04 -0.105255E-04  0.000000E+00  0.615833E+04  0.615833E+04  0.615833E+04 -0.139892E-03  0.297530E+04  0.297492E+04  0.286182E-04
  0.466358E+01  0.581280E+04  0.578266E+04 -0.917762E-05 -0.928638E-05  0.000000E+00  0.580789E+04  0.580789E+04  0.580789E+04 -0.131932E-03  0.280600E+04  0.280563E+04  0.261583E-04
  0.482165E+01  0.548171E+04  0.545327E+04 -0.809668E-05 -0.819264E-05  0.000000E+00  0.547707E+04  0.547707E+04  0.547707E+04 -0.124417E-03  0.264617E+04  0.264582E+04  0.239118E-04
  0.498508E+01  0.516918E+04  0.514236E+04 -0.714265E-05 -0.722730E-05  0.000000E+00  0.516481E+04  0.516481E+04  0.516481E+04 -0.117323E-03  0.249530E+04  0.249497E+04  0.218601E-04
  0.515405E+01  0.487418E+04  0.484889E+04 -0.630067E-05 -0.637534E-05  0.000000E+00  0.487006E+04  0.487006E+04  0.487006E+04 -0.110628E-03  0.235290E+04  0.235259E+04  0.199864E-04
  0.532875E+01  0.459575E+04  0.457190E+04 -0.555762E-05 -0.562348E-05  0.000000E+00  0.459186E+04  0.459186E+04  0.459186E+04 -0.104308E-03  0.221849E+04  0.221820E+04  0.182753E-04
  0.550937E+01  0.433298E+04  0.431048E+04 -0.490191E-05 -0.496001E-05  0.000000E+00  0.432931E+04  0.432931E+04  0.432931E+04 -0.983443E-04  0.209164E+04  0.209137E+04  0.167127E-04
  0.569611E+01  0.408501E+04  0.406380E+04 -0.432334E-05 -0.437458E-05  0.000000E+00  0.408155E+04  0.408155E+04  0.408155E+04 -0.927162E-04  0.197194E+04  0.197168E+04  0.152857E-04
  0.588918E+01  0.385102E+04  0.383102E+04 -0.381285E-05 -0.385804E-05  0.000000E+00  0.384776E+04  0.384776E+04  0.384776E+04 -0.874055E-04  0.185899E+04  0.185874E+04  0.139826E-04
  0.608879E+01  0.363023E+04  0.361138E+04 -0.336244E-05 -0.340229E-05  0.000000E+00  0.362716E+04  0.362716E+04  0.362716E+04 -0.823943E-04  0.175241E+04  0.175218E+04  0.127925E-04
  0.629517E+01  0.342192E+04  0.340414E+04 -0.296509E-05 -0.300023E-05  0.000000E+00  0.341902E+04  0.341902E+04  0.341902E+04 -0.776663E-04  0.165185E+04  0.165163E+04  0.117058E-04
  0.650855E+01  0.322539E+04  0.320863E+04 -0.261455E-05 -0.264554E-05  0.000000E+00  0.322266E+04  0.322266E+04  0.322266E+04 -0.732058E-04  0.155698E+04  0.155677E+04  0.107134E-04
  0.672916E+01  0.304000E+04  0.302419E+04 -0.230534E-05 -0.233266E-05  0.000000E+00  0.303742E+04  0.303742E+04  0.303742E+04 -0.689978E-04  0.146749E+04  0.146729E+04  0.980704E-05
  0.695724E+01  0.286510E+04  0.285020E+04 -0.203259E-05 -0.205668E-05  0.000000E+00  0.286268E+04  0.286268E+04  0.286268E+04 -0.650283E-04  0.138306E+04  0.138287E+04  0.897931E-05
  0.719306E+01  0.270013E+04  0.268609E+04 -0.179201E-05 -0.181325E-05  0.000000E+00  0.269784E+04  0.269784E+04  0.269784E+04 -0.612840E-04  0.130343E+04  0.130325E+04  0.822336E-05
  0.743687E+01  0.254454E+04  0.253129E+04 -0.157984E-05 -0.159856E-05  0.000000E+00  0.254238E+04  0.254238E+04  0.254238E+04 -0.577525E-04  0.122831E+04  0.122815E+04  0.753295E-05
  0.768894E+01  0.239779E+04  0.238530E+04 -0.139271E-05 -0.140922E-05  0.000000E+00  0.239575E+04  0.239575E+04  0.239575E+04 -0.544217E-04  0.115747E+04  0.115732E+04  0.690234E-05
  0.794956E+01  0.225939E+04  0.224762E+04 -0.122769E-05 -0.124224E-05  0.000000E+00  0.225747E+04  0.225747E+04  0.225747E+04 -0.512805E-04  0.109066E+04  0.109051E+04  0.632633E-05
  0.821901E+01  0.212888E+04  0.211778E+04 -0.108217E-05 -0.109499E-05  0.000000E+00  0.212707E+04  0.212707E+04  0.212707E+04 -0.483183E-04  0.102766E+04  0.102752E+04  0.580018E-05
  0.849759E+01  0.200581E+04  0.199535E+04 -0.953850E-06 -0.965155E-06  0.000000E+00  0.200410E+04  0.200410E+04  0.200410E+04 -0.455250E-04  0.968253E+03  0.968117E+03  0.531953E-05
  0.878562E+01  0.188976E+04  0.187990E+04 -0.840707E-06 -0.850670E-06  0.000000E+00  0.188815E+04  0.188815E+04  0.188815E+04 -0.428911E-04  0.912234E+03  0.912105E+03  0.488040E-05
  0.908341E+01  0.178034E+04  0.177105E+04 -0.740950E-06 -0.749731E-06  0.000000E+00  0.177883E+04  0.177883E+04  0.177883E+04 -0.404077E-04  0.859415E+03  0.859293E+03  0.447918E-05
  0.939129E+01  0.167718E+04  0.166842E+04 -0.653000E-06 -0.660739E-06  0.000000E+00  0.167576E+04  0.167576E+04  0.167576E+04 -0.380663E-04  0.809618E+03  0.809502E+03  0.411257E-05
  0.970961E+01  0.157993E+04  0.157167E+04 -0.575463E-06 -0.582283E-06  0.000000E+00  0.157858E+04  0.157858E+04  0.157858E+04 -0.358590E-04  0.762671E+03  0.762561E+03  0.377753E-05
  0.100387E+02  0.148825E+04  0.148046E+04 -0.507110E-06 -0.513119E-06  0.000000E+00  0.148698E+04  0.148698E+04  0.148698E+04 -0.337781E-04  0.718413E+03  0.718308E+03  0.347133E-05
  0.103790E+02  0.140182E+04  0.139448E+04 -0.446856E-06 -0.452151E-06  0.000000E+00  0.140063E+04  0.140063E+04  0.140063E+04 -0.318165E-04  0.676693E+03  0.676594E+03  0.319143E-05
  0.107308E+02  0.132036E+04  0.131344E+04 -0.393743E-06 -0.398409E-06  0.000000E+00  0.131923E+04  0.131923E+04  0.131923E+04 -0.299675E-04  0.637368E+03  0.637274E+03  0.293555E-05
  0.110945E+02  0.124357E+04  0.123705E+04 -0.346928E-06 -0.351039E-06  0.000000E+00  0.124251E+04  0.124251E+04  0.124251E+04 -0.282247E-04  0.600301E+03  0.600212E+03  0.270158E-05
  0.114706E+02  0.117120E+04  0.116505E+04 -0.305666E-06 -0.309289E-06  0.000000E+00  0.117020E+04  0.117020E+04  0.117020E+04 -0.265822E-04  0.565366E+03  0.565281E+03  0.248762E-05
  0.118593E+02  0.110300E+04  0.109720E+04 -0.269300E-06 -0.272492E-06  0.000000E+00  0.110205E+04  0.110205E+04  0.110205E+04 -0.250341E-04  0.532441E+03  0.532360E+03  0.229192E-05
  0.122613E+02  0.103872E+04  0.103325E+04 -0.237250E-06 -0.240062E-06  0.000000E+00  0.103783E+04  0.103783E+04  0.103783E+04 -0.235752E-04  0.501412E+03  0.501334E+03  0.211289E-05
  0.126769E+02  0.978144E+03  0.972992E+03 -0.209007E-06 -0.211483E-06  0.000000E+00  0.977305E+03  0.977305E+03  0.977305E+03 -0.222004E-04  0.472172E+03  0.472098E+03  0.194907E-05
  0.131066E+02  0.921064E+03  0.916206E+03 -0.184117E-06 -0.186299E-06  0.000000E+00  0.920273E+03  0.920273E+03  0.920273E+03 -0.209048E-04  0.444618E+03  0.444547E+03  0.179914E-05
  0.135509E+02  0.867280E+03  0.862699E+03 -0.162185E-06 -0.164107E-06  0.000000E+00  0.866533E+03  0.866533E+03  0.866533E+03 -0.196841E-04  0.418654E+03  0.418587E+03  0.166188E-05
  0.140102E+02  0.816603E+03  0.812284E+03 -0.142860E-06 -0.144553E-06  0.000000E+00  0.815899E+03  0.815899E+03  0.815899E+03 -0.185339E-04  0.394191E+03  0.394127E+03  0.153620E-05
  0.144850E+02  0.768856E+03  0.764783E+03 -0.125832E-06 -0.127323E-06  0.000000E+00  0.768192E+03  0.768192E+03  0.768192E+03 -0.174502E-04  0.371142E+03  0.371081E+03  0.142107E-05
  0.149760E+02  0.723872E+03  0.720031E+03 -0.110829E-06 -0.112143E-06  0.000000E+00  0.723246E+03  0.723246E+03  0.723246E+03 -0.164292E-04  0.349427E+03  0.349368E+03  0.131560E-05
  0.154836E+02  0.681493E+03  0.677871E+03 -0.976116E-07 -0.987683E-07  0.000000E+00  0.680903E+03  0.680903E+03  0.680903E+03 -0.154673E-04  0.328970E+03  0.328913E+03  0.121893E-05
  0.160084E+02  0.641570E+03  0.638153E+03 -0.859668E-07 -0.869856E-07  0.000000E+00  0.641013E+03  0.641013E+03  0.641013E+03 -0.145612E-04  0.309698E+03  0.309643E+03  0.113030E-05
  0.165511E+02  0.603962E+03  0.600740E+03 -0.757084E-07 -0.766056E-07  0.000000E+00  0.603437E+03  0.603437E+03  0.603437E+03 -0.137076E-04  0.291543E+03  0.291491E+03  0.104901E-05
  0.171121E+02  0.568537E+03  0.565497E+03 -0.666715E-07 -0.674616E-07  0.000000E+00  0.568041E+03  0.568041E+03  0.568041E+03 -0.129036E-04  0.274442E+03  0.274392E+03  0.974432E-06
  0.176921E+02  0.535169E+03  0.532301E+03 -0.587111E-07 -0.594068E-07  0.000000E+00  0.534702E+03  0.534702E+03  0.534702E+03 -0.121462E-04  0.258335E+03  0.258287E+03  0.905975E-06
  0.182917E+02  0.503741E+03  0.501034E+03 -0.516991E-07 -0.523118E-07  0.000000E+00  0.503300E+03  0.503300E+03  0.503300E+03 -0.114329E-04  0.243163E+03  0.243117E+03  0.843113E-06
  0.189117E+02  0.474141E+03  0.471587E+03 -0.455229E-07 -0.460624E-07  0.000000E+00  0.473724E+03  0.473724E+03  0.473724E+03 -0.107611E-04  0.228875E+03  0.228830E+03  0.785361E-06
  0.195528E+02  0.446263E+03  0.443852E+03 -0.400831E-07 -0.405581E-07  0.000000E+00  0.445870E+03  0.445870E+03  0.445870E+03 -0.101283E-04  0.215417E+03  0.215374E+03  0.732279E-06
  0.202155E+02  0.420009E+03  0.417733E+03 -0.352920E-07 -0.357102E-07  0.000000E+00  0.419638E+03  0.419638E+03  0.419638E+03 -0.953246E-05  0.202744E+03  0.202702E+03  0.683464E-06
  0.209007E+02  0.395285E+03  0.393137E+03 -0.310725E-07 -0.314407E-07  0.000000E+00  0.394935E+03  0.394935E+03  0.394935E+03 -0.897131E-05  0.190809E+03  0.190769E+03  0.638549E-06
  0.216091E+02  0.372003E+03  0.369974E+03 -0.273564E-07 -0.276806E-07  0.000000E+00  0.371672E+03  0.371672E+03  0.371672E+03 -0.844288E-05  0.179570E+03  0.179531E+03  0.597199E-06
  0.223416E+02  0.350080E+03  0.348164E+03 -0.240839E-07 -0.243693E-07  0.000000E+00  0.349768E+03  0.349768E+03  0.349768E+03 -0.794529E-05  0.168987E+03  0.168949E+03  0.559108E-06
  0.230989E+02  0.329436E+03  0.327627E+03 -0.212021E-07 -0.214533E-07  0.000000E+00  0.329142E+03  0.329142E+03  0.329142E+03 -0.747675E-05  0.159022E+03  0.158985E+03  0.523998E-06
  0.238818E+02  0.310000E+03  0.308290E+03 -0.186645E-07 -0.188857E-07  0.000000E+00  0.309721E+03  0.309721E+03  0.309721E+03 -0.703560E-05  0.149639E+03  0.149604E+03  0.491613E-06
  0.246913E+02  0.291699E+03  0.290084E+03 -0.164300E-07 -0.166247E-07  0.000000E+00  0.291436E+03  0.291436E+03  0.291436E+03 -0.662024E-05  0.140805E+03  0.140771E+03  0.461723E-06
  0.255282E+02  0.274470E+03  0.272943E+03 -0.144625E-07 -0.146339E-07  0.000000E+00  0.274221E+03  0.274221E+03  0.274221E+03 -0.622918E-05  0.132488E+03  0.132454E+03  0.434115E-06
  0.263935E+02  0.258249E+03  0.256805E+03 -0.127302E-07 -0.128811E-07  0.000000E+00  0.258014E+03  0.258014E+03  0.258014E+03 -0.586102E-05  0.124657E+03  0.124625E+03  0.408596E-06
  0.272881E+02  0.242978E+03  0.241613E+03 -0.112050E-07 -0.113378E-07  0.000000E+00  0.242756E+03  0.242756E+03  0.242756E+03 -0.551442E-05  0.117286E+03  0.117254E+03  0.384989E-06
  0.282130E+02  0.228603E+03  0.227311E+03 -0.986220E-08 -0.997905E-08  0.000000E+00  0.228392E+03  0.228392E+03  0.228392E+03 -0.518814E-05  0.110346E+03  0.110315E+03  0.363134E-06
  0.291693E+02  0.215070E+03  0.213848E+03 -0.868001E-08 -0.878285E-08  0.000000E+00  0.214871E+03  0.214871E+03  0.214871E+03 -0.488099E-05  0.103813E+03  0.103783E+03  0.342885E-06
  0.301580E+02  0.202332E+03  0.201175E+03 -0.763927E-08 -0.772979E-08  0.000000E+00  0.202143E+03  0.202143E+03  0.202143E+03 -0.459187E-05  0.976643E+02  0.976350E+02  0.324105E-06
  0.311802E+02  0.190342E+03  0.189246E+03 -0.672309E-08 -0.680275E-08  0.000000E+00  0.190163E+03  0.190163E+03  0.190163E+03 -0.431973E-05  0.918762E+02  0.918476E+02  0.306675E-06
  0.322370E+02  0.179056E+03  0.178018E+03 -0.591659E-08 -0.598669E-08  0.000000E+00  0.178887E+03  0.178887E+03  0.178887E+03 -0.406358E-05  0.864282E+02  0.864002E+02  0.290481E-06
  0.333297E+02  0.168434E+03  0.167450E+03 -0.520666E-08 -0.526835E-08  0.000000E+00  0.168273E+03  0.168273E+03  0.168273E+03 -0.382248E-05  0.813005E+02  0.812729E+02  0.275421E-06
  0.344594E+02  0.158436E+03  0.157503E+03 -0.458176E-08 -0.463604E-08  0.000000E+00  0.158284E+03  0.158284E+03  0.158284E+03 -0.359557E-05  0.764743E+02  0.764473E+02  0.261404E-06
  0.356274E+02  0.149027E+03  0.148142E+03 -0.403173E-08 -0.407949E-08  0.000000E+00  0.148883E+03  0.148883E+03  0.148883E+03 -0.338201E-05  0.719323E+02  0.719057E+02  0.248343E-06
  0.368350E+02  0.140172E+03  0.139332E+03 -0.354760E-08 -0.358963E-08  0.000000E+00  0.140035E+03  0.140035E+03  0.140035E+03 -0.318102E-05  0.676576E+02  0.676315E+02  0.236161E-06
  0.380836E+02  0.131839E+03  0.131041E+03 -0.312151E-08 -0.315849E-08  0.000000E+00  0.131709E+03  0.131709E+03  0.131709E+03 -0.299188E-05  0.636348E+02  0.636092E+02  0.224787E-06
  0.393744E+02  0.123996E+03  0.123239E+03 -0.274650E-08 -0.277903E-08  0.000000E+00  0.123873E+03  0.123873E+03  0.123873E+03 -0.281389E-05  0.598492E+02  0.598239E+02  0.214156E-06
  0.407090E+02  0.116617E+03  0.115897E+03 -0.241646E-08 -0.244508E-08  0.000000E+00  0.116499E+03  0.116499E+03  0.116499E+03 -0.264639E-05  0.562868E+02  0.562619E+02  0.204210E-06
  0.420889E+02  0.109673E+03  0.108988E+03 -0.212601E-08 -0.215119E-08  0.000000E+00  0.109561E+03  0.109561E+03  0.109561E+03 -0.248878E-05  0.529346E+02  0.529101E+02  0.194893E-06
  0.435155E+02  0.103139E+03  0.102487E+03 -0.187041E-08 -0.189256E-08  0.000000E+00  0.103032E+03  0.103032E+03  0.103032E+03 -0.234048E-05  0.497804E+02  0.497561E+02  0.186156E-06
  0.449904E+02  0.969904E+02  0.963704E+02 -0.164548E-08 -0.166497E-08  0.000000E+00  0.968894E+02  0.968894E+02  0.968894E+02 -0.220093E-05  0.468125E+02  0.467885E+02  0.177955E-06
  0.465154E+02  0.912057E+02  0.906150E+02 -0.144755E-08 -0.146469E-08  0.000000E+00  0.911094E+02  0.911094E+02  0.911094E+02 -0.206963E-05  0.440200E+02  0.439963E+02  0.170247E-06
  0.480920E+02  0.857630E+02  0.851998E+02 -0.127339E-08 -0.128847E-08  0.000000E+00  0.856712E+02  0.856712E+02  0.856712E+02 -0.194610E-05  0.413926E+02  0.413691E+02  0.162996E-06
  0.497221E+02  0.806423E+02  0.801050E+02 -0.112014E-08 -0.113340E-08  0.000000E+00  0.805547E+02  0.805547E+02  0.805547E+02 -0.182987E-05  0.389207E+02  0.388974E+02  0.156165E-06
  0.514074E+02  0.758247E+02  0.753117E+02 -0.985299E-09 -0.996967E-09  0.000000E+00  0.757411E+02  0.757411E+02  0.757411E+02 -0.172053E-05  0.365950E+02  0.365720E+02  0.149724E-06
  0.531499E+02  0.712923E+02  0.708022E+02 -0.866662E-09 -0.876924E-09  0.000000E+00  0.712125E+02  0.712125E+02  0.712125E+02 -0.161766E-05  0.344071E+02  0.343842E+02  0.143644E-06
  0.549514E+02  0.670285E+02  0.665599E+02 -0.762282E-09 -0.771308E-09  0.000000E+00  0.669522E+02  0.669522E+02  0.669522E+02 -0.152088E-05  0.323488E+02  0.323261E+02  0.137897E-06
  0.568140E+02  0.630175E+02  0.625690E+02 -0.670449E-09 -0.678387E-09  0.000000E+00  0.629444E+02  0.629444E+02  0.629444E+02 -0.142984E-05  0.304125E+02  0.303900E+02  0.132460E-06
  0.587397E+02  0.592443E+02  0.588148E+02 -0.589659E-09 -0.596640E-09  0.000000E+00  0.591743E+02  0.591743E+02  0.591743E+02 -0.134420E-05  0.285911E+02  0.285687E+02  0.127310E-06
  0.607307E+02  0.556950E+02  0.552832E+02 -0.518585E-09 -0.524724E-09  0.000000E+00  0.556279E+02  0.556279E+02  0.556279E+02 -0.126364E-05  0.268777E+02  0.268554E+02  0.122426E-06
  0.627892E+02  0.523563E+02  0.519613E+02 -0.456060E-09 -0.461459E-09  0.000000E+00  0.522919E+02  0.522919E+02  0.522919E+02 -0.118786E-05  0.252660E+02  0.252438E+02  0.117791E-06
  0.649174E+02  0.492159E+02  0.488366E+02 -0.401059E-09 -0.405807E-09  0.000000E+00  0.491541E+02  0.491541E+02  0.491541E+02 -0.111658E-05  0.237500E+02  0.237279E+02  0.113386E-06
  0.671178E+02  0.462621E+02  0.458975E+02 -0.352678E-09 -0.356852E-09  0.000000E+00  0.462027E+02  0.462027E+02  0.462027E+02 -0.104954E-05  0.223241E+02  0.223021E+02  0.109196E-06
  0.693928E+02  0.434839E+02  0.431331E+02 -0.310121E-09 -0.313791E-09  0.000000E+00  0.434267E+02  0.434267E+02  0.434267E+02 -0.986477E-06  0.209829E+02  0.209610E+02  0.105206E-06
  0.717449E+02  0.408708E+02  0.405330E+02 -0.272689E-09 -0.275915E-09  0.000000E+00  0.408158E+02  0.408158E+02  0.408158E+02 -0.927168E-06  0.197215E+02  0.196997E+02  0.101403E-06
  0.741767E+02  0.384132E+02  0.380876E+02 -0.239765E-09 -0.242601E-09  0.000000E+00  0.383602E+02  0.383602E+02  0.383602E+02 -0.871386E-06  0.185351E+02  0.185133E+02  0.977749E-07
  0.766909E+02  0.361019E+02  0.357877E+02 -0.210807E-09 -0.213301E-09  0.000000E+00  0.360507E+02  0.360507E+02  0.360507E+02 -0.818924E-06  0.174193E+02  0.173976E+02  0.943095E-07
  0.792903E+02  0.339282E+02  0.336247E+02 -0.185339E-09 -0.187531E-09  0.000000E+00  0.338787E+02  0.338787E+02  0.338787E+02 -0.769586E-06  0.163700E+02  0.163483E+02  0.909969E-07
  0.819779E+02  0.318839E+02  0.315905E+02 -0.162941E-09 -0.164868E-09  0.000000E+00  0.318361E+02  0.318361E+02  0.318361E+02 -0.723186E-06  0.153831E+02  0.153615E+02  0.878274E-07
  0.847565E+02  0.299615E+02  0.296775E+02 -0.143243E-09 -0.144937E-09  0.000000E+00  0.299152E+02  0.299152E+02  0.299152E+02 -0.679551E-06  0.144551E+02  0.144335E+02  0.847921E-07
  0.876294E+02  0.281536E+02  0.278786E+02 -0.125920E-09 -0.127409E-09  0.000000E+00  0.281088E+02  0.281088E+02  0.281088E+02 -0.638518E-06  0.135823E+02  0.135608E+02  0.818828E-07
  0.905996E+02  0.264536E+02  0.261869E+02 -0.110688E-09 -0.111996E-09  0.000000E+00  0.264102E+02  0.264102E+02  0.264102E+02 -0.599931E-06  0.127617E+02  0.127402E+02  0.790919E-07
  0.936705E+02  0.248550E+02  0.245961E+02 -0.972929E-10 -0.984430E-10  0.000000E+00  0.248128E+02  0.248128E+02  0.248128E+02 -0.563647E-06  0.119900E+02  0.119685E+02  0.764125E-07
  0.968454E+02  0.233519E+02  0.231003E+02 -0.855149E-10 -0.865256E-10  0.000000E+00  0.233109E+02  0.233109E+02  0.233109E+02 -0.529528E-06  0.112643E+02  0.112429E+02  0.738381E-07
  0.100128E+03  0.219385E+02  0.216937E+02 -0.751588E-10 -0.760469E-10  0.000000E+00  0.218986E+02  0.218986E+02  0.218986E+02 -0.497446E-06  0.105820E+02  0.105606E+02  0.713626E-07
  0.103522E+03  0.206095E+02  0.203712E+02 -0.660533E-10 -0.668337E-10  0.000000E+00  0.205707E+02  0.205707E+02  0.205707E+02 -0.467281E-06  0.994043E+01  0.991902E+01  0.689806E-07
  0.107031E+03  0.193599E+02  0.191277E+02 -0.580478E-10 -0.587334E-10  0.000000E+00  0.193221E+02  0.193221E+02  0.193221E+02 -0.438919E-06  0.933721E+01  0.931581E+01  0.666868E-07
  0.110659E+03  0.181851E+02  0.179585E+02 -0.510096E-10 -0.516120E-10  0.000000E+00  0.181481E+02  0.181481E+02  0.181481E+02 -0.412252E-06  0.877005E+01  0.874866E+01  0.644764E-07
  0.114409E+03  0.170805E+02  0.168593E+02 -0.448221E-10 -0.453513E-10  0.000000E+00  0.170444E+02  0.170444E+02  0.170444E+02 -0.387180E-06  0.823680E+01  0.821542E+01  0.623451E-07
  0.118287E+03  0.160420E+02  0.158258E+02 -0.393828E-10 -0.398476E-10  0.000000E+00  0.160067E+02  0.160067E+02  0.160067E+02 -0.363608E-06  0.773547E+01  0.771409E+01  0.602887E-07
  0.122297E+03  0.150656E+02  0.148542E+02 -0.346013E-10 -0.350096E-10  0.000000E+00  0.150312E+02  0.150312E+02  0.150312E+02 -0.341447E-06  0.726414E+01  0.724277E+01  0.583033E-07
  0.126442E+03  0.141478E+02  0.139408E+02 -0.303984E-10 -0.307569E-10  0.000000E+00  0.141140E+02  0.141140E+02  0.141140E+02 -0.320613E-06  0.682104E+01  0.679966E+01  0.563852E-07
  0.130728E+03  0.132849E+02  0.130820E+02 -0.267041E-10 -0.270190E-10  0.000000E+00  0.132518E+02  0.132518E+02  0.132518E+02 -0.301027E-06  0.640448E+01  0.638311E+01  0.545313E-07
  0.135159E+03  0.124737E+02  0.122748E+02 -0.234571E-10 -0.237336E-10  0.000000E+00  0.124413E+02  0.124413E+02  0.124413E+02 -0.282615E-06  0.601289E+01  0.599152E+01  0.527383E-07
  0.139740E+03  0.117112E+02  0.115160E+02 -0.206034E-10 -0.208462E-10  0.000000E+00  0.116794E+02  0.116794E+02  0.116794E+02 -0.265307E-06  0.564477E+01  0.562341E+01  0.510033E-07
  0.144476E+03  0.109944E+02  0.108027E+02 -0.180954E-10 -0.183086E-10  0.000000E+00  0.109631E+02  0.109631E+02  0.109631E+02 -0.249037E-06  0.529874E+01  0.527738E+01  0.493235E-07
  0.149373E+03  0.103206E+02  0.101322E+02 -0.158915E-10 -0.160786E-10  0.000000E+00  0.102899E+02  0.102899E+02  0.102899E+02 -0.233744E-06  0.497348E+01  0.495212E+01  0.476965E-07
  0.154437E+03  0.968725E+01  0.950203E+01 -0.139548E-10 -0.141190E-10  0.000000E+00  0.965706E+01  0.965706E+01  0.965706E+01 -0.219369E-06  0.466775E+01  0.464639E+01  0.461197E-07
  0.159671E+03  0.909196E+01  0.890971E+01 -0.122530E-10 -0.123972E-10  0.000000E+00  0.906226E+01  0.906226E+01  0.906226E+01 -0.205858E-06  0.438038E+01  0.435903E+01  0.445911E-07
  0.165083E+03  0.853245E+01  0.835302E+01 -0.107578E-10 -0.108843E-10  0.000000E+00  0.850321E+01  0.850321E+01  0.850321E+01 -0.193158E-06  0.411028E+01  0.408895E+01  0.431083E-07
  0.170679E+03  0.800659E+01  0.782984E+01 -0.944416E-11 -0.955516E-11  0.000000E+00  0.797778E+01  0.797778E+01  0.797778E+01 -0.181223E-06  0.385643E+01  0.383511E+01  0.416695E-07
  0.176464E+03  0.751236E+01  0.733817E+01 -0.829009E-11 -0.838747E-11  0.000000E+00  0.748397E+01  0.748397E+01  0.748397E+01 -0.170005E-06  0.361786E+01  0.359655E+01  0.402728E-07
  0.182445E+03  0.704788E+01  0.687614E+01 -0.727628E-11 -0.736170E-11  0.000000E+00  0.701990E+01  0.701990E+01  0.701990E+01 -0.159463E-06  0.339364E+01  0.337236E+01  0.389165E-07
  0.188629E+03  0.661138E+01  0.644199E+01 -0.638576E-11 -0.646068E-11  0.000000E+00  0.658378E+01  0.658378E+01  0.658378E+01 -0.149557E-06  0.318294E+01  0.316168E+01  0.375988E-07
  0.195023E+03  0.620119E+01  0.603406E+01 -0.560359E-11 -0.566929E-11  0.000000E+00  0.617396E+01  0.617396E+01  0.617396E+01 -0.140247E-06  0.298494E+01  0.296370E+01  0.363184E-07
  0.201633E+03  0.581575E+01  0.565079E+01 -0.491665E-11 -0.497425E-11  0.000000E+00  0.578886E+01  0.578886E+01  0.578886E+01 -0.131499E-06  0.279888E+01  0.277768E+01  0.350736E-07
  0.208467E+03  0.545356E+01  0.529072E+01 -0.431338E-11 -0.436388E-11  0.000000E+00  0.542703E+01  0.542703E+01  0.542703E+01 -0.123280E-06  0.262407E+01  0.260290E+01  0.338632E-07
  0.215533E+03  0.511326E+01  0.495247E+01 -0.378366E-11 -0.382792E-11  0.000000E+00  0.508706E+01  0.508706E+01  0.508706E+01 -0.115557E-06  0.245981E+01  0.243869E+01  0.326859E-07
  0.222839E+03  0.479353E+01  0.463475E+01 -0.331854E-11 -0.335733E-11  0.000000E+00  0.476766E+01  0.476766E+01  0.476766E+01 -0.108302E-06  0.230549E+01  0.228442E+01  0.315405E-07
  0.230392E+03  0.449316E+01  0.433633E+01 -0.291020E-11 -0.294419E-11  0.000000E+00  0.446760E+01  0.446760E+01  0.446760E+01 -0.101486E-06  0.216052E+01  0.213950E+01  0.304259E-07
  0.238201E+03  0.421098E+01  0.405608E+01 -0.255174E-11 -0.258151E-11  0.000000E+00  0.418573E+01  0.418573E+01  0.418573E+01 -0.950828E-07  0.202433E+01  0.200338E+01  0.293410E-07
  0.246275E+03  0.394591E+01  0.379292E+01 -0.223710E-11 -0.226317E-11  0.000000E+00  0.392098E+01  0.392098E+01  0.392098E+01 -0.890686E-07  0.189641E+01  0.187553E+01  0.282850E-07
  0.254623E+03  0.369694E+01  0.354585E+01 -0.196095E-11 -0.198378E-11  0.000000E+00  0.367231E+01  0.367231E+01  0.367231E+01 -0.834200E-07  0.177627E+01  0.175546E+01  0.272568E-07
  0.263253E+03  0.346310E+01  0.331390E+01 -0.171862E-11 -0.173860E-11  0.000000E+00  0.343879E+01  0.343879E+01  0.343879E+01 -0.781152E-07  0.166343E+01  0.164271E+01  0.262556E-07
  0.272176E+03  0.324351E+01  0.309619E+01 -0.150598E-11 -0.152348E-11  0.000000E+00  0.321950E+01  0.321950E+01  0.321950E+01 -0.731338E-07  0.155748E+01  0.153685E+01  0.252808E-07
  0.281402E+03  0.303730E+01  0.289187E+01 -0.131944E-11 -0.133474E-11  0.000000E+00  0.301360E+01  0.301360E+01  0.301360E+01 -0.684567E-07  0.145799E+01  0.143746E+01  0.243315E-07
  0.290940E+03  0.284369E+01  0.270017E+01 -0.115580E-11 -0.116918E-11  0.000000E+00  0.282030E+01  0.282030E+01  0.282030E+01 -0.640657E-07  0.136459E+01  0.134417E+01  0.234072E-07
  0.300801E+03  0.266193E+01  0.252034E+01 -0.101227E-11 -0.102398E-11  0.000000E+00  0.263885E+01  0.263885E+01  0.263885E+01 -0.599440E-07  0.127691E+01  0.125662E+01  0.225073E-07
  0.310997E+03  0.249131E+01  0.235167E+01 -0.886409E-12 -0.896647E-12  0.000000E+00  0.246856E+01  0.246856E+01  0.246856E+01 -0.560755E-07  0.119462E+01  0.117445E+01  0.216312E-07
  0.321538E+03  0.233118E+01  0.219353E+01 -0.776053E-12 -0.785002E-12  0.000000E+00  0.230875E+01  0.230875E+01  0.230875E+01 -0.524454E-07  0.111740E+01  0.109737E+01  0.207784E-07
  0.332437E+03  0.218092E+01  0.204528E+01 -0.679309E-12 -0.687129E-12  0.000000E+00  0.215881E+01  0.215881E+01  0.215881E+01 -0.490395E-07  0.104494E+01  0.102506E+01  0.199487E-07
  0.343705E+03  0.203994E+01  0.190635E+01 -0.594514E-12 -0.601346E-12  0.000000E+00  0.201817E+01  0.201817E+01  0.201817E+01 -0.458445E-07  0.976974E+00  0.957250E+00  0.191415E-07
  0.355355E+03  0.190768E+01  0.177620E+01 -0.520204E-12 -0.526171E-12  0.000000E+00  0.188626E+01  0.188626E+01  0.188626E+01 -0.428481E-07  0.913225E+00  0.893669E+00  0.183566E-07
  0.367399E+03  0.178365E+01  0.165431E+01 -0.455097E-12 -0.460307E-12  0.000000E+00  0.176257E+01  0.176257E+01  0.176257E+01 -0.400384E-07  0.853448E+00  0.834070E+00  0.175938E-07
  0.379853E+03  0.166734E+01  0.154020E+01 -0.398064E-12 -0.402612E-12  0.000000E+00  0.164663E+01  0.164663E+01  0.164663E+01 -0.374046E-07  0.797409E+00  0.778218E+00  0.168527E-07
  0.392728E+03  0.155832E+01  0.143342E+01 -0.348114E-12 -0.352082E-12  0.000000E+00  0.153796E+01  0.153796E+01  0.153796E+01 -0.349362E-07  0.744888E+00  0.725893E+00  0.161332E-07
  0.406039E+03  0.145613E+01  0.133352E+01 -0.304377E-12 -0.307838E-12  0.000000E+00  0.143615E+01  0.143615E+01  0.143615E+01 -0.326235E-07  0.695676E+00  0.676887E+00  0.154352E-07
  0.419802E+03  0.136039E+01  0.124012E+01 -0.266088E-12 -0.269107E-12  0.000000E+00  0.134079E+01  0.134079E+01  0.134079E+01 -0.304572E-07  0.649579E+00  0.631005E+00  0.147585E-07
  0.434031E+03  0.127070E+01  0.115283E+01 -0.232577E-12 -0.235209E-12  0.000000E+00  0.125149E+01  0.125149E+01  0.125149E+01 -0.284288E-07  0.606413E+00  0.588062E+00  0.141031E-07
  0.448743E+03  0.118672E+01  0.107128E+01 -0.203253E-12 -0.205547E-12  0.000000E+00  0.116791E+01  0.116791E+01  0.116791E+01 -0.265301E-07  0.566003E+00  0.547884E+00  0.134688E-07
  0.463953E+03  0.110810E+01  0.995145E+00 -0.177601E-12 -0.179599E-12  0.000000E+00  0.108969E+01  0.108969E+01  0.108969E+01 -0.247534E-07  0.528188E+00  0.510307E+00  0.128557E-07
  0.479679E+03  0.103452E+01  0.924093E+00 -0.155164E-12 -0.156905E-12  0.000000E+00  0.101653E+01  0.101653E+01  0.101653E+01 -0.230914E-07  0.492813E+00  0.475177E+00  0.122635E-07
  0.495937E+03  0.965695E+00  0.857822E+00 -0.135546E-12 -0.137062E-12  0.000000E+00  0.948116E+00  0.948116E+00  0.948116E+00 -0.215373E-07  0.459732E+00  0.442348E+00  0.116922E-07
  0.512747E+03  0.901326E+00  0.796041E+00 -0.118395E-12 -0.119715E-12  0.000000E+00  0.884168E+00  0.884168E+00  0.884168E+00 -0.200847E-07  0.428807E+00  0.411680E+00  0.111418E-07
  0.530127E+03  0.841149E+00  0.738477E+00 -0.103405E-12 -0.104555E-12  0.000000E+00  0.824417E+00  0.824417E+00  0.824417E+00 -0.187274E-07  0.399910E+00  0.383045E+00  0.106121E-07
  0.548096E+03  0.784912E+00  0.684870E+00 -0.903071E-13 -0.913072E-13  0.000000E+00  0.768609E+00  0.768609E+00  0.768609E+00 -0.174597E-07  0.372918E+00  0.356317E+00  0.101030E-07
  0.566673E+03  0.732375E+00  0.634972E+00 -0.788640E-13 -0.797341E-13  0.000000E+00  0.716502E+00  0.716502E+00  0.716502E+00 -0.162760E-07  0.347713E+00  0.331380E+00  0.961421E-08
  0.585881E+03  0.683312E+00  0.588550E+00 -0.688689E-13 -0.696257E-13  0.000000E+00  0.667869E+00  0.667869E+00  0.667869E+00 -0.151713E-07  0.324186E+00  0.308123E+00  0.914555E-08
  0.605739E+03  0.637506E+00  0.545380E+00 -0.601400E-13 -0.607982E-13  0.000000E+00  0.622493E+00  0.622493E+00  0.622493E+00 -0.141405E-07  0.302234E+00  0.286441E+00  0.869669E-08
  0.626271E+03  0.594757E+00  0.505251E+00 -0.525181E-13 -0.530904E-13  0.000000E+00  0.580171E+00  0.580171E+00  0.580171E+00 -0.131791E-07  0.281756E+00  0.266234E+00  0.826726E-08
  0.647498E+03  0.554870E+00  0.467961E+00 -0.458637E-13 -0.463612E-13  0.000000E+00  0.540707E+00  0.540707E+00  0.540707E+00 -0.122827E-07  0.262659E+00  0.247408E+00  0.785681E-08
  0.669445E+03  0.517663E+00  0.433322E+00 -0.400545E-13 -0.404870E-13  0.000000E+00  0.503918E+00  0.503918E+00  0.503918E+00 -0.114470E-07  0.244856E+00  0.229874E+00  0.746484E-08
  0.692136E+03  0.482964E+00  0.401152E+00 -0.349836E-13 -0.353595E-13  0.000000E+00  0.469631E+00  0.469631E+00  0.469631E+00 -0.106681E-07  0.228261E+00  0.213548E+00  0.709077E-08
  0.715596E+03  0.450608E+00  0.371283E+00 -0.305573E-13 -0.308839E-13  0.000000E+00  0.437681E+00  0.437681E+00  0.437681E+00 -0.994233E-08  0.212795E+00  0.198349E+00  0.673396E-08
  0.739852E+03  0.420442E+00  0.343554E+00 -0.266937E-13 -0.269774E-13  0.000000E+00  0.407912E+00  0.407912E+00  0.407912E+00 -0.926610E-08  0.198384E+00  0.184203E+00  0.639372E-08
  0.764929E+03  0.392320E+00  0.317815E+00 -0.233210E-13 -0.235675E-13  0.000000E+00  0.380178E+00  0.380178E+00  0.380178E+00 -0.863609E-08  0.184956E+00  0.171038E+00  0.606932E-08
  0.790856E+03  0.366103E+00  0.293925E+00 -0.203769E-13 -0.205909E-13  0.000000E+00  0.354340E+00  0.354340E+00  0.354340E+00 -0.804917E-08  0.172445E+00  0.158788E+00  0.576000E-08
  0.817663E+03  0.341662E+00  0.271754E+00 -0.178065E-13 -0.179924E-13  0.000000E+00  0.330269E+00  0.330269E+00  0.330269E+00 -0.750237E-08  0.160787E+00  0.147391E+00  0.546499E-08
  0.845377E+03  0.318875E+00  0.251181E+00 -0.155622E-13 -0.157236E-13  0.000000E+00  0.307844E+00  0.307844E+00  0.307844E+00 -0.699295E-08  0.149925E+00  0.136788E+00  0.518354E-08
  0.874031E+03  0.297630E+00  0.232091E+00 -0.136024E-13 -0.137425E-13  0.000000E+00  0.286950E+00  0.286950E+00  0.286950E+00 -0.651832E-08  0.139803E+00  0.126925E+00  0.491492E-08
  0.903657E+03  0.277819E+00  0.214383E+00 -0.118907E-13 -0.120123E-13  0.000000E+00  0.267481E+00  0.267481E+00  0.267481E+00 -0.607608E-08  0.130370E+00  0.117750E+00  0.465846E-08
  0.934286E+03  0.259343E+00  0.197958E+00 -0.103956E-13 -0.105011E-13  0.000000E+00  0.249340E+00  0.249340E+00  0.249340E+00 -0.566399E-08  0.121578E+00  0.109216E+00  0.441353E-08
  0.965954E+03  0.242112E+00  0.182730E+00 -0.908944E-14 -0.918095E-14  0.000000E+00  0.232435E+00  0.232435E+00  0.232435E+00 -0.527997E-08  0.113384E+00  0.101280E+00  0.417960E-08
  0.998695E+03  0.226038E+00  0.168615E+00 -0.794822E-14 -0.802760E-14  0.000000E+00  0.216680E+00  0.216680E+00  0.216680E+00 -0.492210E-08  0.105746E+00  0.939008E-01  0.395620E-08
  0.103255E+04  0.211045E+00  0.155537E+00 -0.695102E-14 -0.701986E-14  0.000000E+00  0.201999E+00  0.201999E+00  0.201999E+00 -0.458859E-08  0.986259E-01  0.870396E-01  0.374293E-08
  0.106754E+04  0.197058E+00  0.143427E+00 -0.607959E-14 -0.613927E-14  0.000000E+00  0.188318E+00  0.188318E+00  0.188318E+00 -0.427781E-08  0.919893E-01  0.806615E-01  0.353948E-08
  0.110373E+04  0.184009E+00  0.132217E+00 -0.531802E-14 -0.536974E-14  0.000000E+00  0.175569E+00  0.175569E+00  0.175569E+00 -0.398821E-08  0.858035E-01  0.747335E-01  0.334555E-08
  0.114114E+04  0.171837E+00  0.121844E+00 -0.465242E-14 -0.469724E-14  0.000000E+00  0.163690E+00  0.163690E+00  0.163690E+00 -0.371837E-08  0.800382E-01  0.692246E-01  0.316089E-08
  0.117982E+04  0.160483E+00  0.112249E+00 -0.407066E-14 -0.410949E-14  0.000000E+00  0.152623E+00  0.152623E+00  0.152623E+00 -0.346696E-08  0.746650E-01  0.641062E-01  0.298523E-08
  0.121981E+04  0.149891E+00  0.103377E+00 -0.356217E-14 -0.359580E-14  0.000000E+00  0.142311E+00  0.142311E+00  0.142311E+00 -0.323273E-08  0.696576E-01  0.593514E-01  0.281830E-08
  0.126115E+04  0.140012E+00  0.951744E-01 -0.311767E-14 -0.314679E-14  0.000000E+00  0.132705E+00  0.132705E+00  0.132705E+00 -0.301451E-08  0.649912E-01  0.549349E-01  0.265978E-08
  0.130390E+04  0.130796E+00  0.875910E-01 -0.272907E-14 -0.275428E-14  0.000000E+00  0.123755E+00  0.123755E+00  0.123755E+00 -0.281121E-08  0.606424E-01  0.508334E-01  0.250933E-08
  0.134810E+04  0.122199E+00  0.805810E-01 -0.238929E-14 -0.241111E-14  0.000000E+00  0.115417E+00  0.115417E+00  0.115417E+00 -0.262180E-08  0.565894E-01  0.470250E-01  0.236654E-08
  0.139379E+04  0.114179E+00  0.741015E-01 -0.209215E-14 -0.211103E-14  0.000000E+00  0.107648E+00  0.107648E+00  0.107648E+00 -0.244531E-08  0.528117E-01  0.434894E-01  0.223102E-08
  0.144103E+04  0.106695E+00  0.681137E-01 -0.183224E-14 -0.184857E-14  0.000000E+00  0.100408E+00  0.100408E+00  0.100408E+00 -0.228085E-08  0.492902E-01  0.402078E-01  0.210235E-08
  0.148988E+04  0.997109E-01  0.625821E-01 -0.160485E-14 -0.161897E-14  0.000000E+00  0.936603E-01  0.936603E-01  0.936603E-01 -0.212758E-08  0.460070E-01  0.371626E-01  0.198015E-08
  0.154038E+04  0.931923E-01  0.574744E-01 -0.140587E-14 -0.141807E-14  0.000000E+00  0.873716E-01  0.873716E-01  0.873716E-01 -0.198473E-08  0.429457E-01  0.343375E-01  0.186409E-08
  0.159259E+04  0.871073E-01  0.527609E-01 -0.123172E-14 -0.124227E-14  0.000000E+00  0.815101E-01  0.815101E-01  0.815101E-01 -0.185158E-08  0.400911E-01  0.317171E-01  0.175391E-08
  0.164657E+04  0.814265E-01  0.484139E-01 -0.107929E-14 -0.108839E-14  0.000000E+00  0.760466E-01  0.760466E-01  0.760466E-01 -0.172747E-08  0.374291E-01  0.292872E-01  0.164939E-08
  0.170238E+04  0.761227E-01  0.444070E-01 -0.945841E-15 -0.953706E-15  0.000000E+00  0.709542E-01  0.709542E-01  0.709542E-01 -0.161179E-08  0.349467E-01  0.270344E-01  0.155034E-08
  0.176008E+04  0.711708E-01  0.407150E-01 -0.829012E-15 -0.835802E-15  0.000000E+00  0.662076E-01  0.662076E-01  0.662076E-01 -0.150397E-08  0.326318E-01  0.249460E-01  0.145658E-08
  0.181974E+04  0.665472E-01  0.373140E-01 -0.726721E-15 -0.732579E-15  0.000000E+00  0.617832E-01  0.617832E-01  0.617832E-01 -0.140346E-08  0.304730E-01  0.230104E-01  0.136792E-08
  0.188142E+04  0.622299E-01  0.341812E-01 -0.637146E-15 -0.642200E-15  0.000000E+00  0.576590E-01  0.576590E-01  0.576590E-01 -0.130978E-08  0.284596E-01  0.212167E-01  0.128411E-08
  0.194519E+04  0.581982E-01  0.312958E-01 -0.558694E-15 -0.563051E-15  0.000000E+00  0.538141E-01  0.538141E-01  0.538141E-01 -0.122244E-08  0.265816E-01  0.195552E-01  0.120489E-08
  0.201113E+04  0.544328E-01  0.286390E-01 -0.489968E-15 -0.493724E-15  0.000000E+00  0.502293E-01  0.502293E-01  0.502293E-01 -0.114101E-08  0.248298E-01  0.180167E-01  0.113000E-08
  0.207929E+04  0.509154E-01  0.261940E-01 -0.429750E-15 -0.432986E-15  0.000000E+00  0.468867E-01  0.468867E-01  0.468867E-01 -0.106508E-08  0.231953E-01  0.165928E-01  0.105919E-08
  0.214977E+04  0.476293E-01  0.239458E-01 -0.376976E-15 -0.379763E-15  0.000000E+00  0.437698E-01  0.437698E-01  0.437698E-01 -0.994271E-09  0.216702E-01  0.152753E-01  0.992256E-09
  0.222264E+04  0.445590E-01  0.218800E-01 -0.330720E-15 -0.333119E-15  0.000000E+00  0.408632E-01  0.408632E-01  0.408632E-01 -0.928245E-09  0.202472E-01  0.140567E-01  0.929044E-09
  0.229797E+04  0.416901E-01  0.199830E-01 -0.290173E-15 -0.292237E-15  0.000000E+00  0.381527E-01  0.381527E-01  0.381527E-01 -0.866673E-09  0.189193E-01  0.129297E-01  0.869418E-09
  0.237586E+04  0.390093E-01  0.182415E-01 -0.254628E-15 -0.256404E-15  0.000000E+00  0.356249E-01  0.356249E-01  0.356249E-01 -0.809253E-09  0.176801E-01  0.118877E-01  0.813236E-09
  0.245639E+04  0.365040E-01  0.166429E-01 -0.223465E-15 -0.224991E-15  0.000000E+00  0.332674E-01  0.332674E-01  0.332674E-01 -0.755699E-09  0.165236E-01  0.109245E-01  0.760328E-09
  0.253965E+04  0.341625E-01  0.151757E-01 -0.196138E-15 -0.197450E-15  0.000000E+00  0.310684E-01  0.310684E-01  0.310684E-01 -0.705747E-09  0.154442E-01  0.100346E-01  0.710501E-09
  0.262574E+04  0.319738E-01  0.138299E-01 -0.172171E-15 -0.173297E-15  0.000000E+00  0.290170E-01  0.290170E-01  0.290170E-01 -0.659149E-09  0.144365E-01  0.921302E-02  0.663570E-09
  0.271474E+04  0.299277E-01  0.125965E-01 -0.151146E-15 -0.152113E-15  0.000000E+00  0.271033E-01  0.271033E-01  0.271033E-01 -0.615677E-09  0.134957E-01  0.845483E-02  0.619380E-09
  0.280675E+04  0.280146E-01  0.114672E-01 -0.132700E-15 -0.133530E-15  0.000000E+00  0.253180E-01  0.253180E-01  0.253180E-01 -0.575122E-09  0.126174E-01  0.775538E-02  0.577815E-09
  0.290189E+04  0.262258E-01  0.104338E-01 -0.116516E-15 -0.117228E-15  0.000000E+00  0.236523E-01  0.236523E-01  0.236523E-01 -0.537284E-09  0.117972E-01  0.711018E-02  0.538765E-09
  0.300025E+04  0.245532E-01  0.948805E-02 -0.102315E-15 -0.102926E-15  0.000000E+00  0.220981E-01  0.220981E-01  0.220981E-01 -0.501980E-09  0.110315E-01  0.651523E-02  0.502108E-09
  0.310194E+04  0.229890E-01  0.862283E-02 -0.898536E-16 -0.903764E-16  0.000000E+00  0.206478E-01  0.206478E-01  0.206478E-01 -0.469034E-09  0.103163E-01  0.596695E-02  0.467700E-09
  0.320708E+04  0.215260E-01  0.783182E-02 -0.789154E-16 -0.793631E-16  0.000000E+00  0.192943E-01  0.192943E-01  0.192943E-01 -0.438288E-09  0.964829E-02  0.546209E-02  0.435401E-09
  0.331578E+04  0.201575E-01  0.710940E-02 -0.693132E-16 -0.696965E-16  0.000000E+00  0.180311E-01  0.180311E-01  0.180311E-01 -0.409593E-09  0.902433E-02  0.499743E-02  0.405102E-09
  0.342817E+04  0.188773E-01  0.645012E-02 -0.608834E-16 -0.612112E-16  0.000000E+00  0.168521E-01  0.168521E-01  0.168521E-01 -0.382811E-09  0.844146E-02  0.456985E-02  0.376711E-09
  0.354437E+04  0.176796E-01  0.584859E-02 -0.534824E-16 -0.537628E-16  0.000000E+00  0.157516E-01  0.157516E-01  0.157516E-01 -0.357812E-09  0.789694E-02  0.417649E-02  0.350135E-09
  0.366451E+04  0.165590E-01  0.529986E-02 -0.469842E-16 -0.472237E-16  0.000000E+00  0.147242E-01  0.147242E-01  0.147242E-01 -0.334474E-09  0.738817E-02  0.381487E-02  0.325261E-09
  0.378872E+04  0.155105E-01  0.479970E-02 -0.412775E-16 -0.414821E-16  0.000000E+00  0.137650E-01  0.137650E-01  0.137650E-01 -0.312685E-09  0.691274E-02  0.348273E-02  0.301983E-09
  0.391714E+04  0.145292E-01  0.434430E-02 -0.362655E-16 -0.364401E-16  0.000000E+00  0.128695E-01  0.128695E-01  0.128695E-01 -0.292342E-09  0.646845E-02  0.317779E-02  0.280217E-09
  0.404991E+04  0.136109E-01  0.392986E-02 -0.318635E-16 -0.320125E-16  0.000000E+00  0.120333E-01  0.120333E-01  0.120333E-01 -0.273346E-09  0.605322E-02  0.289785E-02  0.259887E-09
  0.418718E+04  0.127514E-01  0.355276E-02 -0.279972E-16 -0.281242E-16  0.000000E+00  0.112523E-01  0.112523E-01  0.112523E-01 -0.255607E-09  0.566511E-02  0.264103E-02  0.240908E-09
  0.432911E+04  0.119468E-01  0.320986E-02 -0.246008E-16 -0.247090E-16  0.000000E+00  0.105230E-01  0.105230E-01  0.105230E-01 -0.239040E-09  0.530230E-02  0.240565E-02  0.223191E-09
  0.447584E+04  0.111937E-01  0.289840E-02 -0.216169E-16 -0.217091E-16  0.000000E+00  0.984184E-02  0.984184E-02  0.984184E-02 -0.223566E-09  0.496312E-02  0.219002E-02  0.206666E-09
  0.462755E+04  0.104886E-01  0.261564E-02 -0.189956E-16 -0.190740E-16  0.000000E+00  0.920556E-02  0.920556E-02  0.920556E-02 -0.209113E-09  0.464600E-02  0.199252E-02  0.191269E-09
  0.478440E+04  0.982837E-02  0.235898E-02 -0.166925E-16 -0.167592E-16  0.000000E+00  0.861114E-02  0.861114E-02  0.861114E-02 -0.195610E-09  0.434948E-02  0.181176E-02  0.176928E-09
  0.494657E+04  0.921022E-02  0.212625E-02 -0.146688E-16 -0.147256E-16  0.000000E+00  0.805579E-02  0.805579E-02  0.805579E-02 -0.182995E-09  0.407218E-02  0.164648E-02  0.163574E-09
  0.511423E+04  0.863136E-02  0.191538E-02 -0.128907E-16 -0.129389E-16  0.000000E+00  0.753691E-02  0.753691E-02  0.753691E-02 -0.171208E-09  0.381284E-02  0.149538E-02  0.151151E-09
  0.528758E+04  0.808927E-02  0.172437E-02 -0.113283E-16 -0.113692E-16  0.000000E+00  0.705203E-02  0.705203E-02  0.705203E-02 -0.160193E-09  0.357028E-02  0.135732E-02  0.139603E-09
  0.546681E+04  0.758157E-02  0.155147E-02 -0.995524E-17 -0.998998E-17  0.000000E+00  0.659889E-02  0.659889E-02  0.659889E-02 -0.149900E-09  0.334338E-02  0.123131E-02  0.128871E-09
  0.565210E+04  0.710605E-02  0.139512E-02 -0.874864E-17 -0.877811E-17  0.000000E+00  0.617538E-02  0.617538E-02  0.617538E-02 -0.140279E-09  0.313112E-02  0.111633E-02  0.118904E-09
  0.584368E+04  0.666063E-02  0.125377E-02 -0.768831E-17 -0.771328E-17  0.000000E+00  0.577951E-02  0.577951E-02  0.577951E-02 -0.131287E-09  0.293253E-02  0.101147E-02  0.109656E-09
  0.604175E+04  0.624339E-02  0.112607E-02 -0.675645E-17 -0.677760E-17  0.000000E+00  0.540945E-02  0.540945E-02  0.540945E-02 -0.122881E-09  0.274671E-02  0.915936E-03  0.101077E-09
  0.624654E+04  0.585250E-02  0.101081E-02 -0.593749E-17 -0.595540E-17  0.000000E+00  0.506349E-02  0.506349E-02  0.506349E-02 -0.115022E-09  0.257283E-02  0.828922E-03  0.931245E-10
  0.645827E+04  0.548630E-02  0.906802E-03 -0.521775E-17 -0.523291E-17  0.000000E+00  0.474001E-02  0.474001E-02  0.474001E-02 -0.107674E-09  0.241011E-02  0.749726E-03  0.857575E-10
  0.667717E+04  0.514319E-02  0.813036E-03 -0.458520E-17 -0.459802E-17  0.000000E+00  0.443753E-02  0.443753E-02  0.443753E-02 -0.100803E-09  0.225781E-02  0.677704E-03  0.789359E-10
  0.690349E+04  0.482170E-02  0.728546E-03 -0.402928E-17 -0.404011E-17  0.000000E+00  0.415467E-02  0.415467E-02  0.415467E-02 -0.943771E-10  0.211527E-02  0.612227E-03  0.726240E-10
  0.713749E+04  0.452045E-02  0.652462E-03 -0.354069E-17 -0.354984E-17  0.000000E+00  0.389011E-02  0.389011E-02  0.389011E-02 -0.883675E-10  0.198183E-02  0.552759E-03  0.667862E-10
  0.737942E+04  0.423816E-02  0.583997E-03 -0.311129E-17 -0.311902E-17  0.000000E+00  0.364266E-02  0.364266E-02  0.364266E-02 -0.827464E-10  0.185691E-02  0.498769E-03  0.613906E-10
  0.762954E+04  0.397360E-02  0.522419E-03 -0.273391E-17 -0.274043E-17  0.000000E+00  0.341119E-02  0.341119E-02  0.341119E-02 -0.774883E-10  0.173995E-02  0.449792E-03  0.564060E-10
  0.788815E+04  0.372567E-02  0.467077E-03 -0.240224E-17 -0.240774E-17  0.000000E+00  0.319464E-02  0.319464E-02  0.319464E-02 -0.725692E-10  0.163045E-02  0.405387E-03  0.518039E-10
  0.815552E+04  0.349330E-02  0.417364E-03 -0.211076E-17 -0.211539E-17  0.000000E+00  0.299203E-02  0.299203E-02  0.299203E-02 -0.679668E-10  0.152791E-02  0.365157E-03  0.475571E-10
  0.843195E+04  0.327550E-02  0.372739E-03 -0.185460E-17 -0.185850E-17  0.000000E+00  0.280245E-02  0.280245E-02  0.280245E-02 -0.636603E-10  0.143189E-02  0.328731E-03  0.436404E-10
  0.871775E+04  0.307135E-02  0.332704E-03 -0.162948E-17 -0.163276E-17  0.000000E+00  0.262505E-02  0.262505E-02  0.262505E-02 -0.596305E-10  0.134196E-02  0.295773E-03  0.400298E-10
  0.901324E+04  0.287999E-02  0.296810E-03 -0.143164E-17 -0.143440E-17  0.000000E+00  0.245903E-02  0.245903E-02  0.245903E-02 -0.558590E-10  0.125773E-02  0.265970E-03  0.367034E-10
  0.931874E+04  0.270061E-02  0.264646E-03 -0.125779E-17 -0.126011E-17  0.000000E+00  0.230364E-02  0.230364E-02  0.230364E-02 -0.523292E-10  0.117884E-02  0.239040E-03  0.336402E-10
  0.963460E+04  0.253245E-02  0.235844E-03 -0.110501E-17 -0.110696E-17  0.000000E+00  0.215819E-02  0.215819E-02  0.215819E-02 -0.490252E-10  0.110494E-02  0.214721E-03  0.308208E-10
  0.996117E+04  0.237480E-02  0.210066E-03 -0.970762E-18 -0.972400E-18  0.000000E+00  0.202203E-02  0.202203E-02  0.202203E-02 -0.459323E-10  0.103572E-02  0.192776E-03  0.282271E-10
  0.102988E+05  0.222701E-02  0.187009E-03 -0.852794E-18 -0.854169E-18  0.000000E+00  0.189456E-02  0.189456E-02  0.189456E-02 -0.430368E-10  0.970862E-03  0.172985E-03  0.258421E-10
  0.106479E+05  0.208845E-02  0.166398E-03 -0.749136E-18 -0.750290E-18  0.000000E+00  0.177522E-02  0.177522E-02  0.177522E-02 -0.403258E-10  0.910099E-03  0.155149E-03  0.236502E-10
  0.110088E+05  0.195853E-02  0.147984E-03 -0.658056E-18 -0.659024E-18  0.000000E+00  0.166348E-02  0.166348E-02  0.166348E-02 -0.377875E-10  0.853167E-03  0.139087E-03  0.216365E-10
  0.113819E+05  0.183673E-02  0.131543E-03 -0.578030E-18 -0.578841E-18  0.000000E+00  0.155885E-02  0.155885E-02  0.155885E-02 -0.354106E-10  0.799822E-03  0.124631E-03  0.197875E-10
  0.117677E+05  0.172252E-02  0.116871E-03 -0.507718E-18 -0.508398E-18  0.000000E+00  0.146086E-02  0.146086E-02  0.146086E-02 -0.331847E-10  0.749834E-03  0.111629E-03  0.180904E-10
  0.121666E+05  0.161543E-02  0.103785E-03 -0.445944E-18 -0.446513E-18  0.000000E+00  0.136909E-02  0.136909E-02  0.136909E-02 -0.311001E-10  0.702990E-03  0.999438E-04  0.165334E-10
  0.125790E+05  0.151502E-02  0.921214E-04 -0.391672E-18 -0.392149E-18  0.000000E+00  0.128314E-02  0.128314E-02  0.128314E-02 -0.291477E-10  0.659090E-03  0.894488E-04  0.151055E-10
  0.130054E+05  0.142086E-02  0.817308E-04 -0.343993E-18 -0.344392E-18  0.000000E+00  0.120263E-02  0.120263E-02  0.120263E-02 -0.273189E-10  0.617947E-03  0.800290E-04  0.137966E-10
  0.134462E+05  0.133256E-02  0.724795E-04 -0.302108E-18 -0.302442E-18  0.000000E+00  0.112722E-02  0.112722E-02  0.112722E-02 -0.256058E-10  0.579386E-03  0.715801E-04  0.125973E-10
  0.139019E+05  0.124977E-02  0.642473E-04 -0.265313E-18 -0.265592E-18  0.000000E+00  0.105657E-02  0.105657E-02  0.105657E-02 -0.240010E-10  0.543243E-03  0.640069E-04  0.114988E-10
  0.143731E+05  0.117212E-02  0.569261E-04 -0.232992E-18 -0.233226E-18  0.000000E+00  0.990387E-03  0.990387E-03  0.990387E-03 -0.224976E-10  0.509365E-03  0.572232E-04  0.104931E-10
  0.148603E+05  0.109931E-02  0.504187E-04 -0.204601E-18 -0.204797E-18  0.000000E+00  0.928380E-03  0.928380E-03  0.928380E-03 -0.210890E-10  0.477609E-03  0.511505E-04  0.957256E-11
  0.153640E+05  0.103103E-02  0.446379E-04 -0.179664E-18 -0.179827E-18  0.000000E+00  0.870282E-03  0.870282E-03  0.870282E-03 -0.197692E-10  0.447842E-03  0.457175E-04  0.873041E-11
  0.158848E+05  0.966989E-03  0.395054E-04 -0.157761E-18 -0.157897E-18  0.000000E+00  0.815844E-03  0.815844E-03  0.815844E-03 -0.185326E-10  0.419936E-03  0.408597E-04  0.796022E-11
  0.164232E+05  0.906934E-03  0.349511E-04 -0.138523E-18 -0.138637E-18  0.000000E+00  0.764833E-03  0.764833E-03  0.764833E-03 -0.173739E-10  0.393776E-03  0.365183E-04  0.725610E-11
  0.169799E+05  0.850611E-03  0.309119E-04 -0.121627E-18 -0.121723E-18  0.000000E+00  0.717031E-03  0.717031E-03  0.717031E-03 -0.162880E-10  0.369251E-03  0.326402E-04  0.661261E-11
  0.175554E+05  0.797789E-03  0.273316E-04 -0.106789E-18 -0.106869E-18  0.000000E+00  0.672233E-03  0.672233E-03  0.672233E-03 -0.152704E-10  0.346258E-03  0.291772E-04  0.602475E-11
  0.181504E+05  0.748249E-03  0.241597E-04 -0.937578E-19 -0.938246E-19  0.000000E+00  0.630250E-03  0.630250E-03  0.630250E-03 -0.143167E-10  0.324701E-03  0.260859E-04  0.548787E-11
  0.187656E+05  0.701788E-03  0.213509E-04 -0.823143E-19 -0.823701E-19  0.000000E+00  0.590902E-03  0.590902E-03  0.590902E-03 -0.134229E-10  0.304490E-03  0.233266E-04  0.499775E-11
  0.194017E+05  0.658212E-03  0.188649E-04 -0.722653E-19 -0.723120E-19  0.000000E+00  0.554022E-03  0.554022E-03  0.554022E-03 -0.125851E-10  0.285540E-03  0.208639E-04  0.455044E-11
  0.200593E+05  0.617343E-03  0.166655E-04 -0.634412E-19 -0.634803E-19  0.000000E+00  0.519455E-03  0.519455E-03  0.519455E-03 -0.117999E-10  0.267771E-03  0.186657E-04  0.414235E-11
  0.207392E+05  0.579012E-03  0.147206E-04 -0.556930E-19 -0.557257E-19  0.000000E+00  0.487053E-03  0.487053E-03  0.487053E-03 -0.110639E-10  0.251111E-03  0.167031E-04  0.377015E-11
  0.214422E+05  0.543061E-03  0.130011E-04 -0.488897E-19 -0.489171E-19  0.000000E+00  0.456681E-03  0.456681E-03  0.456681E-03 -0.103739E-10  0.235489E-03  0.149502E-04  0.343080E-11
