  0.986139E-05  0.196348E+05  0.196348E+05  0.261797E+05  0.261797E+05  0.000000E+00  0.196348E+05  0.196348E+05  0.268853E+05 -0.616461E+00  0.206385E+05  0.206385E+05  0.230404E+01
  0.108887E-04  0.196348E+05  0.196348E+05  0.261797E+05  0.261797E+05  0.000000E+00  0.196348E+05  0.196348E+05  0.268853E+05 -0.616461E+00  0.206385E+05  0.206385E+05  0.254407E+01
  0.120230E-04  0.196348E+05  0.196348E+05  0.261797E+05  0.261797E+05  0.000000E+00  0.196348E+05  0.196348E+05  0.268853E+05 -0.616461E+00  0.206385E+05  0.206385E+05  0.280910E+01
  0.132755E-04  0.196348E+05  0.196348E+05  0.261797E+05  0.261797E+05  0.000000E+00  0.196348E+05  0.196348E+05  0.268853E+05 -0.616461E+00  0.206385E+05  0.206385E+05  0.310174E+01
  0.146585E-04  0.196348E+05  0.196348E+05  0.261797E+05  0.261797E+05  0.000000E+00  0.196348E+05  0.196348E+05  0.268853E+05 -0.616461E+00  0.206385E+05  0.206385E+05  0.342486E+01
  0.161856E-04  0.196348E+05  0.196348E+05  0.261797E+05  0.261797E+05  0.000000E+00  0.196348E+05  0.196348E+05  0.268853E+05 -0.616461E+00  0.206385E+05  0.206385E+05  0.378165E+01
  0.178717E-04  0.196348E+05  0.196348E+05  0.261797E+05  0.261797E+05  0.000000E+00  0.196348E+05  0.196348E+05  0.268853E+05 -0.616461E+00  0.206385E+05  0.206385E+05  0.417560E+01
  0.197335E-04  0.196348E+05  0.196348E+05  0.261797E+05  0.261797E+05  0.000000E+00  0.196348E+05  0.196348E+05  0.268853E+05 -0.616461E+00  0.206385E+05  0.206385E+05  0.461060E+01
  0.217893E-04  0.196348E+05  0.196348E+05  0.261797E+05  0.261797E+05  0.000000E+00  0.196348E+05  0.196348E+05  0.268853E+05 -0.616461E+00  0.206385E+05  0.206385E+05  0.509091E+01
  0.240592E-04  0.196348E+05  0.196348E+05  0.261797E+05  0.261797E+05  0.000000E+00  0.196348E+05  0.196348E+05  0.268853E+05 -0.616460E+00  0.206385E+05  0.206385E+05  0.562125E+01
  0.265655E-04  0.196348E+05  0.196348E+05  0.261797E+05  0.261797E+05  0.000000E+00  0.196348E+05  0.196348E+05  0.268853E+05 -0.616460E+00  0.206385E+05  0.206385E+05  0.620685E+01
  0.293330E-04  0.196348E+05  0.196348E+05  0.261797E+05  0.261796E+05  0.000000E+00  0.196348E+05  0.196348E+05  0.268853E+05 -0.616460E+00  0.206385E+05  0.206384E+05  0.685345E+01
  0.323888E-04  0.196348E+05  0.196348E+05  0.261797E+05  0.261796E+05  0.000000E+00  0.196348E+05  0.196348E+05  0.268853E+05 -0.616460E+00  0.206385E+05  0.206384E+05  0.756741E+01
  0.357629E-04  0.196348E+05  0.196347E+05  0.261797E+05  0.261796E+05  0.000000E+00  0.196348E+05  0.196348E+05  0.268853E+05 -0.616460E+00  0.206385E+05  0.206384E+05  0.835575E+01
  0.394885E-04  0.196348E+05  0.196347E+05  0.261796E+05  0.261796E+05  0.000000E+00  0.196348E+05  0.196348E+05  0.268853E+05 -0.616460E+00  0.206385E+05  0.206384E+05  0.922621E+01
  0.436023E-04  0.196348E+05  0.196347E+05  0.261796E+05  0.261796E+05  0.000000E+00  0.196348E+05  0.196348E+05  0.268853E+05 -0.616460E+00  0.206385E+05  0.206384E+05  0.101873E+02
  0.481446E-04  0.196348E+05  0.196347E+05  0.261796E+05  0.261795E+05  0.000000E+00  0.196348E+05  0.196348E+05  0.268853E+05 -0.616459E+00  0.206385E+05  0.206384E+05  0.112486E+02
  0.531600E-04  0.196348E+05  0.196347E+05  0.261796E+05  0.261795E+05  0.000000E+00  0.196348E+05  0.196348E+05  0.268852E+05 -0.616459E+00  0.206385E+05  0.206383E+05  0.124204E+02
  0.586980E-04  0.196348E+05  0.196347E+05  0.261796E+05  0.261794E+05  0.000000E+00  0.196347E+05  0.196347E+05  0.268852E+05 -0.616459E+00  0.206385E+05  0.206383E+05  0.137143E+02
  0.648129E-04  0.196348E+05  0.196347E+05  0.261795E+05  0.261794E+05  0.000000E+00  0.196347E+05  0.196347E+05  0.268852E+05 -0.616458E+00  0.206384E+05  0.206383E+05  0.151430E+02
  0.715648E-04  0.196347E+05  0.196346E+05  0.261795E+05  0.261793E+05  0.000000E+00  0.196347E+05  0.196347E+05  0.268852E+05 -0.616458E+00  0.206384E+05  0.206382E+05  0.167205E+02
  0.790201E-04  0.196347E+05  0.196346E+05  0.261795E+05  0.261792E+05  0.000000E+00  0.196347E+05  0.196347E+05  0.268852E+05 -0.616457E+00  0.206384E+05  0.206382E+05  0.184624E+02
  0.872521E-04  0.196347E+05  0.196346E+05  0.261794E+05  0.261791E+05  0.000000E+00  0.196347E+05  0.196347E+05  0.268851E+05 -0.616456E+00  0.206384E+05  0.206381E+05  0.203857E+02
  0.963416E-04  0.196347E+05  0.196345E+05  0.261793E+05  0.261790E+05  0.000000E+00  0.196347E+05  0.196347E+05  0.268851E+05 -0.616456E+00  0.206384E+05  0.206380E+05  0.225094E+02
  0.106378E-03  0.196347E+05  0.196345E+05  0.261793E+05  0.261788E+05  0.000000E+00  0.196347E+05  0.196347E+05  0.268850E+05 -0.616454E+00  0.206384E+05  0.206379E+05  0.248542E+02
  0.117460E-03  0.196347E+05  0.196344E+05  0.261792E+05  0.261786E+05  0.000000E+00  0.196346E+05  0.196346E+05  0.268850E+05 -0.616453E+00  0.206384E+05  0.206378E+05  0.274434E+02
  0.129696E-03  0.196347E+05  0.196343E+05  0.261790E+05  0.261784E+05  0.000000E+00  0.196346E+05  0.196346E+05  0.268849E+05 -0.616451E+00  0.206383E+05  0.206377E+05  0.303022E+02
  0.143208E-03  0.196346E+05  0.196342E+05  0.261789E+05  0.261781E+05  0.000000E+00  0.196346E+05  0.196346E+05  0.268848E+05 -0.616449E+00  0.206383E+05  0.206375E+05  0.334589E+02
  0.158126E-03  0.196346E+05  0.196341E+05  0.261787E+05  0.261778E+05  0.000000E+00  0.196345E+05  0.196345E+05  0.268847E+05 -0.616447E+00  0.206382E+05  0.206373E+05  0.369443E+02
  0.174599E-03  0.196346E+05  0.196340E+05  0.261785E+05  0.261774E+05  0.000000E+00  0.196345E+05  0.196345E+05  0.268845E+05 -0.616444E+00  0.206382E+05  0.206370E+05  0.407928E+02
  0.192788E-03  0.196345E+05  0.196338E+05  0.261782E+05  0.261768E+05  0.000000E+00  0.196344E+05  0.196344E+05  0.268844E+05 -0.616440E+00  0.206381E+05  0.206367E+05  0.450422E+02
  0.212872E-03  0.196344E+05  0.196336E+05  0.261779E+05  0.261762E+05  0.000000E+00  0.196343E+05  0.196343E+05  0.268841E+05 -0.616435E+00  0.206380E+05  0.206362E+05  0.497341E+02
  0.235048E-03  0.196344E+05  0.196333E+05  0.261775E+05  0.261754E+05  0.000000E+00  0.196342E+05  0.196342E+05  0.268839E+05 -0.616430E+00  0.206379E+05  0.206358E+05  0.549148E+02
  0.259534E-03  0.196343E+05  0.196330E+05  0.261770E+05  0.261745E+05  0.000000E+00  0.196341E+05  0.196341E+05  0.268836E+05 -0.616423E+00  0.206378E+05  0.206352E+05  0.606349E+02
  0.286571E-03  0.196342E+05  0.196326E+05  0.261765E+05  0.261734E+05  0.000000E+00  0.196339E+05  0.196339E+05  0.268832E+05 -0.616415E+00  0.206377E+05  0.206344E+05  0.669507E+02
  0.316425E-03  0.196341E+05  0.196321E+05  0.261757E+05  0.261720E+05  0.000000E+00  0.196337E+05  0.196337E+05  0.268827E+05 -0.616404E+00  0.206375E+05  0.206335E+05  0.739243E+02
  0.349389E-03  0.196339E+05  0.196315E+05  0.261749E+05  0.261703E+05  0.000000E+00  0.196335E+05  0.196335E+05  0.268822E+05 -0.616392E+00  0.206373E+05  0.206324E+05  0.816238E+02
  0.385786E-03  0.196337E+05  0.196307E+05  0.261738E+05  0.261682E+05  0.000000E+00  0.196332E+05  0.196332E+05  0.268815E+05 -0.616377E+00  0.206370E+05  0.206311E+05  0.901250E+02
  0.425976E-03  0.196335E+05  0.196299E+05  0.261725E+05  0.261657E+05  0.000000E+00  0.196329E+05  0.196329E+05  0.268806E+05 -0.616359E+00  0.206367E+05  0.206295E+05  0.995111E+02
  0.470352E-03  0.196332E+05  0.196288E+05  0.261710E+05  0.261626E+05  0.000000E+00  0.196325E+05  0.196325E+05  0.268796E+05 -0.616336E+00  0.206363E+05  0.206275E+05  0.109874E+03
  0.519351E-03  0.196328E+05  0.196275E+05  0.261690E+05  0.261589E+05  0.000000E+00  0.196319E+05  0.196319E+05  0.268784E+05 -0.616309E+00  0.206359E+05  0.206251E+05  0.121315E+03
  0.573455E-03  0.196324E+05  0.196259E+05  0.261667E+05  0.261543E+05  0.000000E+00  0.196313E+05  0.196313E+05  0.268769E+05 -0.616276E+00  0.206353E+05  0.206222E+05  0.133947E+03
  0.633195E-03  0.196319E+05  0.196239E+05  0.261639E+05  0.261488E+05  0.000000E+00  0.196306E+05  0.196306E+05  0.268750E+05 -0.616235E+00  0.206346E+05  0.206186E+05  0.147892E+03
  0.699158E-03  0.196312E+05  0.196215E+05  0.261604E+05  0.261420E+05  0.000000E+00  0.196296E+05  0.196296E+05  0.268727E+05 -0.616186E+00  0.206337E+05  0.206143E+05  0.163286E+03
  0.771993E-03  0.196304E+05  0.196186E+05  0.261561E+05  0.261337E+05  0.000000E+00  0.196285E+05  0.196285E+05  0.268700E+05 -0.616125E+00  0.206327E+05  0.206090E+05  0.180281E+03
  0.852416E-03  0.196295E+05  0.196151E+05  0.261510E+05  0.261237E+05  0.000000E+00  0.196271E+05  0.196271E+05  0.268666E+05 -0.616052E+00  0.206314E+05  0.206025E+05  0.199040E+03
  0.941216E-03  0.196283E+05  0.196108E+05  0.261447E+05  0.261114E+05  0.000000E+00  0.196255E+05  0.196255E+05  0.268625E+05 -0.615962E+00  0.206298E+05  0.205946E+05  0.219745E+03
  0.103927E-02  0.196269E+05  0.196055E+05  0.261370E+05  0.260965E+05  0.000000E+00  0.196234E+05  0.196234E+05  0.268576E+05 -0.615853E+00  0.206279E+05  0.205850E+05  0.242598E+03
  0.114753E-02  0.196252E+05  0.195991E+05  0.261277E+05  0.260783E+05  0.000000E+00  0.196209E+05  0.196209E+05  0.268515E+05 -0.615720E+00  0.206256E+05  0.205733E+05  0.267818E+03
  0.126708E-02  0.196231E+05  0.195913E+05  0.261163E+05  0.260561E+05  0.000000E+00  0.196179E+05  0.196179E+05  0.268441E+05 -0.615558E+00  0.206228E+05  0.205591E+05  0.295646E+03
  0.139908E-02  0.196205E+05  0.195818E+05  0.261024E+05  0.260290E+05  0.000000E+00  0.196142E+05  0.196142E+05  0.268350E+05 -0.615360E+00  0.206194E+05  0.205417E+05  0.326349E+03
  0.154483E-02  0.196174E+05  0.195702E+05  0.260854E+05  0.259961E+05  0.000000E+00  0.196097E+05  0.196097E+05  0.268240E+05 -0.615119E+00  0.206152E+05  0.205205E+05  0.360217E+03
  0.170576E-02  0.196136E+05  0.195560E+05  0.260648E+05  0.259560E+05  0.000000E+00  0.196042E+05  0.196042E+05  0.268106E+05 -0.614826E+00  0.206101E+05  0.204947E+05  0.397568E+03
  0.188346E-02  0.196090E+05  0.195388E+05  0.260397E+05  0.259072E+05  0.000000E+00  0.195976E+05  0.195976E+05  0.267943E+05 -0.614468E+00  0.206038E+05  0.204633E+05  0.438750E+03
  0.207967E-02  0.196034E+05  0.195178E+05  0.260091E+05  0.258478E+05  0.000000E+00  0.195894E+05  0.195894E+05  0.267744E+05 -0.614032E+00  0.205962E+05  0.204250E+05  0.484141E+03
  0.229632E-02  0.195965E+05  0.194922E+05  0.259718E+05  0.257755E+05  0.000000E+00  0.195795E+05  0.195795E+05  0.267502E+05 -0.613502E+00  0.205870E+05  0.203784E+05  0.534152E+03
  0.253554E-02  0.195881E+05  0.194610E+05  0.259264E+05  0.256877E+05  0.000000E+00  0.195674E+05  0.195674E+05  0.267207E+05 -0.612856E+00  0.205757E+05  0.203216E+05  0.589226E+03
  0.279968E-02  0.195779E+05  0.194231E+05  0.258711E+05  0.255809E+05  0.000000E+00  0.195527E+05  0.195527E+05  0.266849E+05 -0.612070E+00  0.205620E+05  0.202525E+05  0.649841E+03
  0.309134E-02  0.195655E+05  0.193770E+05  0.258038E+05  0.254513E+05  0.000000E+00  0.195348E+05  0.195348E+05  0.266413E+05 -0.611113E+00  0.205453E+05  0.201685E+05  0.716505E+03
  0.341338E-02  0.195503E+05  0.193208E+05  0.257220E+05  0.252940E+05  0.000000E+00  0.195129E+05  0.195129E+05  0.265882E+05 -0.609950E+00  0.205249E+05  0.200664E+05  0.789758E+03
  0.376897E-02  0.195319E+05  0.192525E+05  0.256225E+05  0.251035E+05  0.000000E+00  0.194864E+05  0.194864E+05  0.265238E+05 -0.608536E+00  0.205002E+05  0.199423E+05  0.870164E+03
  0.416160E-02  0.195095E+05  0.191694E+05  0.255016E+05  0.248728E+05  0.000000E+00  0.194541E+05  0.194541E+05  0.264456E+05 -0.606818E+00  0.204700E+05  0.197916E+05  0.958306E+03
  0.459514E-02  0.194823E+05  0.190686E+05  0.253548E+05  0.245941E+05  0.000000E+00  0.194149E+05  0.194149E+05  0.263508E+05 -0.604733E+00  0.204333E+05  0.196089E+05  0.105477E+04
  0.507384E-02  0.194492E+05  0.189461E+05  0.251767E+05  0.242581E+05  0.000000E+00  0.193672E+05  0.193672E+05  0.262359E+05 -0.602205E+00  0.203887E+05  0.193875E+05  0.116013E+04
  0.560241E-02  0.194089E+05  0.187977E+05  0.249609E+05  0.238539E+05  0.000000E+00  0.193093E+05  0.193093E+05  0.260969E+05 -0.599144E+00  0.203345E+05  0.191195E+05  0.127493E+04
  0.618604E-02  0.193601E+05  0.186178E+05  0.246997E+05  0.233691E+05  0.000000E+00  0.192391E+05  0.192391E+05  0.259291E+05 -0.595441E+00  0.202686E+05  0.187959E+05  0.139962E+04
  0.683048E-02  0.193009E+05  0.184004E+05  0.243841E+05  0.227898E+05  0.000000E+00  0.191541E+05  0.191541E+05  0.257268E+05 -0.590971E+00  0.201887E+05  0.184059E+05  0.153456E+04
  0.754204E-02  0.192292E+05  0.181378E+05  0.240035E+05  0.221007E+05  0.000000E+00  0.190513E+05  0.190513E+05  0.254837E+05 -0.585587E+00  0.200919E+05  0.179369E+05  0.167989E+04
  0.832774E-02  0.191425E+05  0.178216E+05  0.235457E+05  0.212854E+05  0.000000E+00  0.189272E+05  0.189272E+05  0.251923E+05 -0.579118E+00  0.199747E+05  0.173747E+05  0.183549E+04
  0.919528E-02  0.190377E+05  0.174417E+05  0.229967E+05  0.203273E+05  0.000000E+00  0.187776E+05  0.187776E+05  0.248443E+05 -0.571371E+00  0.198331E+05  0.167036E+05  0.200085E+04
  0.101532E-01  0.189116E+05  0.169868E+05  0.223407E+05  0.192108E+05  0.000000E+00  0.185979E+05  0.185979E+05  0.244308E+05 -0.562129E+00  0.196622E+05  0.159061E+05  0.217493E+04
  0.112109E-01  0.187600E+05  0.164442E+05  0.215604E+05  0.179229E+05  0.000000E+00  0.183826E+05  0.183826E+05  0.239419E+05 -0.551155E+00  0.194566E+05  0.149640E+05  0.235594E+04
  0.123788E-01  0.185784E+05  0.158004E+05  0.206373E+05  0.164561E+05  0.000000E+00  0.181257E+05  0.181257E+05  0.233677E+05 -0.538200E+00  0.192099E+05  0.138593E+05  0.254119E+04
  0.136684E-01  0.183616E+05  0.150410E+05  0.195527E+05  0.148118E+05  0.000000E+00  0.178205E+05  0.178205E+05  0.226988E+05 -0.523011E+00  0.189150E+05  0.125756E+05  0.272672E+04
  0.150923E-01  0.181041E+05  0.141521E+05  0.182892E+05  0.130044E+05  0.000000E+00  0.174600E+05  0.174600E+05  0.219268E+05 -0.505352E+00  0.185639E+05  0.111010E+05  0.290712E+04
  0.166646E-01  0.177996E+05  0.131211E+05  0.168324E+05  0.110667E+05  0.000000E+00  0.170372E+05  0.170372E+05  0.210460E+05 -0.485029E+00  0.181483E+05  0.943177E+04  0.307512E+04
  0.184006E-01  0.174420E+05  0.119392E+05  0.151746E+05  0.905340E+04  0.000000E+00  0.165452E+05  0.165452E+05  0.200547E+05 -0.461925E+00  0.176595E+05  0.757706E+04  0.322141E+04
  0.203175E-01  0.170251E+05  0.106039E+05  0.133186E+05  0.704437E+04  0.000000E+00  0.159787E+05  0.159787E+05  0.189567E+05 -0.436043E+00  0.170892E+05  0.556591E+04  0.333441E+04
  0.224341E-01  0.165433E+05  0.912250E+04  0.112830E+05  0.514207E+04  0.000000E+00  0.153340E+05  0.153340E+05  0.177634E+05 -0.407552E+00  0.164305E+05  0.345470E+04  0.340046E+04
  0.247711E-01  0.159923E+05  0.751692E+04  0.910848E+04  0.346220E+04  0.000000E+00  0.146111E+05  0.146111E+05  0.164943E+05 -0.376842E+00  0.156788E+05  0.133521E+04  0.340427E+04
  0.273517E-01  0.153695E+05  0.582829E+04  0.686340E+04  0.211409E+04  0.000000E+00  0.138146E+05  0.138146E+05  0.151776E+05 -0.344546E+00  0.148337E+05 -0.659323E+03  0.333014E+04
  0.302011E-01  0.146750E+05  0.412139E+04  0.464796E+04  0.117119E+04  0.000000E+00  0.129552E+05  0.129552E+05  0.138487E+05 -0.311553E+00  0.139004E+05 -0.235367E+04  0.316411E+04
  0.333473E-01  0.139123E+05  0.248661E+04  0.259330E+04  0.638280E+03  0.000000E+00  0.120504E+05  0.120504E+05  0.125472E+05 -0.278958E+00  0.128919E+05 -0.354150E+04  0.289719E+04
  0.368212E-01  0.130888E+05  0.103718E+04  0.851989E+03  0.431067E+03  0.000000E+00  0.111248E+05  0.111248E+05  0.113131E+05 -0.247968E+00  0.118296E+05 -0.401475E+04  0.252981E+04
  0.406571E-01  0.122159E+05 -0.102015E+03 -0.424262E+03  0.390636E+03  0.000000E+00  0.102085E+05  0.102085E+05  0.101833E+05 -0.219746E+00  0.107439E+05 -0.361820E+04  0.207679E+04
  0.447228E-01  0.113439E+05 -0.798591E+03 -0.110658E+04  0.351140E+03  0.000000E+00  0.936517E+04  0.936517E+04  0.922378E+04 -0.196096E+00  0.971137E+04 -0.239339E+04  0.159125E+04
  0.487885E-01  0.105344E+05 -0.103808E+04 -0.123742E+04  0.245162E+03  0.000000E+00  0.864851E+04  0.864851E+04  0.847370E+04 -0.177935E+00  0.880794E+04 -0.695429E+03  0.114517E+04
  0.528542E-01  0.979071E+04 -0.927083E+03 -0.993181E+03  0.111830E+03  0.000000E+00  0.804411E+04  0.804411E+04  0.789418E+04 -0.164164E+00  0.803056E+04  0.109033E+04  0.771979E+03
  0.569199E-01  0.911332E+04 -0.590520E+03 -0.553820E+03  0.173759E+02  0.000000E+00  0.753196E+04  0.753196E+04  0.744326E+04 -0.153680E+00  0.736887E+04  0.261993E+04  0.490505E+03
  0.609856E-01  0.850029E+04 -0.152973E+03 -0.765575E+02 -0.632139E+01  0.000000E+00  0.709013E+04  0.709013E+04  0.707688E+04 -0.145438E+00  0.680825E+04  0.364420E+04  0.305018E+03
  0.650513E-01  0.794793E+04  0.277163E+03  0.322828E+03  0.237922E+02  0.000000E+00  0.669788E+04  0.669788E+04  0.675343E+04 -0.138512E+00  0.633242E+04  0.403835E+04  0.207329E+03
  0.691171E-01  0.745136E+04  0.618953E+03  0.577936E+03  0.650575E+02  0.000000E+00  0.633793E+04  0.633793E+04  0.643991E+04 -0.132154E+00  0.592522E+04  0.380715E+04  0.180163E+03
  0.731828E-01  0.700490E+04  0.824674E+03  0.670129E+03  0.826183E+02  0.000000E+00  0.599775E+04  0.599775E+04  0.611681E+04 -0.125843E+00  0.557165E+04  0.306685E+04  0.201222E+03
  0.772485E-01  0.660258E+04  0.880119E+03  0.619284E+03  0.687176E+02  0.000000E+00  0.567003E+04  0.567003E+04  0.577920E+04 -0.119316E+00  0.525862E+04  0.201002E+04  0.247239E+03
  0.813142E-01  0.623858E+04  0.800021E+03  0.469953E+03  0.393357E+02  0.000000E+00  0.535229E+04  0.535229E+04  0.543368E+04 -0.112548E+00  0.497543E+04  0.861355E+03  0.297452E+03
  0.853799E-01  0.590751E+04  0.620062E+03  0.276236E+03  0.164772E+02  0.000000E+00  0.504585E+04  0.504585E+04  0.509294E+04 -0.105693E+00  0.471410E+04 -0.166535E+03  0.336071E+03
  0.904429E-01  0.553425E+04  0.327410E+03  0.477988E+02  0.127287E+02  0.000000E+00  0.468573E+04  0.468573E+04  0.469500E+04 -0.974104E-01  0.441145E+04 -0.103630E+04  0.354122E+03
  0.955060E-01  0.519746E+04  0.434304E+02 -0.105791E+03  0.251800E+02  0.000000E+00  0.435755E+04  0.435755E+04  0.434308E+04 -0.898587E-01  0.412963E+04 -0.131163E+04  0.334950E+03
  0.100569E+00  0.489148E+04 -0.161570E+03 -0.160891E+03  0.301428E+02  0.000000E+00  0.406802E+04  0.406802E+04  0.404510E+04 -0.833643E-01  0.386774E+04 -0.102065E+04  0.285768E+03
  0.105632E+00  0.461213E+04 -0.251738E+03 -0.132235E+03  0.192350E+02  0.000000E+00  0.381950E+04  0.381950E+04  0.380003E+04 -0.780269E-01  0.362685E+04 -0.341125E+03  0.220843E+03
  0.110695E+00  0.435633E+04 -0.228119E+03 -0.572959E+02  0.428166E+01  0.000000E+00  0.360923E+04  0.360923E+04  0.360034E+04 -0.737382E-01  0.340815E+04  0.471682E+03  0.155958E+03
  0.115758E+00  0.412173E+04 -0.121193E+03  0.224527E+02 -0.293328E+00  0.000000E+00  0.343029E+04  0.343029E+04  0.343393E+04 -0.702505E-01  0.321181E+04  0.116727E+04  0.103838E+03
  0.120821E+00  0.390643E+04  0.226725E+02  0.764828E+02  0.638423E+01  0.000000E+00  0.327352E+04  0.327352E+04  0.328677E+04 -0.672599E-01  0.303665E+04  0.156784E+04  0.714718E+02
  0.125884E+00  0.370873E+04  0.156316E+03  0.924103E+02  0.135437E+02  0.000000E+00  0.312982E+04  0.312982E+04  0.314648E+04 -0.644852E-01  0.288034E+04  0.160523E+04  0.595510E+02
  0.130947E+00  0.352700E+04  0.244238E+03  0.750653E+02  0.126143E+02  0.000000E+00  0.299203E+04  0.299203E+04  0.300575E+04 -0.617279E-01  0.273981E+04  0.132151E+04  0.636772E+02
  0.136010E+00  0.335964E+04  0.269717E+03  0.398843E+02  0.573435E+01  0.000000E+00  0.285610E+04  0.285610E+04  0.286328E+04 -0.589018E-01  0.261182E+04  0.839224E+03  0.766211E+02
  0.141073E+00  0.320511E+04  0.235750E+03  0.440152E+01  0.104051E+01  0.000000E+00  0.272121E+04  0.272121E+04  0.272205E+04 -0.560269E-01  0.249344E+04  0.314609E+03  0.908008E+02
  0.146136E+00  0.306195E+04  0.160666E+03 -0.186814E+02  0.254955E+01  0.000000E+00  0.258915E+04  0.258915E+04  0.258638E+04 -0.531922E-01  0.238247E+04 -0.110349E+03  0.100287E+03
  0.151199E+00  0.292889E+04  0.705467E+02 -0.248007E+02  0.661443E+01  0.000000E+00  0.246308E+04  0.246308E+04  0.245977E+04 -0.505069E-01  0.227759E+04 -0.343662E+03  0.101923E+03
  0.156262E+00  0.280481E+04 -0.901471E+01 -0.169659E+02  0.746735E+01  0.000000E+00  0.234626E+04  0.234626E+04  0.234433E+04 -0.480590E-01  0.217827E+04 -0.359382E+03  0.954749E+02
  0.161325E+00  0.268879E+04 -0.595543E+02 -0.254058E+01  0.404487E+01  0.000000E+00  0.224091E+04  0.224091E+04  0.224095E+04 -0.458928E-01  0.208452E+04 -0.193090E+03  0.830019E+02
  0.166388E+00  0.258008E+04 -0.733284E+02  0.107450E+02  0.361877E+00  0.000000E+00  0.214768E+04  0.214768E+04  0.214948E+04 -0.440054E-01  0.199654E+04  0.782162E+02  0.677813E+02
  0.171451E+00  0.247808E+04 -0.534791E+02  0.178515E+02  0.169979E+00  0.000000E+00  0.206553E+04  0.206553E+04  0.206847E+04 -0.423558E-01  0.191447E+04  0.363608E+03  0.531792E+02
  0.176515E+00  0.238228E+04 -0.113322E+02  0.176308E+02  0.279714E+01  0.000000E+00  0.199221E+04  0.199221E+04  0.199541E+04 -0.408811E-01  0.183823E+04  0.584401E+03  0.417607E+02
  0.181578E+00  0.229223E+04  0.379453E+02  0.121895E+02  0.457954E+01  0.000000E+00  0.192486E+04  0.192486E+04  0.192738E+04 -0.395129E-01  0.176751E+04  0.692335E+03  0.348120E+02
  0.186641E+00  0.220754E+04  0.799297E+02  0.513977E+01  0.337133E+01  0.000000E+00  0.186082E+04  0.186082E+04  0.186204E+04 -0.381947E-01  0.170179E+04  0.676519E+03  0.322955E+02
  0.191704E+00  0.212782E+04  0.104536E+03 -0.279641E+00  0.743248E+00  0.000000E+00  0.179810E+04  0.179810E+04  0.179813E+04 -0.368910E-01  0.164041E+04  0.559494E+03  0.331491E+02
  0.196767E+00  0.205269E+04  0.107867E+03 -0.242816E+01 -0.318997E+00  0.000000E+00  0.173576E+04  0.173576E+04  0.173532E+04 -0.355912E-01  0.158270E+04  0.385522E+03  0.357699E+02
  0.201830E+00  0.198180E+04  0.921602E+02 -0.150545E+01  0.100097E+01  0.000000E+00  0.167386E+04  0.167386E+04  0.167373E+04 -0.343050E-01  0.152808E+04  0.205584E+03  0.385231E+02
  0.206893E+00  0.191480E+04  0.641791E+02  0.103547E+01  0.271669E+01  0.000000E+00  0.161322E+04  0.161322E+04  0.161370E+04 -0.330531E-01  0.147614E+04  0.634724E+02  0.401425E+02
  0.211956E+00  0.185138E+04  0.327133E+02  0.345026E+01  0.267217E+01  0.000000E+00  0.155501E+04  0.155501E+04  0.155587E+04 -0.318590E-01  0.142661E+04 -0.137917E+02  0.399530E+02
  0.217019E+00  0.179125E+04  0.600429E+01  0.454217E+01  0.101980E+01  0.000000E+00  0.150032E+04  0.150032E+04  0.150118E+04 -0.307416E-01  0.137940E+04 -0.196894E+02  0.379016E+02
  0.222082E+00  0.173415E+04 -0.102537E+02  0.405153E+01 -0.254402E+00  0.000000E+00  0.144988E+04  0.144988E+04  0.145051E+04 -0.297120E-01  0.133445E+04  0.337397E+02  0.344333E+02
  0.227145E+00  0.167988E+04 -0.139280E+02  0.253670E+01  0.161725E+00  0.000000E+00  0.140385E+04  0.140385E+04  0.140428E+04 -0.287711E-01  0.129176E+04  0.122007E+03  0.302762E+02
  0.232208E+00  0.162823E+04 -0.639047E+01  0.918997E+00  0.148614E+01  0.000000E+00  0.136185E+04  0.136185E+04  0.136217E+04 -0.279106E-01  0.125128E+04  0.216233E+03  0.262056E+02
  0.237271E+00  0.157905E+04  0.840952E+01 -0.299220E-01  0.199597E+01  0.000000E+00  0.132310E+04  0.132310E+04  0.132332E+04 -0.271147E-01  0.121294E+04  0.290889E+03  0.228466E+02
  0.242334E+00  0.153219E+04  0.253644E+02 -0.169537E-01  0.112372E+01  0.000000E+00  0.128664E+04  0.128664E+04  0.128676E+04 -0.263646E-01  0.117662E+04  0.329427E+03  0.205531E+02
  0.247397E+00  0.148751E+04  0.396766E+02  0.734505E+00 -0.268230E-01  0.000000E+00  0.125157E+04  0.125157E+04  0.125169E+04 -0.256430E-01  0.114215E+04  0.326826E+03  0.193752E+02
  0.252460E+00  0.144489E+04  0.480055E+02  0.169221E+01 -0.149947E+00  0.000000E+00  0.121725E+04  0.121725E+04  0.121751E+04 -0.249374E-01  0.110934E+04  0.288961E+03  0.191044E+02
  0.257523E+00  0.140419E+04  0.490574E+02  0.232281E+01  0.727673E+00  0.000000E+00  0.118335E+04  0.118335E+04  0.118382E+04 -0.242419E-01  0.107802E+04  0.229447E+03  0.193725E+02
  0.262586E+00  0.136531E+04  0.435698E+02  0.233952E+01  0.142499E+01  0.000000E+00  0.114991E+04  0.114991E+04  0.115046E+04 -0.235567E-01  0.104804E+04  0.165111E+03  0.197681E+02
  0.267649E+00  0.132812E+04  0.337915E+02  0.178962E+01  0.110118E+01  0.000000E+00  0.111719E+04  0.111719E+04  0.111761E+04 -0.228864E-01  0.101928E+04  0.111377E+03  0.199428E+02
  0.272712E+00  0.129253E+04  0.226759E+02  0.973422E+00  0.194803E+00  0.000000E+00  0.108559E+04  0.108559E+04  0.108577E+04 -0.222386E-01  0.991676E+03  0.787006E+02  0.196818E+02
  0.277775E+00  0.125844E+04  0.130333E+02  0.263848E+00 -0.220542E+00  0.000000E+00  0.105548E+04  0.105548E+04  0.105550E+04 -0.216207E-01  0.965179E+03  0.707632E+02  0.189303E+02
  0.282838E+00  0.122575E+04  0.685772E+01 -0.736757E-01  0.249753E+00  0.000000E+00  0.102712E+04  0.102712E+04  0.102713E+04 -0.210385E-01  0.939760E+03  0.846117E+02  0.177752E+02
  0.287901E+00  0.119440E+04  0.496955E+01  0.195812E-01  0.931524E+00  0.000000E+00  0.100056E+04  0.100056E+04  0.100067E+04 -0.204936E-01  0.915396E+03  0.112422E+03  0.163972E+02
  0.292964E+00  0.116430E+04  0.700392E+01  0.406484E+00  0.974698E+00  0.000000E+00  0.975701E+03  0.975701E+03  0.975877E+03 -0.199839E-01  0.892060E+03  0.144199E+03  0.150078E+02
  0.298027E+00  0.113538E+04  0.116951E+02  0.849649E+00  0.361645E+00  0.000000E+00  0.952264E+03  0.952264E+03  0.952444E+03 -0.195036E-01  0.869712E+03  0.170595E+03  0.137913E+02
  0.303090E+00  0.110760E+04  0.173372E+02  0.113361E+01 -0.154050E+00  0.000000E+00  0.929925E+03  0.929925E+03  0.930093E+03 -0.190459E-01  0.848299E+03  0.185126E+03  0.128637E+02
  0.308153E+00  0.108088E+04  0.222737E+02  0.115438E+01 -0.268715E-02  0.000000E+00  0.908363E+03  0.908363E+03  0.908552E+03 -0.186041E-01  0.827753E+03  0.185320E+03  0.122567E+02
  0.313216E+00  0.105517E+04  0.252977E+02  0.942806E+00  0.552383E+00  0.000000E+00  0.887337E+03  0.887337E+03  0.887554E+03 -0.181733E-01  0.808003E+03  0.172679E+03  0.119251E+02
  0.318279E+00  0.103042E+04  0.258733E+02  0.624190E+00  0.800447E+00  0.000000E+00  0.866716E+03  0.866716E+03  0.866909E+03 -0.177508E-01  0.788985E+03  0.151657E+03  0.117724E+02
  0.323342E+00  0.100658E+04  0.241559E+02  0.344335E+00  0.456905E+00  0.000000E+00  0.846483E+03  0.846483E+03  0.846591E+03 -0.173359E-01  0.770643E+03  0.128059E+03  0.116836E+02
  0.328406E+00  0.983609E+03  0.208391E+02  0.201561E+00 -0.416989E-01  0.000000E+00  0.826713E+03  0.826713E+03  0.826742E+03 -0.169304E-01  0.752938E+03  0.107377E+03  0.115568E+02
  0.333469E+00  0.961458E+03  0.168982E+02  0.213603E+00 -0.114122E+00  0.000000E+00  0.807530E+03  0.807530E+03  0.807552E+03 -0.165369E-01  0.735838E+03  0.934905E+02  0.113247E+02
  0.338532E+00  0.940089E+03  0.133032E+02  0.326973E+00  0.270514E+00  0.000000E+00  0.789057E+03  0.789057E+03  0.789141E+03 -0.161582E-01  0.719323E+03  0.879819E+02  0.109642E+02
  0.343595E+00  0.919464E+03  0.107842E+02  0.455945E+00  0.604148E+00  0.000000E+00  0.771383E+03  0.771383E+03  0.771526E+03 -0.157961E-01  0.703380E+03  0.901497E+02  0.104927E+02
  0.348658E+00  0.899550E+03  0.969301E+01  0.527703E+00  0.483032E+00  0.000000E+00  0.754536E+03  0.754536E+03  0.754677E+03 -0.154511E-01  0.687998E+03  0.975727E+02  0.995580E+01
  0.353721E+00  0.880312E+03  0.998031E+01  0.512260E+00  0.737020E-01  0.000000E+00  0.738480E+03  0.738480E+03  0.738573E+03 -0.151222E-01  0.673161E+03  0.106996E+03  0.941009E+01
  0.358784E+00  0.861721E+03  0.112737E+02  0.426893E+00 -0.130657E+00  0.000000E+00  0.723130E+03  0.723130E+03  0.723185E+03 -0.148076E-01  0.658850E+03  0.115259E+03  0.890740E+01
  0.363847E+00  0.843748E+03  0.130218E+02  0.318354E+00  0.820229E-01  0.000000E+00  0.708370E+03  0.708370E+03  0.708432E+03 -0.145051E-01  0.645039E+03  0.120041E+03  0.848301E+01
  0.368910E+00  0.826364E+03  0.146563E+02  0.235373E+00  0.415571E+00  0.000000E+00  0.694086E+03  0.694086E+03  0.694171E+03 -0.142124E-01  0.631696E+03  0.120268E+03  0.815033E+01
  0.373973E+00  0.809543E+03  0.157334E+02  0.205892E+00  0.455484E+00  0.000000E+00  0.680181E+03  0.680181E+03  0.680266E+03 -0.139275E-01  0.618793E+03  0.116154E+03  0.790183E+01
  0.379036E+00  0.793259E+03  0.160176E+02  0.228355E+00  0.167246E+00  0.000000E+00  0.666597E+03  0.666597E+03  0.666654E+03 -0.136492E-01  0.606301E+03  0.108922E+03  0.771469E+01
  0.384099E+00  0.777489E+03  0.155060E+02  0.278148E+00 -0.927027E-01  0.000000E+00  0.653314E+03  0.653314E+03  0.653349E+03 -0.133771E-01  0.594196E+03  0.100344E+03  0.755899E+01
  0.389162E+00  0.762209E+03  0.143878E+02  0.323104E+00 -0.281877E-01  0.000000E+00  0.640342E+03  0.640342E+03  0.640392E+03 -0.131114E-01  0.582455E+03  0.922248E+02  0.740595E+01
  0.394225E+00  0.747400E+03  0.129693E+02  0.339153E+00  0.251270E+00  0.000000E+00  0.627715E+03  0.627715E+03  0.627799E+03 -0.128528E-01  0.571065E+03  0.859694E+02  0.723426E+01
  0.399288E+00  0.733041E+03  0.115788E+02  0.319052E+00  0.390466E+00  0.000000E+00  0.615470E+03  0.615470E+03  0.615566E+03 -0.126020E-01  0.560013E+03  0.823210E+02  0.703352E+01
  0.404351E+00  0.719114E+03  0.104858E+02  0.271856E+00  0.226944E+00  0.000000E+00  0.603634E+03  0.603634E+03  0.603704E+03 -0.123596E-01  0.549292E+03  0.812952E+02  0.680449E+01
  0.409414E+00  0.705602E+03  0.984632E+01  0.215531E+00 -0.309418E-01  0.000000E+00  0.592219E+03  0.592219E+03  0.592251E+03 -0.121256E-01  0.538894E+03  0.822965E+02  0.655665E+01
  0.414477E+00  0.692487E+03  0.968395E+01  0.167671E+00 -0.776704E-01  0.000000E+00  0.581216E+03  0.581216E+03  0.581234E+03 -0.119000E-01  0.528811E+03  0.843599E+02  0.630427E+01
  0.419540E+00  0.679756E+03  0.990726E+01  0.138832E+00  0.120560E+00  0.000000E+00  0.570596E+03  0.570596E+03  0.570632E+03 -0.116823E-01  0.519032E+03  0.864405E+02  0.606199E+01
  0.424603E+00  0.667393E+03  0.103501E+02  0.130691E+00  0.305062E+00  0.000000E+00  0.560319E+03  0.560319E+03  0.560375E+03 -0.114717E-01  0.509545E+03  0.876747E+02  0.584126E+01
  0.429666E+00  0.655383E+03  0.108237E+02  0.138372E+00  0.251861E+00  0.000000E+00  0.550344E+03  0.550344E+03  0.550395E+03 -0.112674E-01  0.500336E+03  0.875554E+02  0.564806E+01
  0.434729E+00  0.643714E+03  0.111649E+02  0.154541E+00  0.348832E-01  0.000000E+00  0.540632E+03  0.540632E+03  0.540661E+03 -0.110686E-01  0.491393E+03  0.859923E+02  0.548248E+01
  0.439792E+00  0.632370E+03  0.112708E+02  0.172744E+00 -0.822711E-01  0.000000E+00  0.531154E+03  0.531154E+03  0.531173E+03 -0.108746E-01  0.482703E+03  0.832630E+02  0.533967E+01
  0.444855E+00  0.621341E+03  0.111121E+02  0.188617E+00  0.278556E-01  0.000000E+00  0.521896E+03  0.521896E+03  0.521931E+03 -0.106852E-01  0.474251E+03  0.798834E+02  0.521187E+01
  0.449918E+00  0.610614E+03  0.107281E+02  0.199242E+00  0.214368E+00  0.000000E+00  0.512855E+03  0.512855E+03  0.512912E+03 -0.105001E-01  0.466027E+03  0.764441E+02  0.509070E+01
  0.454981E+00  0.600177E+03  0.102058E+02  0.202000E+00  0.245784E+00  0.000000E+00  0.504034E+03  0.504034E+03  0.504094E+03 -0.103196E-01  0.458022E+03  0.734563E+02  0.496922E+01
  0.460044E+00  0.590019E+03  0.965005E+01  0.194279E+00  0.904288E-01  0.000000E+00  0.495441E+03  0.495441E+03  0.495483E+03 -0.101435E-01  0.450228E+03  0.712432E+02  0.484321E+01
  0.465107E+00  0.580131E+03  0.915779E+01  0.174552E+00 -0.589335E-01  0.000000E+00  0.487084E+03  0.487084E+03  0.487106E+03 -0.997222E-02  0.442640E+03  0.698961E+02  0.471160E+01
  0.470170E+00  0.570503E+03  0.879510E+01  0.144139E+00 -0.288257E-01  0.000000E+00  0.478965E+03  0.478965E+03  0.478985E+03 -0.980574E-02  0.435252E+03  0.692938E+02  0.457600E+01
  0.475233E+00  0.561124E+03  0.858736E+01  0.108325E+00  0.129778E+00  0.000000E+00  0.471081E+03  0.471081E+03  0.471114E+03 -0.964409E-02  0.428057E+03  0.691696E+02  0.443979E+01
  0.480297E+00  0.551988E+03  0.852056E+01  0.757004E-01  0.216277E+00  0.000000E+00  0.463423E+03  0.463423E+03  0.463460E+03 -0.948715E-02  0.421051E+03  0.692010E+02  0.430684E+01
  0.485360E+00  0.543085E+03  0.855134E+01  0.555433E-01  0.128604E+00  0.000000E+00  0.455976E+03  0.455976E+03  0.455999E+03 -0.933463E-02  0.414227E+03  0.690948E+02  0.418055E+01
  0.490423E+00  0.534407E+03  0.862174E+01  0.542131E-01 -0.213320E-01  0.000000E+00  0.448724E+03  0.448724E+03  0.448730E+03 -0.918618E-02  0.407580E+03  0.686497E+02  0.406304E+01
  0.495486E+00  0.525947E+03  0.867584E+01  0.721576E-01 -0.540813E-01  0.000000E+00  0.441651E+03  0.441651E+03  0.441657E+03 -0.904147E-02  0.401103E+03  0.677844E+02  0.395493E+01
  0.500549E+00  0.517697E+03  0.867206E+01  0.103029E+00  0.593958E-01  0.000000E+00  0.434745E+03  0.434745E+03  0.434768E+03 -0.890020E-02  0.394787E+03  0.665340E+02  0.385544E+01
  0.505612E+00  0.509650E+03  0.859005E+01  0.135515E+00  0.172141E+00  0.000000E+00  0.427996E+03  0.427996E+03  0.428037E+03 -0.876215E-02  0.388627E+03  0.650201E+02  0.376281E+01
  0.510675E+00  0.501799E+03  0.843234E+01  0.157302E+00  0.146898E+00  0.000000E+00  0.421399E+03  0.421399E+03  0.421441E+03 -0.862714E-02  0.382617E+03  0.634072E+02  0.367488E+01
  0.515738E+00  0.494138E+03  0.821898E+01  0.159636E+00  0.192453E-01  0.000000E+00  0.414951E+03  0.414951E+03  0.414980E+03 -0.849510E-02  0.376751E+03  0.618584E+02  0.358959E+01
  0.520801E+00  0.486660E+03  0.798014E+01  0.140635E+00 -0.549504E-01  0.000000E+00  0.408653E+03  0.408653E+03  0.408670E+03 -0.836600E-02  0.371025E+03  0.604983E+02  0.350541E+01
  0.525864E+00  0.479360E+03  0.774744E+01  0.106015E+00  0.748055E-02  0.000000E+00  0.402504E+03  0.402504E+03  0.402522E+03 -0.823993E-02  0.365434E+03  0.593932E+02  0.342150E+01
  0.530927E+00  0.472230E+03  0.754618E+01  0.669169E-01  0.121885E+00  0.000000E+00  0.396504E+03  0.396504E+03  0.396529E+03 -0.811692E-02  0.359974E+03  0.585464E+02  0.333779E+01
  0.535990E+00  0.465267E+03  0.739057E+01  0.357443E-01  0.146401E+00  0.000000E+00  0.390651E+03  0.390651E+03  0.390673E+03 -0.799697E-02  0.354642E+03  0.579081E+02  0.325478E+01
  0.541053E+00  0.458465E+03  0.728255E+01  0.216495E-01  0.546193E-01  0.000000E+00  0.384939E+03  0.384939E+03  0.384949E+03 -0.788001E-02  0.349434E+03  0.573955E+02  0.317330E+01
  0.546116E+00  0.451819E+03  0.721329E+01  0.274116E-01 -0.393039E-01  0.000000E+00  0.379365E+03  0.379365E+03  0.379365E+03 -0.776591E-02  0.344347E+03  0.569153E+02  0.309429E+01
  0.551179E+00  0.445324E+03  0.716732E+01  0.488074E-01 -0.248448E-01  0.000000E+00  0.373920E+03  0.373920E+03  0.373926E+03 -0.765452E-02  0.339377E+03  0.563857E+02  0.301850E+01
  0.556242E+00  0.438975E+03  0.712695E+01  0.765552E-01  0.729620E-01  0.000000E+00  0.368599E+03  0.368599E+03  0.368620E+03 -0.754568E-02  0.334520E+03  0.557528E+02  0.294638E+01
  0.561305E+00  0.432767E+03  0.707690E+01  0.999399E-01  0.130812E+00  0.000000E+00  0.363396E+03  0.363396E+03  0.363427E+03 -0.743923E-02  0.329772E+03  0.549980E+02  0.287798E+01
  0.566368E+00  0.426698E+03  0.700744E+01  0.110675E+00  0.798875E-01  0.000000E+00  0.358304E+03  0.358304E+03  0.358331E+03 -0.733502E-02  0.325130E+03  0.541375E+02  0.281300E+01
  0.571431E+00  0.420761E+03  0.691510E+01  0.105586E+00 -0.147311E-01  0.000000E+00  0.353320E+03  0.353320E+03  0.353335E+03 -0.723294E-02  0.320590E+03  0.532127E+02  0.275088E+01
  0.576494E+00  0.414954E+03  0.680309E+01  0.872509E-01 -0.390237E-01  0.000000E+00  0.348441E+03  0.348441E+03  0.348451E+03 -0.713296E-02  0.316150E+03  0.522775E+02  0.269097E+01
  0.581557E+00  0.409273E+03  0.667916E+01  0.625528E-01  0.309336E-01  0.000000E+00  0.343665E+03  0.343665E+03  0.343679E+03 -0.703508E-02  0.311804E+03  0.513839E+02  0.263265E+01
  0.586620E+00  0.403714E+03  0.655248E+01  0.398525E-01  0.105013E+00  0.000000E+00  0.338991E+03  0.338991E+03  0.339009E+03 -0.693930E-02  0.307552E+03  0.505699E+02  0.257547E+01
  0.591683E+00  0.398272E+03  0.643199E+01  0.259267E-01  0.928322E-01  0.000000E+00  0.334417E+03  0.334417E+03  0.334431E+03 -0.684561E-02  0.303390E+03  0.498528E+02  0.251921E+01
  0.616337E+00  0.373359E+03  0.603438E+01  0.672297E-01  0.962166E-01  0.000000E+00  0.313499E+03  0.313499E+03  0.313521E+03 -0.641751E-02  0.284343E+03  0.471729E+02  0.226232E+01
  0.631147E+00  0.359555E+03  0.585047E+01  0.583445E-01 -0.285739E-01  0.000000E+00  0.301914E+03  0.301914E+03  0.301921E+03 -0.618030E-02  0.273794E+03  0.454141E+02  0.212735E+01
  0.652539E+00  0.340992E+03  0.552004E+01  0.415770E-01 -0.112925E-01  0.000000E+00  0.286323E+03  0.286323E+03  0.286328E+03 -0.586104E-02  0.259611E+03  0.429007E+02  0.195247E+01
  0.674657E+00  0.323342E+03  0.522414E+01  0.373292E-01  0.439774E-01  0.000000E+00  0.271500E+03  0.271500E+03  0.271511E+03 -0.555757E-02  0.246129E+03  0.407840E+02  0.178941E+01
  0.697525E+00  0.306563E+03  0.496635E+01  0.352688E-01  0.644304E-01  0.000000E+00  0.257414E+03  0.257414E+03  0.257427E+03 -0.526918E-02  0.233316E+03  0.386818E+02  0.164048E+01
  0.721168E+00  0.290615E+03  0.469989E+01  0.347704E-01  0.496407E-01  0.000000E+00  0.244021E+03  0.244021E+03  0.244033E+03 -0.499501E-02  0.221141E+03  0.366533E+02  0.150398E+01
  0.745612E+00  0.275459E+03  0.445368E+01  0.280839E-01  0.261268E-01  0.000000E+00  0.231295E+03  0.231295E+03  0.231303E+03 -0.473447E-02  0.209574E+03  0.347665E+02  0.137835E+01
  0.770884E+00  0.261058E+03  0.421709E+01  0.268986E-01  0.936602E-02  0.000000E+00  0.219203E+03  0.219203E+03  0.219208E+03 -0.448691E-02  0.198585E+03  0.329456E+02  0.126324E+01
  0.797014E+00  0.247377E+03  0.399470E+01  0.227970E-01  0.168360E-02  0.000000E+00  0.207715E+03  0.207715E+03  0.207719E+03 -0.425173E-02  0.188149E+03  0.312250E+02  0.115753E+01
  0.824028E+00  0.234382E+03  0.378463E+01  0.205781E-01  0.937062E-03  0.000000E+00  0.196803E+03  0.196803E+03  0.196807E+03 -0.402836E-02  0.178238E+03  0.295904E+02  0.106054E+01
  0.851959E+00  0.222042E+03  0.358330E+01  0.182491E-01  0.546030E-02  0.000000E+00  0.186441E+03  0.186441E+03  0.186445E+03 -0.381623E-02  0.168829E+03  0.280344E+02  0.971576E+00
  0.880836E+00  0.210325E+03  0.339543E+01  0.160379E-01  0.141042E-01  0.000000E+00  0.176603E+03  0.176603E+03  0.176608E+03 -0.361484E-02  0.159897E+03  0.265596E+02  0.889955E+00
  0.910692E+00  0.199203E+03  0.321587E+01  0.143925E-01  0.232093E-01  0.000000E+00  0.167264E+03  0.167264E+03  0.167269E+03 -0.342367E-02  0.151420E+03  0.251574E+02  0.815108E+00
  0.941560E+00  0.188646E+03  0.304495E+01  0.125574E-01  0.239136E-01  0.000000E+00  0.158400E+03  0.158400E+03  0.158405E+03 -0.324222E-02  0.143376E+03  0.238270E+02  0.746466E+00
  0.973475E+00  0.178628E+03  0.288275E+01  0.112999E-01  0.864914E-02  0.000000E+00  0.149988E+03  0.149988E+03  0.149990E+03 -0.307001E-02  0.135744E+03  0.225639E+02  0.683527E+00
  0.100647E+01  0.169120E+03  0.272794E+01  0.992722E-02 -0.925168E-02  0.000000E+00  0.142005E+03  0.142005E+03  0.142005E+03 -0.290660E-02  0.128502E+03  0.213650E+02  0.625822E+00
  0.104058E+01  0.160100E+03  0.258145E+01  0.878872E-02 -0.408104E-03  0.000000E+00  0.134431E+03  0.134431E+03  0.134432E+03 -0.275156E-02  0.121633E+03  0.202273E+02  0.572924E+00
  0.107586E+01  0.151544E+03  0.244288E+01  0.781574E-02  0.158308E-01  0.000000E+00  0.127246E+03  0.127246E+03  0.127249E+03 -0.260449E-02  0.115118E+03  0.191479E+02  0.524439E+00
  0.111232E+01  0.143429E+03  0.231177E+01  0.691069E-02 -0.327971E-02  0.000000E+00  0.120432E+03  0.120432E+03  0.120433E+03 -0.246502E-02  0.108941E+03  0.181240E+02  0.480007E+00
  0.115002E+01  0.135735E+03  0.218774E+01  0.611569E-02  0.207079E-02  0.000000E+00  0.113972E+03  0.113972E+03  0.113973E+03 -0.233277E-02  0.103085E+03  0.171530E+02  0.439295E+00
  0.118900E+01  0.128439E+03  0.206991E+01  0.541862E-02  0.621119E-02  0.000000E+00  0.107846E+03  0.107846E+03  0.107847E+03 -0.220738E-02  0.975327E+02  0.162321E+02  0.401995E+00
  0.122931E+01  0.121522E+03  0.195817E+01  0.479809E-02 -0.194659E-02  0.000000E+00  0.102038E+03  0.102038E+03  0.102038E+03 -0.208850E-02  0.922700E+02  0.153590E+02  0.367823E+00
  0.127097E+01  0.114966E+03  0.185235E+01  0.424664E-02  0.370411E-02  0.000000E+00  0.965323E+02  0.965323E+02  0.965334E+02 -0.197581E-02  0.872820E+02  0.145312E+02  0.336521E+00
  0.131405E+01  0.108751E+03  0.175229E+01  0.375859E-02  0.361292E-02  0.000000E+00  0.913143E+02  0.913143E+02  0.913153E+02 -0.186900E-02  0.825552E+02  0.137465E+02  0.307851E+00
  0.135859E+01  0.102862E+03  0.165739E+01  0.332666E-02 -0.435165E-02  0.000000E+00  0.863698E+02  0.863698E+02  0.863698E+02 -0.176779E-02  0.780768E+02  0.130029E+02  0.281597E+00
  0.140464E+01  0.972830E+02  0.156715E+01  0.294393E-02  0.448340E-02  0.000000E+00  0.816848E+02  0.816848E+02  0.816858E+02 -0.167190E-02  0.738342E+02  0.122982E+02  0.257558E+00
  0.145225E+01  0.919969E+02  0.148146E+01  0.260499E-02  0.510629E-02  0.000000E+00  0.772463E+02  0.772463E+02  0.772473E+02 -0.158105E-02  0.698153E+02  0.116305E+02  0.235547E+00
  0.150148E+01  0.869895E+02  0.140058E+01  0.230487E-02  0.139691E-03  0.000000E+00  0.730417E+02  0.730417E+02  0.730421E+02 -0.149499E-02  0.660088E+02  0.109979E+02  0.215397E+00
  0.155237E+01  0.822468E+02  0.132440E+01  0.203910E-02 -0.245529E-02  0.000000E+00  0.690594E+02  0.690594E+02  0.690595E+02 -0.141348E-02  0.624040E+02  0.103988E+02  0.196953E+00
  0.160499E+01  0.777554E+02  0.125229E+01  0.180378E-02 -0.283790E-02  0.000000E+00  0.652883E+02  0.652883E+02  0.652882E+02 -0.133629E-02  0.589908E+02  0.983132E+01  0.180072E+00
  0.165939E+01  0.735025E+02  0.118373E+01  0.159546E-02 -0.252845E-02  0.000000E+00  0.617172E+02  0.617172E+02  0.617172E+02 -0.126320E-02  0.557591E+02  0.929393E+01  0.164623E+00
  0.171563E+01  0.694755E+02  0.111867E+01  0.141106E-02 -0.149072E-02  0.000000E+00  0.583359E+02  0.583359E+02  0.583360E+02 -0.119399E-02  0.526996E+02  0.878506E+01  0.150485E+00
  0.177379E+01  0.656633E+02  0.105720E+01  0.124783E-02  0.972022E-03  0.000000E+00  0.551349E+02  0.551349E+02  0.551352E+02 -0.112847E-02  0.498035E+02  0.830328E+01  0.137550E+00
  0.183391E+01  0.620548E+02  0.999018E+00  0.110339E-02  0.279000E-02  0.000000E+00  0.521050E+02  0.521050E+02  0.521054E+02 -0.106645E-02  0.470625E+02  0.784723E+01  0.125715E+00
  0.189607E+01  0.586395E+02  0.943869E+00  0.975608E-03 -0.386469E-03  0.000000E+00  0.492372E+02  0.492372E+02  0.492374E+02 -0.100776E-02  0.444686E+02  0.741556E+01  0.114890E+00
  0.196034E+01  0.554073E+02  0.891811E+00  0.862531E-03 -0.651754E-03  0.000000E+00  0.465233E+02  0.465233E+02  0.465234E+02 -0.952210E-03  0.420141E+02  0.700702E+01  0.104987E+00
  0.202678E+01  0.523489E+02  0.842718E+00  0.762482E-03  0.145674E-02  0.000000E+00  0.439553E+02  0.439553E+02  0.439556E+02 -0.899648E-03  0.396918E+02  0.662041E+01  0.959303E-01
  0.209548E+01  0.494551E+02  0.796175E+00  0.673996E-03 -0.627018E-03  0.000000E+00  0.415255E+02  0.415255E+02  0.415255E+02 -0.849916E-03  0.374947E+02  0.625461E+01  0.876476E-01
  0.216651E+01  0.467173E+02  0.752030E+00  0.595717E-03 -0.217708E-03  0.000000E+00  0.392267E+02  0.392267E+02  0.392267E+02 -0.802864E-03  0.354163E+02  0.590850E+01  0.800734E-01
  0.223994E+01  0.441275E+02  0.710292E+00  0.526479E-03  0.146016E-02  0.000000E+00  0.370521E+02  0.370521E+02  0.370523E+02 -0.758356E-03  0.334505E+02  0.558108E+01  0.731479E-01
  0.231586E+01  0.416779E+02  0.670779E+00  0.465259E-03  0.538170E-03  0.000000E+00  0.349953E+02  0.349953E+02  0.349954E+02 -0.716258E-03  0.315912E+02  0.527138E+01  0.668162E-01
  0.239436E+01  0.393612E+02  0.633427E+00  0.411123E-03 -0.194536E-03  0.000000E+00  0.330500E+02  0.330500E+02  0.330500E+02 -0.676443E-03  0.298330E+02  0.497846E+01  0.610278E-01
  0.247552E+01  0.371704E+02  0.598218E+00  0.363255E-03 -0.194982E-03  0.000000E+00  0.312105E+02  0.312105E+02  0.312105E+02 -0.638792E-03  0.281706E+02  0.470145E+01  0.557367E-01
  0.255943E+01  0.350988E+02  0.564923E+00  0.320933E-03  0.364219E-03  0.000000E+00  0.294711E+02  0.294711E+02  0.294711E+02 -0.603191E-03  0.265987E+02  0.443951E+01  0.509006E-01
  0.264618E+01  0.331401E+02  0.533406E+00  0.283519E-03  0.851488E-03  0.000000E+00  0.278264E+02  0.278264E+02  0.278266E+02 -0.569529E-03  0.251127E+02  0.419184E+01  0.464805E-01
  0.273587E+01  0.312883E+02  0.503581E+00  0.250451E-03 -0.283352E-03  0.000000E+00  0.262716E+02  0.262716E+02  0.262716E+02 -0.537706E-03  0.237079E+02  0.395768E+01  0.424411E-01
  0.282860E+01  0.295379E+02  0.475341E+00  0.221219E-03  0.269493E-04  0.000000E+00  0.248018E+02  0.248018E+02  0.248018E+02 -0.507623E-03  0.223800E+02  0.373632E+01  0.387499E-01
  0.292448E+01  0.278834E+02  0.448693E+00  0.195386E-03 -0.125368E-03  0.000000E+00  0.234125E+02  0.234125E+02  0.234125E+02 -0.479188E-03  0.211251E+02  0.352708E+01  0.353773E-01
  0.302360E+01  0.263196E+02  0.423544E+00  0.172555E-03  0.531742E-03  0.000000E+00  0.220995E+02  0.220995E+02  0.220996E+02 -0.452315E-03  0.199391E+02  0.332932E+01  0.322960E-01
  0.312609E+01  0.248418E+02  0.399798E+00  0.152383E-03 -0.225088E-04  0.000000E+00  0.208587E+02  0.208587E+02  0.208587E+02 -0.426918E-03  0.188184E+02  0.314243E+01  0.294810E-01
  0.323205E+01  0.234453E+02  0.377333E+00  0.134559E-03 -0.243438E-03  0.000000E+00  0.196861E+02  0.196861E+02  0.196861E+02 -0.402918E-03  0.177594E+02  0.296581E+01  0.269095E-01
  0.334160E+01  0.221258E+02  0.356069E+00  0.118811E-03 -0.118697E-03  0.000000E+00  0.185781E+02  0.185781E+02  0.185781E+02 -0.380241E-03  0.167589E+02  0.279893E+01  0.245606E-01
  0.345486E+01  0.208791E+02  0.335975E+00  0.104897E-03  0.269812E-03  0.000000E+00  0.175313E+02  0.175313E+02  0.175314E+02 -0.358816E-03  0.158136E+02  0.264125E+01  0.224153E-01
  0.357197E+01  0.197014E+02  0.317021E+00  0.926081E-04  0.841435E-04  0.000000E+00  0.165424E+02  0.165424E+02  0.165425E+02 -0.338576E-03  0.149208E+02  0.249229E+01  0.204561E-01
  0.369304E+01  0.185888E+02  0.299142E+00  0.817530E-04 -0.123664E-03  0.000000E+00  0.156083E+02  0.156083E+02  0.156083E+02 -0.319457E-03  0.140774E+02  0.235158E+01  0.186668E-01
  0.381821E+01  0.175380E+02  0.282247E+00  0.721651E-04 -0.925262E-04  0.000000E+00  0.147259E+02  0.147259E+02  0.147259E+02 -0.301397E-03  0.132808E+02  0.221866E+01  0.170330E-01
  0.394763E+01  0.165454E+02  0.266262E+00  0.636970E-04  0.202576E-03  0.000000E+00  0.138925E+02  0.138925E+02  0.138926E+02 -0.284340E-03  0.125285E+02  0.209311E+01  0.155412E-01
  0.408144E+01  0.156081E+02  0.251155E+00  0.562192E-04  0.209369E-03  0.000000E+00  0.131055E+02  0.131055E+02  0.131055E+02 -0.268231E-03  0.118181E+02  0.197455E+01  0.141791E-01
  0.421978E+01  0.147229E+02  0.236909E+00  0.496162E-04  0.121187E-03  0.000000E+00  0.123622E+02  0.123622E+02  0.123622E+02 -0.253019E-03  0.111473E+02  0.186259E+01  0.129357E-01
  0.436281E+01  0.138871E+02  0.223477E+00  0.437861E-04 -0.162372E-03  0.000000E+00  0.116604E+02  0.116604E+02  0.116604E+02 -0.238655E-03  0.105139E+02  0.175686E+01  0.118006E-01
  0.451069E+01  0.130979E+02  0.210787E+00  0.386382E-04  0.114810E-03  0.000000E+00  0.109978E+02  0.109978E+02  0.109978E+02 -0.225093E-03  0.991592E+01  0.165703E+01  0.107644E-01
  0.466358E+01  0.123528E+02  0.198786E+00  0.340937E-04 -0.148116E-03  0.000000E+00  0.103722E+02  0.103722E+02  0.103721E+02 -0.212288E-03  0.935136E+01  0.156278E+01  0.981861E-02
  0.482165E+01  0.116494E+02  0.187453E+00  0.300818E-04 -0.971699E-04  0.000000E+00  0.978155E+01  0.978155E+01  0.978154E+01 -0.200200E-03  0.881844E+01  0.147381E+01  0.895541E-02
  0.498508E+01  0.109854E+02  0.176774E+00  0.265403E-04 -0.106005E-03  0.000000E+00  0.922404E+01  0.922404E+01  0.922403E+01 -0.188789E-03  0.831542E+01  0.138981E+01  0.816764E-02
  0.515405E+01  0.103587E+02  0.166701E+00  0.234144E-04 -0.687240E-04  0.000000E+00  0.869779E+01  0.869779E+01  0.869779E+01 -0.178018E-03  0.784064E+01  0.131053E+01  0.744874E-02
  0.532875E+01  0.976716E+01  0.157181E+00  0.206554E-04  0.712558E-04  0.000000E+00  0.820109E+01  0.820109E+01  0.820110E+01 -0.167852E-03  0.739254E+01  0.123570E+01  0.679272E-02
  0.550937E+01  0.920888E+01  0.148186E+00  0.182205E-04  0.859324E-05  0.000000E+00  0.773232E+01  0.773232E+01  0.773232E+01 -0.158258E-03  0.696966E+01  0.116507E+01  0.619413E-02
  0.569611E+01  0.868203E+01  0.139707E+00  0.160717E-04 -0.419993E-04  0.000000E+00  0.728995E+01  0.728995E+01  0.728994E+01 -0.149204E-03  0.657062E+01  0.109843E+01  0.564799E-02
  0.588918E+01  0.818487E+01  0.131717E+00  0.141755E-04  0.195072E-04  0.000000E+00  0.687250E+01  0.687250E+01  0.687251E+01 -0.140660E-03  0.619408E+01  0.103553E+01  0.514973E-02
  0.608879E+01  0.771575E+01  0.124169E+00  0.125023E-04  0.226261E-04  0.000000E+00  0.647860E+01  0.647860E+01  0.647860E+01 -0.132598E-03  0.583881E+01  0.976185E+00  0.469516E-02
  0.629517E+01  0.727312E+01  0.117039E+00  0.110260E-04  0.145126E-04  0.000000E+00  0.610695E+01  0.610695E+01  0.610695E+01 -0.124991E-03  0.550362E+01  0.920189E+00  0.428049E-02
  0.650855E+01  0.685554E+01  0.110318E+00  0.972352E-05 -0.256212E-04  0.000000E+00  0.575631E+01  0.575631E+01  0.575631E+01 -0.117815E-03  0.518740E+01  0.867361E+00  0.390225E-02
  0.672916E+01  0.646158E+01  0.103986E+00  0.857441E-05  0.200201E-04  0.000000E+00  0.542553E+01  0.542553E+01  0.542553E+01 -0.111045E-03  0.488910E+01  0.817522E+00  0.355724E-02
  0.695724E+01  0.608995E+01  0.980056E-01  0.756071E-05 -0.690920E-05  0.000000E+00  0.511348E+01  0.511348E+01  0.511348E+01 -0.104658E-03  0.460772E+01  0.770506E+00  0.324257E-02
  0.719306E+01  0.573940E+01  0.923585E-01  0.666649E-05  0.348168E-04  0.000000E+00  0.481914E+01  0.481914E+01  0.481914E+01 -0.986336E-04  0.434231E+01  0.726157E+00  0.295559E-02
  0.743687E+01  0.540876E+01  0.870392E-01  0.587774E-05  0.315810E-04  0.000000E+00  0.454151E+01  0.454151E+01  0.454152E+01 -0.929514E-04  0.409199E+01  0.684326E+00  0.269387E-02
  0.768894E+01  0.509690E+01  0.820259E-01  0.518206E-05 -0.112227E-04  0.000000E+00  0.427967E+01  0.427967E+01  0.427966E+01 -0.875922E-04  0.385590E+01  0.644873E+00  0.245521E-02
  0.794956E+01  0.480279E+01  0.772906E-01  0.456847E-05  0.219437E-04  0.000000E+00  0.403271E+01  0.403271E+01  0.403272E+01 -0.825378E-04  0.363326E+01  0.607664E+00  0.223758E-02
  0.821901E+01  0.452544E+01  0.728244E-01  0.402734E-05  0.149521E-04  0.000000E+00  0.379983E+01  0.379983E+01  0.379983E+01 -0.777713E-04  0.342331E+01  0.572574E+00  0.203915E-02
  0.849759E+01  0.426390E+01  0.686192E-01  0.355013E-05  0.995198E-05  0.000000E+00  0.358022E+01  0.358022E+01  0.358022E+01 -0.732766E-04  0.322534E+01  0.539485E+00  0.185822E-02
  0.878562E+01  0.401728E+01  0.646515E-01  0.312931E-05  0.401396E-05  0.000000E+00  0.337314E+01  0.337314E+01  0.337314E+01 -0.690383E-04  0.303868E+01  0.508283E+00  0.169327E-02
  0.908341E+01  0.378474E+01  0.609062E-01  0.275824E-05  0.359172E-05  0.000000E+00  0.317789E+01  0.317789E+01  0.317790E+01 -0.650421E-04  0.286268E+01  0.478863E+00  0.154289E-02
  0.939129E+01  0.356551E+01  0.573798E-01  0.243106E-05  0.594807E-05  0.000000E+00  0.299381E+01  0.299381E+01  0.299381E+01 -0.612745E-04  0.269676E+01  0.451126E+00  0.140580E-02
  0.970961E+01  0.335881E+01  0.540555E-01  0.214259E-05  0.124208E-04  0.000000E+00  0.282026E+01  0.282026E+01  0.282026E+01 -0.577224E-04  0.254033E+01  0.424976E+00  0.128083E-02
  0.100387E+02  0.316396E+01  0.509173E-01  0.188826E-05  0.103160E-04  0.000000E+00  0.265665E+01  0.265665E+01  0.265665E+01 -0.543737E-04  0.239288E+01  0.400322E+00  0.116692E-02
  0.103790E+02  0.298028E+01  0.479619E-01  0.166405E-05 -0.894005E-05  0.000000E+00  0.250242E+01  0.250242E+01  0.250242E+01 -0.512171E-04  0.225388E+01  0.377083E+00  0.106310E-02
  0.107308E+02  0.280713E+01  0.451775E-01  0.146639E-05 -0.841670E-05  0.000000E+00  0.235704E+01  0.235704E+01  0.235703E+01 -0.482416E-04  0.212286E+01  0.355177E+00  0.968468E-03
  0.110945E+02  0.264393E+01  0.425493E-01  0.129215E-05  0.753550E-05  0.000000E+00  0.222000E+01  0.222000E+01  0.222000E+01 -0.454369E-04  0.199938E+01  0.334528E+00  0.882222E-03
  0.114706E+02  0.249011E+01  0.400743E-01  0.113856E-05  0.818167E-05  0.000000E+00  0.209085E+01  0.209085E+01  0.209085E+01 -0.427935E-04  0.188300E+01  0.315067E+00  0.803624E-03
  0.118593E+02  0.234514E+01  0.377427E-01  0.100319E-05 -0.608219E-05  0.000000E+00  0.196912E+01  0.196912E+01  0.196912E+01 -0.403021E-04  0.177331E+01  0.296725E+00  0.731996E-03
  0.122613E+02  0.220852E+01  0.355425E-01  0.883874E-06  0.168156E-05  0.000000E+00  0.185440E+01  0.185440E+01  0.185440E+01 -0.379542E-04  0.166995E+01  0.279439E+00  0.666725E-03
  0.126769E+02  0.207977E+01  0.334712E-01  0.778717E-06 -0.801180E-05  0.000000E+00  0.174630E+01  0.174630E+01  0.174630E+01 -0.357415E-04  0.157254E+01  0.263149E+00  0.607250E-03
  0.131066E+02  0.195844E+01  0.315193E-01  0.686041E-06 -0.659673E-05  0.000000E+00  0.164442E+01  0.164442E+01  0.164442E+01 -0.336565E-04  0.148076E+01  0.247798E+00  0.553057E-03
  0.135509E+02  0.184412E+01  0.296784E-01  0.604368E-06  0.174136E-05  0.000000E+00  0.154843E+01  0.154843E+01  0.154843E+01 -0.316918E-04  0.139428E+01  0.233333E+00  0.503680E-03
  0.140102E+02  0.173640E+01  0.279459E-01  0.532398E-06  0.527354E-06  0.000000E+00  0.145798E+01  0.145798E+01  0.145798E+01 -0.298406E-04  0.131279E+01  0.219704E+00  0.458694E-03
  0.144850E+02  0.163490E+01  0.263122E-01  0.468979E-06 -0.320152E-05  0.000000E+00  0.137276E+01  0.137276E+01  0.137276E+01 -0.280964E-04  0.123602E+01  0.206863E+00  0.417709E-03
  0.149760E+02  0.153928E+01  0.247731E-01  0.413098E-06 -0.498806E-05  0.000000E+00  0.129248E+01  0.129248E+01  0.129247E+01 -0.264532E-04  0.116369E+01  0.194764E+00  0.380371E-03
  0.154836E+02  0.144920E+01  0.233241E-01  0.363860E-06  0.425736E-07  0.000000E+00  0.121683E+01  0.121683E+01  0.121683E+01 -0.249050E-04  0.109556E+01  0.183366E+00  0.346357E-03
  0.160084E+02  0.136433E+01  0.219576E-01  0.320479E-06 -0.337764E-05  0.000000E+00  0.114558E+01  0.114558E+01  0.114558E+01 -0.234466E-04  0.103137E+01  0.172628E+00  0.315373E-03
  0.165511E+02  0.128439E+01  0.206716E-01  0.282259E-06 -0.242318E-05  0.000000E+00  0.107845E+01  0.107845E+01  0.107845E+01 -0.220727E-04  0.970910E+00  0.162513E+00  0.287151E-03
  0.171121E+02  0.120908E+01  0.194594E-01  0.248587E-06 -0.256105E-05  0.000000E+00  0.101522E+01  0.101522E+01  0.101522E+01 -0.207785E-04  0.913957E+00  0.152985E+00  0.261443E-03
  0.176921E+02  0.113815E+01  0.183178E-01  0.218924E-06  0.344912E-06  0.000000E+00  0.955661E+00  0.955661E+00  0.955661E+00 -0.195595E-04  0.860315E+00  0.144010E+00  0.238029E-03
  0.182917E+02  0.107134E+01  0.172429E-01  0.192794E-06  0.184204E-05  0.000000E+00  0.899562E+00  0.899562E+00  0.899562E+00 -0.184114E-04  0.809790E+00  0.135557E+00  0.216704E-03
  0.189117E+02  0.100842E+01  0.162298E-01  0.169776E-06  0.919671E-06  0.000000E+00  0.846726E+00  0.846726E+00  0.846726E+00 -0.173300E-04  0.762206E+00  0.127595E+00  0.197282E-03
  0.195528E+02  0.949152E+00  0.152764E-01  0.149500E-06 -0.226370E-05  0.000000E+00  0.796965E+00  0.796965E+00  0.796965E+00 -0.163115E-04  0.717392E+00  0.120096E+00  0.179594E-03
  0.202155E+02  0.893339E+00  0.143778E-01  0.131641E-06  0.142657E-05  0.000000E+00  0.750101E+00  0.750101E+00  0.750101E+00 -0.153523E-04  0.675189E+00  0.113034E+00  0.163487E-03
  0.209007E+02  0.840779E+00  0.135323E-01  0.115912E-06 -0.103014E-05  0.000000E+00  0.705968E+00  0.705968E+00  0.705968E+00 -0.144491E-04  0.635447E+00  0.106384E+00  0.148819E-03
  0.216091E+02  0.791283E+00  0.127354E-01  0.102058E-06 -0.171471E-05  0.000000E+00  0.664409E+00  0.664409E+00  0.664409E+00 -0.135985E-04  0.598023E+00  0.100121E+00  0.135462E-03
  0.223416E+02  0.744676E+00  0.119855E-01  0.898571E-07 -0.148756E-05  0.000000E+00  0.625274E+00  0.625274E+00  0.625274E+00 -0.127975E-04  0.562785E+00  0.942239E-01  0.123300E-03
  0.230989E+02  0.700789E+00  0.112790E-01  0.791119E-07 -0.139441E-05  0.000000E+00  0.588425E+00  0.588425E+00  0.588425E+00 -0.120433E-04  0.529604E+00  0.886709E-01  0.112226E-03
  0.238818E+02  0.659468E+00  0.106142E-01  0.696492E-07 -0.121440E-05  0.000000E+00  0.553728E+00  0.553728E+00  0.553728E+00 -0.113332E-04  0.498363E+00  0.834424E-01  0.102143E-03
  0.246913E+02  0.620561E+00  0.998785E-02  0.613162E-07 -0.745010E-06  0.000000E+00  0.521060E+00  0.521060E+00  0.521060E+00 -0.106646E-04  0.468950E+00  0.785195E-01  0.929632E-04
  0.255282E+02  0.583931E+00  0.939844E-02  0.539785E-07 -0.242563E-06  0.000000E+00  0.490304E+00  0.490304E+00  0.490303E+00 -0.100351E-04  0.441258E+00  0.738846E-01  0.846055E-04
  0.263935E+02  0.549445E+00  0.884329E-02  0.475172E-07 -0.378359E-07  0.000000E+00  0.461347E+00  0.461347E+00  0.461347E+00 -0.944241E-05  0.415188E+00  0.695210E-01  0.769967E-04
  0.272881E+02  0.516979E+00  0.832089E-02  0.418280E-07 -0.243459E-06  0.000000E+00  0.434087E+00  0.434087E+00  0.434087E+00 -0.888447E-05  0.390646E+00  0.654130E-01  0.700700E-04
  0.282130E+02  0.486416E+00  0.782886E-02  0.368188E-07 -0.731087E-06  0.000000E+00  0.408424E+00  0.408424E+00  0.408424E+00 -0.835923E-05  0.367542E+00  0.615457E-01  0.637644E-04
  0.291693E+02  0.457645E+00  0.736593E-02  0.324084E-07 -0.700592E-07  0.000000E+00  0.384266E+00  0.384266E+00  0.384266E+00 -0.786479E-05  0.345794E+00  0.579053E-01  0.580244E-04
  0.301580E+02  0.430562E+00  0.692993E-02  0.285254E-07 -0.226026E-06  0.000000E+00  0.361526E+00  0.361526E+00  0.361526E+00 -0.739937E-05  0.325323E+00  0.544784E-01  0.527994E-04
  0.311802E+02  0.405070E+00  0.651972E-02  0.251068E-07  0.360618E-06  0.000000E+00  0.340121E+00  0.340121E+00  0.340121E+00 -0.696127E-05  0.306055E+00  0.512527E-01  0.480435E-04
  0.322370E+02  0.381075E+00  0.613348E-02  0.220973E-07  0.282526E-06  0.000000E+00  0.319974E+00  0.319974E+00  0.319974E+00 -0.654891E-05  0.287919E+00  0.482166E-01  0.437147E-04
  0.333297E+02  0.358491E+00  0.576999E-02  0.194479E-07 -0.453924E-06  0.000000E+00  0.301010E+00  0.301010E+00  0.301010E+00 -0.616079E-05  0.270849E+00  0.453589E-01  0.397747E-04
  0.344594E+02  0.337235E+00  0.542791E-02  0.171156E-07  0.773273E-07  0.000000E+00  0.283163E+00  0.283163E+00  0.283163E+00 -0.579550E-05  0.254784E+00  0.426693E-01  0.361887E-04
  0.356274E+02  0.317230E+00  0.510587E-02  0.150626E-07 -0.214064E-06  0.000000E+00  0.266365E+00  0.266365E+00  0.266365E+00 -0.545170E-05  0.239664E+00  0.401379E-01  0.329251E-04
  0.368350E+02  0.298402E+00  0.480290E-02  0.132554E-07  0.203213E-06  0.000000E+00  0.250556E+00  0.250556E+00  0.250557E+00 -0.512815E-05  0.225436E+00  0.377556E-01  0.299549E-04
  0.380836E+02  0.280684E+00  0.451769E-02  0.116647E-07  0.191750E-06  0.000000E+00  0.235679E+00  0.235679E+00  0.235679E+00 -0.482366E-05  0.212046E+00  0.355136E-01  0.272519E-04
  0.393744E+02  0.264011E+00  0.424931E-02  0.102646E-07 -0.712689E-07  0.000000E+00  0.221679E+00  0.221679E+00  0.221679E+00 -0.453712E-05  0.199445E+00  0.334038E-01  0.247921E-04
  0.407090E+02  0.248320E+00  0.399681E-02  0.903226E-08  0.162845E-06  0.000000E+00  0.208505E+00  0.208505E+00  0.208505E+00 -0.426748E-05  0.187588E+00  0.314184E-01  0.225536E-04
  0.420889E+02  0.233556E+00  0.375914E-02  0.794766E-08  0.151934E-06  0.000000E+00  0.196108E+00  0.196108E+00  0.196108E+00 -0.401375E-05  0.176431E+00  0.295502E-01  0.205167E-04
  0.435155E+02  0.219663E+00  0.353552E-02  0.699310E-08 -0.876664E-07  0.000000E+00  0.184443E+00  0.184443E+00  0.184443E+00 -0.377499E-05  0.165933E+00  0.277922E-01  0.186633E-04
  0.449904E+02  0.206591E+00  0.332514E-02  0.615301E-08  0.240455E-07  0.000000E+00  0.173466E+00  0.173466E+00  0.173466E+00 -0.355035E-05  0.156055E+00  0.261381E-01  0.169768E-04
  0.465154E+02  0.194292E+00  0.312716E-02  0.541370E-08 -0.174688E-06  0.000000E+00  0.163139E+00  0.163139E+00  0.163139E+00 -0.333898E-05  0.146761E+00  0.245818E-01  0.154423E-04
  0.480920E+02  0.182720E+00  0.294089E-02  0.476308E-08 -0.197638E-07  0.000000E+00  0.153422E+00  0.153422E+00  0.153422E+00 -0.314010E-05  0.138017E+00  0.231175E-01  0.140461E-04
  0.497221E+02  0.171832E+00  0.276566E-02  0.419053E-08  0.902024E-07  0.000000E+00  0.144281E+00  0.144281E+00  0.144281E+00 -0.295300E-05  0.129791E+00  0.217398E-01  0.127759E-04
  0.514074E+02  0.161589E+00  0.260078E-02  0.368671E-08 -0.115603E-07  0.000000E+00  0.135680E+00  0.135680E+00  0.135680E+00 -0.277696E-05  0.122051E+00  0.204436E-01  0.116201E-04
  0.531499E+02  0.151952E+00  0.244566E-02  0.324338E-08 -0.100703E-06  0.000000E+00  0.127588E+00  0.127588E+00  0.127588E+00 -0.261136E-05  0.114770E+00  0.192242E-01  0.105687E-04
  0.549514E+02  0.142887E+00  0.229974E-02  0.285328E-08  0.338333E-07  0.000000E+00  0.119976E+00  0.119976E+00  0.119976E+00 -0.245556E-05  0.107921E+00  0.180771E-01  0.961216E-05
  0.568140E+02  0.134359E+00  0.216248E-02  0.251003E-08  0.568240E-07  0.000000E+00  0.112816E+00  0.112816E+00  0.112816E+00 -0.230900E-05  0.101478E+00  0.169979E-01  0.874196E-05
  0.587397E+02  0.126336E+00  0.203335E-02  0.220802E-08  0.456011E-07  0.000000E+00  0.106079E+00  0.106079E+00  0.106079E+00 -0.217113E-05  0.954169E-01  0.159828E-01  0.795035E-05
  0.607307E+02  0.118790E+00  0.191187E-02  0.194229E-08 -0.591337E-07  0.000000E+00  0.997430E-01  0.997430E-01  0.997430E-01 -0.204144E-05  0.897156E-01  0.150278E-01  0.723023E-05
  0.627892E+02  0.111691E+00  0.179761E-02  0.170850E-08 -0.419658E-07  0.000000E+00  0.937826E-01  0.937826E-01  0.937826E-01 -0.191945E-05  0.843530E-01  0.141296E-01  0.657518E-05
  0.649174E+02  0.105014E+00  0.169013E-02  0.150281E-08 -0.238157E-07  0.000000E+00  0.881763E-01  0.881763E-01  0.881763E-01 -0.180471E-05  0.793089E-01  0.132847E-01  0.597933E-05
  0.671178E+02  0.987341E-01  0.158905E-02  0.132186E-08 -0.547243E-07  0.000000E+00  0.829030E-01  0.829030E-01  0.829030E-01 -0.169678E-05  0.745646E-01  0.124900E-01  0.543735E-05
  0.693928E+02  0.928272E-01  0.149397E-02  0.116266E-08 -0.445245E-07  0.000000E+00  0.779432E-01  0.779432E-01  0.779432E-01 -0.159527E-05  0.701024E-01  0.117425E-01  0.494437E-05
  0.717449E+02  0.872715E-01  0.140454E-02  0.102261E-08 -0.480971E-07  0.000000E+00  0.732784E-01  0.732784E-01  0.732784E-01 -0.149979E-05  0.659056E-01  0.110395E-01  0.449598E-05
  0.741767E+02  0.820464E-01  0.132043E-02  0.899404E-09 -0.228366E-07  0.000000E+00  0.688911E-01  0.688911E-01  0.688911E-01 -0.141000E-05  0.619586E-01  0.103783E-01  0.408816E-05
  0.766909E+02  0.771323E-01  0.124132E-02  0.791025E-09  0.387140E-08  0.000000E+00  0.647649E-01  0.647649E-01  0.647649E-01 -0.132555E-05  0.582467E-01  0.975642E-02  0.371725E-05
  0.792903E+02  0.725108E-01  0.116693E-02  0.695688E-09 -0.446568E-09  0.000000E+00  0.608844E-01  0.608844E-01  0.608844E-01 -0.124612E-05  0.547558E-01  0.917160E-02  0.337991E-05
  0.819779E+02  0.681647E-01  0.109697E-02  0.611828E-09 -0.323049E-07  0.000000E+00  0.572351E-01  0.572351E-01  0.572351E-01 -0.117143E-05  0.514729E-01  0.862162E-02  0.307311E-05
  0.847565E+02  0.640775E-01  0.103118E-02  0.538063E-09  0.101219E-07  0.000000E+00  0.538033E-01  0.538033E-01  0.538033E-01 -0.110119E-05  0.483858E-01  0.810441E-02  0.279410E-05
  0.876294E+02  0.602340E-01  0.969310E-03  0.473180E-09 -0.584836E-08  0.000000E+00  0.505761E-01  0.505761E-01  0.505761E-01 -0.103514E-05  0.454828E-01  0.761804E-02  0.254036E-05
  0.905996E+02  0.566198E-01  0.911131E-03  0.416111E-09  0.144846E-07  0.000000E+00  0.475414E-01  0.475414E-01  0.475414E-01 -0.973031E-06  0.427530E-01  0.716068E-02  0.230962E-05
  0.936705E+02  0.532212E-01  0.856423E-03  0.365917E-09 -0.190372E-07  0.000000E+00  0.446877E-01  0.446877E-01  0.446877E-01 -0.914626E-06  0.401861E-01  0.673060E-02  0.209979E-05
  0.968454E+02  0.500256E-01  0.804981E-03  0.321769E-09 -0.926672E-08  0.000000E+00  0.420044E-01  0.420044E-01  0.420044E-01 -0.859707E-06  0.377725E-01  0.632620E-02  0.190898E-05
  0.100128E+03  0.470207E-01  0.756610E-03  0.282942E-09  0.102041E-07  0.000000E+00  0.394814E-01  0.394814E-01  0.394814E-01 -0.808068E-06  0.355031E-01  0.594595E-02  0.173547E-05
  0.103522E+03  0.441954E-01  0.711129E-03  0.248794E-09 -0.855624E-08  0.000000E+00  0.371091E-01  0.371091E-01  0.371091E-01 -0.759514E-06  0.333693E-01  0.558841E-02  0.157770E-05
  0.107031E+03  0.415390E-01  0.668366E-03  0.218762E-09  0.793659E-08  0.000000E+00  0.348786E-01  0.348786E-01  0.348786E-01 -0.713861E-06  0.313631E-01  0.525224E-02  0.143424E-05
  0.110659E+03  0.390414E-01  0.628159E-03  0.192351E-09  0.741764E-08  0.000000E+00  0.327814E-01  0.327814E-01  0.327814E-01 -0.670939E-06  0.294768E-01  0.493617E-02  0.130380E-05
  0.114409E+03  0.366931E-01  0.590357E-03  0.169125E-09 -0.118796E-07  0.000000E+00  0.308097E-01  0.308097E-01  0.308097E-01 -0.630584E-06  0.277035E-01  0.463900E-02  0.118520E-05
  0.118287E+03  0.344854E-01  0.554817E-03  0.148700E-09 -0.219118E-08  0.000000E+00  0.289560E-01  0.289560E-01  0.289560E-01 -0.592643E-06  0.260362E-01  0.435962E-02  0.107737E-05
  0.122297E+03  0.324099E-01  0.521404E-03  0.130739E-09  0.279660E-08  0.000000E+00  0.272132E-01  0.272132E-01  0.272132E-01 -0.556974E-06  0.244688E-01  0.409695E-02  0.979326E-06
  0.126442E+03  0.304586E-01  0.489992E-03  0.114944E-09  0.525458E-08  0.000000E+00  0.255748E-01  0.255748E-01  0.255748E-01 -0.523441E-06  0.229953E-01  0.385002E-02  0.890188E-06
  0.130728E+03  0.286242E-01  0.460462E-03  0.101056E-09 -0.324802E-08  0.000000E+00  0.240345E-01  0.240345E-01  0.240345E-01 -0.491916E-06  0.216101E-01  0.361787E-02  0.809147E-06
  0.135159E+03  0.268997E-01  0.432701E-03  0.888434E-10  0.425860E-08  0.000000E+00  0.225866E-01  0.225866E-01  0.225866E-01 -0.462281E-06  0.203079E-01  0.339963E-02  0.735470E-06
  0.139740E+03  0.252787E-01  0.406603E-03  0.781051E-10  0.248702E-09  0.000000E+00  0.212254E-01  0.212254E-01  0.212254E-01 -0.434422E-06  0.190838E-01  0.319448E-02  0.668490E-06
  0.144476E+03  0.237548E-01  0.382071E-03  0.686633E-10  0.116884E-08  0.000000E+00  0.199459E-01  0.199459E-01  0.199459E-01 -0.408234E-06  0.179331E-01  0.300163E-02  0.607597E-06
  0.149373E+03  0.223223E-01  0.359010E-03  0.603615E-10  0.286502E-08  0.000000E+00  0.187431E-01  0.187431E-01  0.187431E-01 -0.383617E-06  0.168514E-01  0.282034E-02  0.552242E-06
  0.154437E+03  0.209759E-01  0.337333E-03  0.530622E-10  0.228530E-08  0.000000E+00  0.176125E-01  0.176125E-01  0.176126E-01 -0.360477E-06  0.158347E-01  0.264993E-02  0.501920E-06
  0.159671E+03  0.197102E-01  0.316958E-03  0.466446E-10 -0.420559E-08  0.000000E+00  0.165498E-01  0.165498E-01  0.165498E-01 -0.338726E-06  0.148791E-01  0.248976E-02  0.456176E-06
  0.165083E+03  0.185206E-01  0.297805E-03  0.410023E-10 -0.302453E-08  0.000000E+00  0.155509E-01  0.155509E-01  0.155509E-01 -0.318282E-06  0.139808E-01  0.233920E-02  0.414593E-06
  0.170679E+03  0.174024E-01  0.279804E-03  0.360417E-10  0.181684E-08  0.000000E+00  0.146121E-01  0.146121E-01  0.146121E-01 -0.299066E-06  0.131366E-01  0.219768E-02  0.376795E-06
  0.176464E+03  0.163514E-01  0.262883E-03  0.316806E-10 -0.222700E-09  0.000000E+00  0.137296E-01  0.137296E-01  0.137296E-01 -0.281004E-06  0.123431E-01  0.206467E-02  0.342436E-06
  0.182445E+03  0.153636E-01  0.246980E-03  0.278465E-10 -0.973256E-09  0.000000E+00  0.129002E-01  0.129002E-01  0.129002E-01 -0.264029E-06  0.115973E-01  0.193965E-02  0.311206E-06
  0.188629E+03  0.144353E-01  0.232034E-03  0.244760E-10  0.596839E-09  0.000000E+00  0.121207E-01  0.121207E-01  0.121207E-01 -0.248074E-06  0.108963E-01  0.182215E-02  0.282819E-06
  0.195023E+03  0.135627E-01  0.217986E-03  0.215129E-10 -0.146040E-08  0.000000E+00  0.113880E-01  0.113880E-01  0.113880E-01 -0.233079E-06  0.102375E-01  0.171172E-02  0.257017E-06
  0.201633E+03  0.127427E-01  0.204783E-03  0.189081E-10 -0.211444E-08  0.000000E+00  0.106995E-01  0.106995E-01  0.106995E-01 -0.218986E-06  0.961842E-02  0.160793E-02  0.233565E-06
  0.208467E+03  0.119720E-01  0.192375E-03  0.166183E-10  0.112314E-08  0.000000E+00  0.100524E-01  0.100524E-01  0.100524E-01 -0.205742E-06  0.903659E-02  0.151038E-02  0.212250E-06
  0.215533E+03  0.112477E-01  0.180714E-03  0.146055E-10  0.102026E-08  0.000000E+00  0.944423E-02  0.944423E-02  0.944423E-02 -0.193295E-06  0.848979E-02  0.141871E-02  0.192878E-06
  0.222839E+03  0.105671E-01  0.169755E-03  0.128362E-10  0.498451E-09  0.000000E+00  0.887272E-02  0.887272E-02  0.887272E-02 -0.181598E-06  0.797594E-02  0.133256E-02  0.175270E-06
  0.230392E+03  0.992747E-02  0.159457E-03  0.112810E-10  0.511427E-09  0.000000E+00  0.833565E-02  0.833565E-02  0.833565E-02 -0.170606E-06  0.749306E-02  0.125160E-02  0.159268E-06
  0.238201E+03  0.932640E-02  0.149779E-03  0.991400E-11 -0.845630E-09  0.000000E+00  0.783095E-02  0.783095E-02  0.783095E-02 -0.160276E-06  0.703929E-02  0.117552E-02  0.144725E-06
  0.246275E+03  0.876156E-02  0.140684E-03  0.871244E-11 -0.993319E-09  0.000000E+00  0.735668E-02  0.735668E-02  0.735668E-02 -0.150569E-06  0.661288E-02  0.110402E-02  0.131508E-06
  0.254623E+03  0.823079E-02  0.132138E-03  0.765632E-11  0.563985E-09  0.000000E+00  0.691101E-02  0.691101E-02  0.691101E-02 -0.141448E-06  0.621220E-02  0.103684E-02  0.119496E-06
  0.263253E+03  0.773204E-02  0.124107E-03  0.672807E-11 -0.148507E-09  0.000000E+00  0.649222E-02  0.649222E-02  0.649222E-02 -0.132877E-06  0.583569E-02  0.973704E-03  0.108580E-06
  0.272176E+03  0.726338E-02  0.116561E-03  0.591223E-11 -0.650321E-09  0.000000E+00  0.609871E-02  0.609871E-02  0.609871E-02 -0.124823E-06  0.548191E-02  0.914379E-03  0.986602E-07
  0.281402E+03  0.682302E-02  0.109470E-03  0.519518E-11  0.148354E-09  0.000000E+00  0.572896E-02  0.572896E-02  0.572896E-02 -0.117255E-06  0.514949E-02  0.858635E-03  0.896454E-07
  0.290940E+03  0.640925E-02  0.102808E-03  0.456500E-11 -0.684381E-09  0.000000E+00  0.538153E-02  0.538153E-02  0.538153E-02 -0.110144E-06  0.483715E-02  0.806255E-03  0.814533E-07
  0.300801E+03  0.602046E-02  0.965474E-04  0.401115E-11 -0.323845E-10  0.000000E+00  0.505509E-02  0.505509E-02  0.505509E-02 -0.103463E-06  0.454367E-02  0.757038E-03  0.740090E-07
  0.310997E+03  0.565517E-02  0.906651E-04  0.352441E-11 -0.490724E-09  0.000000E+00  0.474836E-02  0.474836E-02  0.474836E-02 -0.971850E-07  0.426793E-02  0.710793E-03  0.672444E-07
  0.321538E+03  0.531196E-02  0.851383E-04  0.309666E-11  0.292716E-10  0.000000E+00  0.446018E-02  0.446018E-02  0.446018E-02 -0.912867E-07  0.400886E-02  0.667342E-03  0.610974E-07
  0.332437E+03  0.498949E-02  0.799455E-04  0.272075E-11 -0.384454E-09  0.000000E+00  0.418942E-02  0.418942E-02  0.418942E-02 -0.857450E-07  0.376546E-02  0.626517E-03  0.555118E-07
  0.343705E+03  0.468653E-02  0.750665E-04  0.239042E-11 -0.286862E-09  0.000000E+00  0.393503E-02  0.393503E-02  0.393503E-02 -0.805384E-07  0.353677E-02  0.588159E-03  0.504363E-07
  0.355355E+03  0.440189E-02  0.704827E-04  0.210013E-11  0.200883E-09  0.000000E+00  0.369603E-02  0.369603E-02  0.369603E-02 -0.756468E-07  0.332193E-02  0.552121E-03  0.458246E-07
  0.367399E+03  0.413447E-02  0.661760E-04  0.184504E-11  0.153874E-09  0.000000E+00  0.347149E-02  0.347149E-02  0.347149E-02 -0.710511E-07  0.312008E-02  0.518262E-03  0.416341E-07
  0.379853E+03  0.388323E-02  0.621299E-04  0.162089E-11  0.147018E-09  0.000000E+00  0.326054E-02  0.326054E-02  0.326054E-02 -0.667335E-07  0.293045E-02  0.486451E-03  0.378266E-07
  0.392728E+03  0.364721E-02  0.583287E-04  0.142394E-11 -0.250692E-09  0.000000E+00  0.306236E-02  0.306236E-02  0.306236E-02 -0.626774E-07  0.275231E-02  0.456565E-03  0.343671E-07
  0.406039E+03  0.342548E-02  0.547576E-04  0.125087E-11 -0.969177E-10  0.000000E+00  0.287618E-02  0.287618E-02  0.287618E-02 -0.588668E-07  0.258495E-02  0.428487E-03  0.312238E-07
  0.419802E+03  0.321718E-02  0.514027E-04  0.109881E-11 -0.111501E-09  0.000000E+00  0.270127E-02  0.270127E-02  0.270127E-02 -0.552871E-07  0.242773E-02  0.402110E-03  0.283678E-07
  0.434031E+03  0.302150E-02  0.482509E-04  0.965204E-12 -0.106237E-09  0.000000E+00  0.253697E-02  0.253697E-02  0.253697E-02 -0.519242E-07  0.228004E-02  0.377329E-03  0.257729E-07
  0.448743E+03  0.283767E-02  0.452901E-04  0.847815E-12 -0.245741E-10  0.000000E+00  0.238262E-02  0.238262E-02  0.238262E-02 -0.487651E-07  0.214131E-02  0.354050E-03  0.234153E-07
  0.463953E+03  0.266499E-02  0.425087E-04  0.744678E-12 -0.110065E-09  0.000000E+00  0.223763E-02  0.223763E-02  0.223763E-02 -0.457976E-07  0.201098E-02  0.332180E-03  0.212734E-07
  0.479679E+03  0.250279E-02  0.398959E-04  0.654065E-12 -0.129536E-09  0.000000E+00  0.210143E-02  0.210143E-02  0.210143E-02 -0.430100E-07  0.188856E-02  0.311636E-03  0.193273E-07
  0.495937E+03  0.235041E-02  0.374414E-04  0.574458E-12  0.175132E-10  0.000000E+00  0.197349E-02  0.197349E-02  0.197349E-02 -0.403914E-07  0.177356E-02  0.292337E-03  0.175592E-07
  0.512747E+03  0.220729E-02  0.351358E-04  0.504521E-12  0.289341E-10  0.000000E+00  0.185331E-02  0.185331E-02  0.185331E-02 -0.379317E-07  0.166555E-02  0.274208E-03  0.159529E-07
  0.530127E+03  0.207285E-02  0.329700E-04  0.443081E-12  0.202429E-10  0.000000E+00  0.174042E-02  0.174042E-02  0.174042E-02 -0.356213E-07  0.156408E-02  0.257178E-03  0.144936E-07
  0.548096E+03  0.194657E-02  0.309356E-04  0.389108E-12  0.338534E-10  0.000000E+00  0.163439E-02  0.163439E-02  0.163439E-02 -0.334511E-07  0.146878E-02  0.241181E-03  0.131678E-07
  0.566673E+03  0.182795E-02  0.290246E-04  0.341696E-12 -0.177883E-11  0.000000E+00  0.153479E-02  0.153479E-02  0.153479E-02 -0.314127E-07  0.137927E-02  0.226155E-03  0.119633E-07
  0.585881E+03  0.171654E-02  0.272296E-04  0.300048E-12 -0.221210E-10  0.000000E+00  0.144125E-02  0.144125E-02  0.144125E-02 -0.294980E-07  0.129519E-02  0.212040E-03  0.108690E-07
  0.605739E+03  0.161190E-02  0.255436E-04  0.263464E-12 -0.375679E-10  0.000000E+00  0.135338E-02  0.135338E-02  0.135338E-02 -0.276997E-07  0.121622E-02  0.198782E-03  0.987489E-08
  0.626271E+03  0.151361E-02  0.239600E-04  0.231330E-12 -0.572981E-11  0.000000E+00  0.127085E-02  0.127085E-02  0.127085E-02 -0.260106E-07  0.114205E-02  0.186329E-03  0.897178E-08
  0.647498E+03  0.142130E-02  0.224725E-04  0.203105E-12  0.195191E-10  0.000000E+00  0.119334E-02  0.119334E-02  0.119334E-02 -0.244242E-07  0.107238E-02  0.174632E-03  0.815134E-08
  0.669445E+03  0.133460E-02  0.210754E-04  0.178315E-12 -0.200555E-10  0.000000E+00  0.112054E-02  0.112054E-02  0.112054E-02 -0.229342E-07  0.100696E-02  0.163646E-03  0.740600E-08
  0.692136E+03  0.125317E-02  0.197632E-04  0.156542E-12  0.136530E-10  0.000000E+00  0.105217E-02  0.105217E-02  0.105217E-02 -0.215348E-07  0.945509E-03  0.153327E-03  0.672890E-08
  0.715596E+03  0.117669E-02  0.185308E-04  0.137421E-12 -0.293484E-10  0.000000E+00  0.987954E-03  0.987954E-03  0.987954E-03 -0.202205E-07  0.887798E-03  0.143635E-03  0.611380E-08
  0.739852E+03  0.110487E-02  0.173732E-04  0.120627E-12 -0.236871E-10  0.000000E+00  0.927645E-03  0.927645E-03  0.927645E-03 -0.189861E-07  0.833599E-03  0.134532E-03  0.555501E-08
  0.764929E+03  0.103741E-02  0.162861E-04  0.105880E-12  0.922296E-11  0.000000E+00  0.871006E-03  0.871006E-03  0.871006E-03 -0.178269E-07  0.782698E-03  0.125983E-03  0.504738E-08
  0.790856E+03  0.974062E-03  0.152651E-04  0.929293E-13  0.430235E-12  0.000000E+00  0.817813E-03  0.817813E-03  0.817813E-03 -0.167382E-07  0.734895E-03  0.117954E-03  0.458624E-08
  0.817663E+03  0.914568E-03  0.143061E-04  0.815572E-13  0.330920E-11  0.000000E+00  0.767859E-03  0.767859E-03  0.767859E-03 -0.157158E-07  0.690002E-03  0.110413E-03  0.416732E-08
  0.845377E+03  0.858697E-03  0.134056E-04  0.715717E-13  0.535679E-11  0.000000E+00  0.720946E-03  0.720946E-03  0.720946E-03 -0.147556E-07  0.647843E-03  0.103332E-03  0.378676E-08
  0.874031E+03  0.806229E-03  0.125598E-04  0.628040E-13 -0.154998E-10  0.000000E+00  0.676890E-03  0.676890E-03  0.676890E-03 -0.138539E-07  0.608253E-03  0.966810E-04  0.344104E-08
  0.903657E+03  0.756957E-03  0.117656E-04  0.551061E-13  0.380739E-11  0.000000E+00  0.635518E-03  0.635518E-03  0.635518E-03 -0.130072E-07  0.571074E-03  0.904355E-04  0.312698E-08
  0.934286E+03  0.710686E-03  0.110197E-04  0.483476E-13 -0.120374E-10  0.000000E+00  0.596667E-03  0.596667E-03  0.596667E-03 -0.122120E-07  0.536161E-03  0.845706E-04  0.284168E-08
  0.965954E+03  0.667236E-03  0.103193E-04  0.424144E-13 -0.105873E-10  0.000000E+00  0.560183E-03  0.560183E-03  0.560183E-03 -0.114653E-07  0.503375E-03  0.790633E-04  0.258250E-08
  0.998695E+03  0.626434E-03  0.966152E-05  0.372058E-13  0.202950E-11  0.000000E+00  0.525923E-03  0.525923E-03  0.525923E-03 -0.107641E-07  0.472589E-03  0.738919E-04  0.234704E-08
  0.103255E+04  0.588120E-03  0.904387E-05  0.326337E-13 -0.680745E-11  0.000000E+00  0.493752E-03  0.493752E-03  0.493752E-03 -0.101056E-07  0.443680E-03  0.690361E-04  0.213314E-08
  0.106754E+04  0.552142E-03  0.846389E-05  0.286205E-13 -0.622581E-11  0.000000E+00  0.463543E-03  0.463543E-03  0.463543E-03 -0.948735E-08  0.416534E-03  0.644769E-04  0.193882E-08
  0.110373E+04  0.518359E-03  0.791929E-05  0.250981E-13 -0.670845E-11  0.000000E+00  0.435176E-03  0.435176E-03  0.435176E-03 -0.890677E-08  0.391044E-03  0.601963E-04  0.176229E-08
  0.114114E+04  0.486636E-03  0.740794E-05  0.220068E-13 -0.527768E-11  0.000000E+00  0.408540E-03  0.408540E-03  0.408540E-03 -0.836160E-08  0.367109E-03  0.561775E-04  0.160191E-08
  0.117982E+04  0.456850E-03  0.692782E-05  0.192938E-13 -0.460245E-11  0.000000E+00  0.383529E-03  0.383529E-03  0.383529E-03 -0.784971E-08  0.344636E-03  0.524048E-04  0.145620E-08
  0.121981E+04  0.428881E-03  0.647703E-05  0.169132E-13  0.583163E-12  0.000000E+00  0.360045E-03  0.360045E-03  0.360045E-03 -0.736905E-08  0.323534E-03  0.488633E-04  0.132383E-08
  0.126115E+04  0.402620E-03  0.605381E-05  0.148243E-13 -0.378315E-11  0.000000E+00  0.337994E-03  0.337994E-03  0.337994E-03 -0.691774E-08  0.303720E-03  0.455390E-04  0.120356E-08
  0.130390E+04  0.377962E-03  0.565649E-05  0.129916E-13  0.725463E-12  0.000000E+00  0.317290E-03  0.317290E-03  0.317290E-03 -0.649399E-08  0.285116E-03  0.424190E-04  0.109429E-08
  0.134810E+04  0.354810E-03  0.528349E-05  0.113838E-13 -0.604930E-12  0.000000E+00  0.297850E-03  0.297850E-03  0.297850E-03 -0.609611E-08  0.267649E-03  0.394909E-04  0.995006E-09
  0.139379E+04  0.333072E-03  0.493334E-05  0.997340E-14  0.747041E-12  0.000000E+00  0.279598E-03  0.279598E-03  0.279598E-03 -0.572254E-08  0.251249E-03  0.367432E-04  0.904798E-09
  0.144103E+04  0.312663E-03  0.460468E-05  0.873630E-14 -0.317881E-11  0.000000E+00  0.262461E-03  0.262461E-03  0.262461E-03 -0.537180E-08  0.235851E-03  0.341650E-04  0.822833E-09
  0.148988E+04  0.293500E-03  0.429619E-05  0.765133E-14  0.566660E-12  0.000000E+00  0.246371E-03  0.246371E-03  0.246371E-03 -0.504248E-08  0.221394E-03  0.317464E-04  0.748353E-09
  0.154038E+04  0.275509E-03  0.400667E-05  0.669987E-14 -0.899046E-13  0.000000E+00  0.231264E-03  0.231264E-03  0.231264E-03 -0.473330E-08  0.207820E-03  0.294777E-04  0.680674E-09
  0.159259E+04  0.258618E-03  0.373497E-05  0.586561E-14  0.495220E-13  0.000000E+00  0.217081E-03  0.217081E-03  0.217081E-03 -0.444301E-08  0.195077E-03  0.273500E-04  0.619170E-09
  0.164657E+04  0.242759E-03  0.348002E-05  0.513419E-14 -0.810869E-12  0.000000E+00  0.203766E-03  0.203766E-03  0.203766E-03 -0.417048E-08  0.183113E-03  0.253550E-04  0.563277E-09
  0.170238E+04  0.227871E-03  0.324081E-05  0.449302E-14 -0.702516E-12  0.000000E+00  0.191264E-03  0.191264E-03  0.191264E-03 -0.391461E-08  0.171881E-03  0.234847E-04  0.512479E-09
  0.176008E+04  0.213893E-03  0.301639E-05  0.393105E-14  0.218000E-12  0.000000E+00  0.179528E-03  0.179528E-03  0.179528E-03 -0.367440E-08  0.161336E-03  0.217319E-04  0.466310E-09
  0.181974E+04  0.200770E-03  0.280589E-05  0.343857E-14 -0.838294E-12  0.000000E+00  0.168509E-03  0.168509E-03  0.168509E-03 -0.344888E-08  0.151436E-03  0.200895E-04  0.424345E-09
  0.188142E+04  0.188450E-03  0.260847E-05  0.300705E-14  0.219092E-12  0.000000E+00  0.158165E-03  0.158165E-03  0.158165E-03 -0.323716E-08  0.142142E-03  0.185512E-04  0.386198E-09
  0.194519E+04  0.176884E-03  0.242334E-05  0.262901E-14 -0.372080E-12  0.000000E+00  0.148454E-03  0.148454E-03  0.148454E-03 -0.303841E-08  0.133417E-03  0.171108E-04  0.351520E-09
  0.201113E+04  0.166026E-03  0.224979E-05  0.229789E-14 -0.535763E-13  0.000000E+00  0.139337E-03  0.139337E-03  0.139337E-03 -0.285181E-08  0.125226E-03  0.157626E-04  0.319992E-09
  0.207929E+04  0.155833E-03  0.208711E-05  0.200791E-14 -0.670303E-12  0.000000E+00  0.130778E-03  0.130778E-03  0.130778E-03 -0.267665E-08  0.117536E-03  0.145014E-04  0.291326E-09
  0.214977E+04  0.146265E-03  0.193466E-05  0.175402E-14 -0.113089E-11  0.000000E+00  0.122744E-03  0.122744E-03  0.122744E-03 -0.251221E-08  0.110318E-03  0.133221E-04  0.265260E-09
  0.222264E+04  0.137282E-03  0.179185E-05  0.153177E-14 -0.424810E-12  0.000000E+00  0.115202E-03  0.115202E-03  0.115202E-03 -0.235784E-08  0.103542E-03  0.122200E-04  0.241555E-09
  0.229797E+04  0.128849E-03  0.165810E-05  0.133727E-14  0.258686E-12  0.000000E+00  0.108122E-03  0.108122E-03  0.108122E-03 -0.221294E-08  0.971805E-04  0.111907E-04  0.219995E-09
  0.237586E+04  0.120934E-03  0.153289E-05  0.116708E-14  0.189791E-12  0.000000E+00  0.101476E-03  0.101476E-03  0.101476E-03 -0.207691E-08  0.912093E-04  0.102300E-04  0.200384E-09
  0.245639E+04  0.113503E-03  0.141570E-05  0.101822E-14  0.229655E-12  0.000000E+00  0.952368E-04  0.952368E-04  0.952368E-04 -0.194922E-08  0.856040E-04  0.933425E-05  0.182543E-09
  0.253965E+04  0.106528E-03  0.130609E-05  0.888038E-15 -0.217042E-12  0.000000E+00  0.893804E-04  0.893804E-04  0.893804E-04 -0.182935E-08  0.803423E-04  0.849966E-05  0.166310E-09
  0.262574E+04  0.999800E-04  0.120360E-05  0.774229E-15 -0.627363E-12  0.000000E+00  0.838831E-04  0.838831E-04  0.838831E-04 -0.171684E-08  0.754033E-04  0.772286E-05  0.151538E-09
  0.271474E+04  0.938338E-04  0.110783E-05  0.674764E-15  0.236407E-13  0.000000E+00  0.787229E-04  0.787229E-04  0.787229E-04 -0.161123E-08  0.707671E-04  0.700066E-05  0.138094E-09
  0.280675E+04  0.880646E-04  0.101838E-05  0.587863E-15 -0.670780E-12  0.000000E+00  0.738793E-04  0.738793E-04  0.738793E-04 -0.151209E-08  0.664153E-04  0.633006E-05  0.125856E-09
  0.290189E+04  0.826492E-04  0.934908E-06  0.511965E-15 -0.309426E-12  0.000000E+00  0.693328E-04  0.693328E-04  0.693328E-04 -0.141904E-08  0.623304E-04  0.570823E-05  0.114714E-09
  0.300025E+04  0.775660E-04  0.857060E-06  0.445699E-15 -0.271355E-12  0.000000E+00  0.650653E-04  0.650653E-04  0.650653E-04 -0.133169E-08  0.584962E-04  0.513251E-05  0.104568E-09
  0.310194E+04  0.727947E-04  0.784520E-06  0.387867E-15 -0.558643E-12  0.000000E+00  0.610597E-04  0.610597E-04  0.610597E-04 -0.124971E-08  0.548972E-04  0.460039E-05  0.953275E-10
  0.320708E+04  0.683163E-04  0.716987E-06  0.337413E-15  0.302275E-12  0.000000E+00  0.573001E-04  0.573001E-04  0.573001E-04 -0.117276E-08  0.515192E-04  0.410951E-05  0.869097E-10
  0.331578E+04  0.641127E-04  0.654179E-06  0.293414E-15  0.106778E-12  0.000000E+00  0.537713E-04  0.537713E-04  0.537713E-04 -0.110054E-08  0.483485E-04  0.365763E-05  0.792398E-10
  0.342817E+04  0.601671E-04  0.595830E-06  0.255062E-15 -0.452260E-12  0.000000E+00  0.504592E-04  0.504592E-04  0.504592E-04 -0.103275E-08  0.453725E-04  0.324262E-05  0.722501E-10
  0.354437E+04  0.564638E-04  0.541689E-06  0.221646E-15 -0.425373E-12  0.000000E+00  0.473506E-04  0.473506E-04  0.473506E-04 -0.969127E-09  0.425793E-04  0.286247E-05  0.658788E-10
  0.366451E+04  0.529880E-04  0.491521E-06  0.192544E-15  0.208357E-12  0.000000E+00  0.444330E-04  0.444330E-04  0.444330E-04 -0.909412E-09  0.399576E-04  0.251523E-05  0.600701E-10
  0.378872E+04  0.497256E-04  0.445100E-06  0.167211E-15  0.193118E-12  0.000000E+00  0.416947E-04  0.416947E-04  0.416947E-04 -0.853367E-09  0.374969E-04  0.219907E-05  0.547731E-10
  0.391714E+04  0.466636E-04  0.402216E-06  0.145170E-15 -0.253216E-12  0.000000E+00  0.391247E-04  0.391247E-04  0.391247E-04 -0.800767E-09  0.351875E-04  0.191221E-05  0.499417E-10
  0.404991E+04  0.437897E-04  0.362668E-06  0.126001E-15  0.209470E-12  0.000000E+00  0.367127E-04  0.367127E-04  0.367127E-04 -0.751401E-09  0.330199E-04  0.165295E-05  0.455343E-10
  0.418718E+04  0.410925E-04  0.326265E-06  0.109339E-15 -0.226507E-12  0.000000E+00  0.344491E-04  0.344491E-04  0.344491E-04 -0.705071E-09  0.309856E-04  0.141964E-05  0.415127E-10
  0.432911E+04  0.385610E-04  0.292826E-06  0.948630E-16  0.837550E-13  0.000000E+00  0.323247E-04  0.323247E-04  0.323247E-04 -0.661591E-09  0.290763E-04  0.121067E-05  0.378427E-10
  0.447584E+04  0.361851E-04  0.262176E-06  0.822919E-16 -0.230009E-12  0.000000E+00  0.303310E-04  0.303310E-04  0.303310E-04 -0.620786E-09  0.272844E-04  0.102450E-05  0.344929E-10
  0.462755E+04  0.339553E-04  0.234150E-06  0.713798E-16 -0.221635E-12  0.000000E+00  0.284600E-04  0.284600E-04  0.284600E-04 -0.582492E-09  0.256027E-04  0.859586E-06  0.314351E-10
  0.478440E+04  0.318626E-04  0.208589E-06  0.619125E-16 -0.202693E-12  0.000000E+00  0.267042E-04  0.267042E-04  0.267042E-04 -0.546555E-09  0.240245E-04  0.714459E-06  0.286435E-10
  0.494657E+04  0.298986E-04  0.185338E-06  0.537016E-16  0.608454E-13  0.000000E+00  0.250564E-04  0.250564E-04  0.250564E-04 -0.512831E-09  0.225433E-04  0.587654E-06  0.260947E-10
  0.511423E+04  0.280554E-04  0.164250E-06  0.465831E-16 -0.105625E-12  0.000000E+00  0.235102E-04  0.235102E-04  0.235102E-04 -0.481183E-09  0.211532E-04  0.477743E-06  0.237676E-10
  0.528758E+04  0.263255E-04  0.145184E-06  0.404138E-16  0.384504E-14  0.000000E+00  0.220591E-04  0.220591E-04  0.220591E-04 -0.451485E-09  0.198486E-04  0.383324E-06  0.216429E-10
  0.546681E+04  0.247022E-04  0.128000E-06  0.350683E-16 -0.772465E-13  0.000000E+00  0.206975E-04  0.206975E-04  0.206975E-04 -0.423616E-09  0.186244E-04  0.303023E-06  0.197031E-10
  0.565210E+04  0.231787E-04  0.112565E-06  0.304378E-16 -0.437143E-13  0.000000E+00  0.194197E-04  0.194197E-04  0.194197E-04 -0.397465E-09  0.174755E-04  0.235501E-06  0.179324E-10
  0.584368E+04  0.217489E-04  0.987510E-07  0.264270E-16 -0.482054E-13  0.000000E+00  0.182208E-04  0.182208E-04  0.182208E-04 -0.372925E-09  0.163973E-04  0.179448E-06  0.163161E-10
  0.604175E+04  0.204072E-04  0.864321E-07  0.229531E-16  0.171853E-13  0.000000E+00  0.170957E-04  0.170957E-04  0.170957E-04 -0.349898E-09  0.153855E-04  0.133598E-06  0.148413E-10
  0.624654E+04  0.191481E-04  0.754879E-07  0.199442E-16  0.438128E-13  0.000000E+00  0.160400E-04  0.160400E-04  0.160400E-04 -0.328291E-09  0.144360E-04  0.967282E-07  0.134958E-10
  0.645827E+04  0.179665E-04  0.658018E-07  0.173376E-16 -0.110412E-12  0.000000E+00  0.150494E-04  0.150494E-04  0.150494E-04 -0.308016E-09  0.135450E-04  0.676703E-07  0.122687E-10
  0.667717E+04  0.168577E-04  0.572621E-07  0.150789E-16  0.628034E-13  0.000000E+00  0.141198E-04  0.141198E-04  0.141198E-04 -0.288991E-09  0.127089E-04  0.453147E-07  0.111500E-10
  0.690349E+04  0.158171E-04  0.497614E-07  0.131214E-16  0.898198E-14  0.000000E+00  0.132476E-04  0.132476E-04  0.132476E-04 -0.271140E-09  0.119242E-04  0.286190E-07  0.101305E-10
  0.713749E+04  0.148407E-04  0.431975E-07  0.114239E-16  0.513039E-13  0.000000E+00  0.124293E-04  0.124293E-04  0.124293E-04 -0.254390E-09  0.111880E-04  0.166161E-07  0.920177E-11
  0.737942E+04  0.139244E-04  0.374735E-07  0.995114E-17  0.721663E-13  0.000000E+00  0.116614E-04  0.116614E-04  0.116614E-04 -0.238674E-09  0.104971E-04  0.842000E-08  0.835620E-11
  0.762954E+04  0.130646E-04  0.324981E-07  0.867280E-17  0.625662E-13  0.000000E+00  0.109409E-04  0.109409E-04  0.109409E-04 -0.223927E-09  0.984876E-05  0.323152E-08  0.758668E-11
  0.788815E+04  0.122578E-04  0.281856E-07  0.756236E-17 -0.521801E-13  0.000000E+00  0.102648E-04  0.102648E-04  0.102648E-04 -0.210090E-09  0.924041E-05  0.342670E-09  0.688670E-11
  0.815552E+04  0.115007E-04  0.244569E-07  0.659721E-17 -0.737470E-13  0.000000E+00  0.963048E-05  0.963048E-05  0.963048E-05 -0.197107E-09  0.866957E-05 -0.861202E-09  0.625029E-11
  0.843195E+04  0.107903E-04  0.212391E-07  0.575774E-17 -0.662824E-13  0.000000E+00  0.903530E-05  0.903530E-05  0.903530E-05 -0.184926E-09  0.813392E-05 -0.901370E-09  0.567193E-11
  0.871775E+04  0.101236E-04  0.184655E-07  0.502710E-17 -0.568636E-13  0.000000E+00  0.847686E-05  0.847686E-05  0.847686E-05 -0.173496E-09  0.763131E-05 -0.207593E-09  0.514656E-11
  0.901324E+04  0.949810E-05  0.160763E-07  0.439071E-17 -0.477988E-13  0.000000E+00  0.795288E-05  0.795288E-05  0.795288E-05 -0.162772E-09  0.715969E-05  0.877986E-09  0.466951E-11
  0.931874E+04  0.891115E-05  0.140177E-07  0.383606E-17 -0.300161E-13  0.000000E+00  0.746125E-05  0.746125E-05  0.746125E-05 -0.152710E-09  0.671717E-05  0.209429E-08  0.423648E-11
  0.963460E+04  0.836040E-05  0.122425E-07  0.335246E-17 -0.195166E-13  0.000000E+00  0.699996E-05  0.699996E-05  0.699996E-05 -0.143269E-09  0.630195E-05  0.325377E-08  0.384351E-11
  0.996117E+04  0.784363E-05  0.107091E-07  0.293048E-17 -0.483556E-13  0.000000E+00  0.656716E-05  0.656716E-05  0.656716E-05 -0.134410E-09  0.591235E-05  0.423298E-08  0.348698E-11
  0.102988E+05  0.735874E-05  0.938174E-08  0.256211E-17 -0.359775E-13  0.000000E+00  0.616107E-05  0.616107E-05  0.616107E-05 -0.126099E-09  0.554679E-05  0.496261E-08  0.316357E-11
  0.106479E+05  0.690377E-05  0.822962E-08  0.224048E-17 -0.412700E-13  0.000000E+00  0.578005E-05  0.578005E-05  0.578005E-05 -0.118301E-09  0.520380E-05  0.541700E-08  0.287022E-11
  0.110088E+05  0.647688E-05  0.722667E-08  0.195956E-17 -0.305999E-13  0.000000E+00  0.542257E-05  0.542257E-05  0.542257E-05 -0.110984E-09  0.488197E-05  0.560369E-08  0.260416E-11
  0.113819E+05  0.607634E-05  0.635095E-08  0.171408E-17 -0.238522E-13  0.000000E+00  0.508715E-05  0.508715E-05  0.508715E-05 -0.104119E-09  0.458001E-05  0.555371E-08  0.236284E-11
  0.117677E+05  0.570052E-05  0.558414E-08  0.149957E-17  0.288777E-13  0.000000E+00  0.477245E-05  0.477245E-05  0.477245E-05 -0.976780E-10  0.429670E-05  0.531252E-08  0.214396E-11
  0.121666E+05  0.534790E-05  0.491099E-08  0.131209E-17 -0.235995E-13  0.000000E+00  0.447719E-05  0.447719E-05  0.447719E-05 -0.916348E-10  0.403088E-05  0.493228E-08  0.194540E-11
  0.125790E+05  0.501705E-05  0.431889E-08  0.114821E-17 -0.871068E-14  0.000000E+00  0.420016E-05  0.420016E-05  0.420016E-05 -0.859649E-10  0.378148E-05  0.446532E-08  0.176528E-11
  0.130054E+05  0.470664E-05  0.379735E-08  0.100496E-17 -0.206860E-13  0.000000E+00  0.394025E-05  0.394025E-05  0.394025E-05 -0.806453E-10  0.354748E-05  0.395927E-08  0.160186E-11
  0.134462E+05  0.441540E-05  0.333761E-08  0.879683E-18  0.171885E-13  0.000000E+00  0.369639E-05  0.369639E-05  0.369639E-05 -0.756542E-10  0.332793E-05  0.345351E-08  0.145357E-11
  0.139019E+05  0.414214E-05  0.293231E-08  0.770152E-18  0.100988E-13  0.000000E+00  0.346760E-05  0.346760E-05  0.346760E-05 -0.709716E-10  0.312195E-05  0.297734E-08  0.131901E-11
  0.143731E+05  0.388577E-05  0.257514E-08  0.674391E-18  0.731685E-14  0.000000E+00  0.325295E-05  0.325295E-05  0.325295E-05 -0.665783E-10  0.292870E-05  0.254948E-08  0.119689E-11
  0.148603E+05  0.364524E-05  0.226065E-08  0.590608E-18 -0.530077E-14  0.000000E+00  0.305157E-05  0.305157E-05  0.305157E-05 -0.624566E-10  0.274739E-05  0.217884E-08  0.108607E-11
  0.153640E+05  0.341957E-05  0.198399E-08  0.517341E-18 -0.195806E-13  0.000000E+00  0.286263E-05  0.286263E-05  0.286263E-05 -0.585895E-10  0.257728E-05  0.186633E-08  0.985493E-12
  0.158848E+05  0.320785E-05  0.174088E-08  0.453205E-18 -0.150237E-13  0.000000E+00  0.268537E-05  0.268537E-05  0.268537E-05 -0.549616E-10  0.241769E-05  0.160713E-08  0.894214E-12
  0.164232E+05  0.300921E-05  0.152741E-08  0.397074E-18 -0.172648E-13  0.000000E+00  0.251907E-05  0.251907E-05  0.251907E-05 -0.515579E-10  0.226796E-05  0.139323E-08  0.811376E-12
  0.169799E+05  0.282285E-05  0.134011E-08  0.347937E-18  0.231345E-14  0.000000E+00  0.236305E-05  0.236305E-05  0.236305E-05 -0.483646E-10  0.212749E-05  0.121562E-08  0.736202E-12
  0.175554E+05  0.264801E-05  0.117581E-08  0.304928E-18  0.444493E-14  0.000000E+00  0.221668E-05  0.221668E-05  0.221668E-05 -0.453688E-10  0.199571E-05  0.106595E-08  0.667983E-12
  0.181504E+05  0.248399E-05  0.103172E-08  0.267255E-18 -0.714513E-14  0.000000E+00  0.207936E-05  0.207936E-05  0.207936E-05 -0.425583E-10  0.187207E-05  0.937509E-09  0.606079E-12
  0.187656E+05  0.233010E-05  0.905323E-09  0.234264E-18 -0.101415E-13  0.000000E+00  0.195053E-05  0.195053E-05  0.195053E-05 -0.399216E-10  0.175609E-05  0.825482E-09  0.549907E-12
  0.194017E+05  0.218574E-05  0.794443E-09  0.205353E-18 -0.528874E-14  0.000000E+00  0.182967E-05  0.182967E-05  0.182967E-05 -0.374480E-10  0.164727E-05  0.726718E-09  0.498936E-12
  0.200593E+05  0.205030E-05  0.697156E-09  0.180032E-18 -0.114421E-13  0.000000E+00  0.171629E-05  0.171629E-05  0.171629E-05 -0.351274E-10  0.154519E-05  0.639252E-09  0.452686E-12
  0.207392E+05  0.192324E-05  0.611784E-09  0.157838E-18 -0.242937E-14  0.000000E+00  0.160993E-05  0.160993E-05  0.160993E-05 -0.329504E-10  0.144943E-05  0.561802E-09  0.410720E-12
  0.214422E+05  0.180405E-05  0.536863E-09  0.138379E-18 -0.992661E-14  0.000000E+00  0.151014E-05  0.151014E-05  0.151014E-05 -0.309081E-10  0.135958E-05  0.493383E-09  0.372641E-12
