  0.986139E-05  0.182343E+06  0.182343E+06  0.243123E+06  0.243123E+06  0.000000E+00  0.182343E+06  0.182343E+06  0.182343E+06 -0.607836E+00  0.918092E+05  0.918091E+05  0.750865E+01
  0.106481E-04  0.157641E+06  0.157641E+06  0.210188E+06  0.210188E+06  0.000000E+00  0.157641E+06  0.157641E+06  0.157641E+06 -0.607836E+00  0.918092E+05  0.918092E+05  0.648689E+01
  0.114975E-04  0.107885E+06  0.107885E+06  0.143847E+06  0.143847E+06  0.000000E+00  0.107885E+06  0.107885E+06  0.107885E+06 -0.607836E+00  0.918093E+05  0.918092E+05  0.394058E+01
  0.124148E-04 -0.107407E+06 -0.107407E+06 -0.143208E+06 -0.143208E+06  0.000000E+00 -0.107407E+06 -0.107407E+06 -0.107407E+06 -0.607840E+00  0.918097E+05  0.918097E+05 -0.793362E+01
  0.134051E-04 -0.864878E+05 -0.864877E+05 -0.115316E+06 -0.115316E+06  0.000000E+00 -0.864877E+05 -0.864877E+05 -0.864877E+05 -0.607840E+00  0.918097E+05  0.918097E+05 -0.773965E+01
  0.144745E-04 -0.654958E+05 -0.654957E+05 -0.873272E+05 -0.873271E+05  0.000000E+00 -0.654958E+05 -0.654958E+05 -0.654958E+05 -0.607840E+00  0.918097E+05  0.918097E+05 -0.735514E+01
  0.156292E-04 -0.434525E+05 -0.434524E+05 -0.579361E+05 -0.579361E+05  0.000000E+00 -0.434525E+05 -0.434525E+05 -0.434525E+05 -0.607840E+00  0.918097E+05  0.918097E+05 -0.675960E+01
  0.168761E-04 -0.352835E+05 -0.352834E+05 -0.470442E+05 -0.470441E+05  0.000000E+00 -0.352835E+05 -0.352835E+05 -0.352835E+05 -0.607840E+00  0.918097E+05  0.918098E+05 -0.662867E+01
  0.182224E-04 -0.118078E+05 -0.118077E+05 -0.157432E+05 -0.157431E+05  0.000000E+00 -0.118077E+05 -0.118077E+05 -0.118077E+05 -0.607840E+00  0.918097E+05  0.918097E+05 -0.631500E+01
  0.196761E-04  0.255695E+05  0.255696E+05  0.340929E+05  0.340929E+05  0.000000E+00  0.255695E+05  0.255695E+05  0.255695E+05 -0.607839E+00  0.918096E+05  0.918096E+05 -0.397368E+01
  0.212457E-04  0.432574E+05  0.432575E+05  0.576765E+05  0.576764E+05  0.000000E+00  0.432574E+05  0.432574E+05  0.432574E+05 -0.607839E+00  0.918095E+05  0.918095E+05 -0.283048E+01
  0.229406E-04  0.502362E+05  0.502363E+05  0.669815E+05  0.669814E+05  0.000000E+00  0.502362E+05  0.502362E+05  0.502362E+05 -0.607838E+00  0.918095E+05  0.918095E+05 -0.237512E+01
  0.247707E-04  0.501678E+05  0.501679E+05  0.668903E+05  0.668902E+05  0.000000E+00  0.501679E+05  0.501679E+05  0.501679E+05 -0.607839E+00  0.918095E+05  0.918095E+05 -0.246595E+01
  0.267468E-04  0.502085E+05  0.502085E+05  0.669445E+05  0.669443E+05  0.000000E+00  0.502085E+05  0.502085E+05  0.502085E+05 -0.607839E+00  0.918096E+05  0.918096E+05 -0.244559E+01
  0.288805E-04  0.523612E+05  0.523612E+05  0.698147E+05  0.698144E+05  0.000000E+00  0.523612E+05  0.523612E+05  0.523612E+05 -0.607839E+00  0.918096E+05  0.918096E+05 -0.228069E+01
  0.311844E-04  0.562878E+05  0.562879E+05  0.750500E+05  0.750497E+05  0.000000E+00  0.562878E+05  0.562878E+05  0.562878E+05 -0.607839E+00  0.918096E+05  0.918096E+05 -0.191557E+01
  0.336722E-04  0.609582E+05  0.609582E+05  0.812769E+05  0.812766E+05  0.000000E+00  0.609582E+05  0.609582E+05  0.609582E+05 -0.607839E+00  0.918096E+05  0.918096E+05 -0.140596E+01
  0.363584E-04  0.659447E+05  0.659447E+05  0.879253E+05  0.879249E+05  0.000000E+00  0.659447E+05  0.659447E+05  0.659447E+05 -0.607838E+00  0.918096E+05  0.918096E+05 -0.808648E+00
  0.392589E-04  0.701271E+05  0.701271E+05  0.935015E+05  0.935009E+05  0.000000E+00  0.701271E+05  0.701271E+05  0.701271E+05 -0.607838E+00  0.918095E+05  0.918095E+05  0.145150E+00
  0.423908E-04  0.854447E+05  0.854447E+05  0.113924E+06  0.113923E+06  0.000000E+00  0.854447E+05  0.854447E+05  0.854447E+05 -0.607835E+00  0.918092E+05  0.918092E+05  0.195095E+01
  0.457725E-04  0.783878E+05  0.783878E+05  0.104515E+06  0.104514E+06  0.000000E+00  0.783878E+05  0.783878E+05  0.783878E+05 -0.607836E+00  0.918094E+05  0.918094E+05  0.114389E+01
  0.494240E-04  0.803239E+05  0.803238E+05  0.107096E+06  0.107095E+06  0.000000E+00  0.803238E+05  0.803238E+05  0.803238E+05 -0.607836E+00  0.918093E+05  0.918093E+05  0.170706E+01
  0.533668E-04  0.821714E+05  0.821713E+05  0.109559E+06  0.109557E+06  0.000000E+00  0.821714E+05  0.821714E+05  0.821714E+05 -0.607835E+00  0.918093E+05  0.918092E+05  0.226723E+01
  0.576242E-04  0.841737E+05  0.841736E+05  0.112228E+06  0.112226E+06  0.000000E+00  0.841737E+05  0.841737E+05  0.841737E+05 -0.607834E+00  0.918092E+05  0.918091E+05  0.297656E+01
  0.622212E-04  0.867152E+05  0.867150E+05  0.115615E+06  0.115613E+06  0.000000E+00  0.867151E+05  0.867151E+05  0.867151E+05 -0.607833E+00  0.918090E+05  0.918090E+05  0.391162E+01
  0.671849E-04  0.891610E+05  0.891608E+05  0.118875E+06  0.118873E+06  0.000000E+00  0.891610E+05  0.891610E+05  0.891610E+05 -0.607831E+00  0.918088E+05  0.918087E+05  0.518230E+01
  0.725445E-04  0.927288E+05  0.927285E+05  0.123631E+06  0.123628E+06  0.000000E+00  0.927287E+05  0.927287E+05  0.927287E+05 -0.607828E+00  0.918085E+05  0.918084E+05  0.620953E+01
  0.783318E-04  0.921088E+05  0.921084E+05  0.122803E+06  0.122800E+06  0.000000E+00  0.921087E+05  0.921087E+05  0.921087E+05 -0.607827E+00  0.918084E+05  0.918083E+05  0.664108E+01
  0.845807E-04  0.955074E+05  0.955069E+05  0.127332E+06  0.127329E+06  0.000000E+00  0.955073E+05  0.955073E+05  0.955073E+05 -0.607822E+00  0.918080E+05  0.918077E+05  0.828380E+01
  0.913282E-04  0.948486E+05  0.948481E+05  0.126452E+06  0.126448E+06  0.000000E+00  0.948485E+05  0.948485E+05  0.948485E+05 -0.607821E+00  0.918078E+05  0.918076E+05  0.669252E+01
  0.986139E-04  0.943531E+05  0.943524E+05  0.125789E+06  0.125785E+06  0.000000E+00  0.943530E+05  0.943530E+05  0.943530E+05 -0.607818E+00  0.918077E+05  0.918073E+05  0.931386E+01
  0.106481E-03  0.938985E+05  0.938977E+05  0.125181E+06  0.125176E+06  0.000000E+00  0.938984E+05  0.938984E+05  0.938984E+05 -0.607816E+00  0.918075E+05  0.918071E+05  0.104040E+02
  0.114975E-03  0.931818E+05  0.931810E+05  0.124223E+06  0.124216E+06  0.000000E+00  0.931817E+05  0.931817E+05  0.931817E+05 -0.607813E+00  0.918073E+05  0.918070E+05  0.822539E+01
  0.124148E-03  0.929657E+05  0.929646E+05  0.123931E+06  0.123924E+06  0.000000E+00  0.929655E+05  0.929655E+05  0.929655E+05 -0.607810E+00  0.918070E+05  0.918065E+05  0.114244E+02
  0.134051E-03  0.926738E+05  0.926726E+05  0.123539E+06  0.123530E+06  0.000000E+00  0.926736E+05  0.926736E+05  0.926736E+05 -0.607806E+00  0.918067E+05  0.918061E+05  0.123544E+02
  0.144745E-03  0.923928E+05  0.923914E+05  0.123160E+06  0.123150E+06  0.000000E+00  0.923926E+05  0.923926E+05  0.923926E+05 -0.607801E+00  0.918064E+05  0.918057E+05  0.128223E+02
  0.156292E-03  0.924564E+05  0.924544E+05  0.123240E+06  0.123228E+06  0.000000E+00  0.924560E+05  0.924560E+05  0.924560E+05 -0.607795E+00  0.918059E+05  0.918047E+05  0.219197E+02
  0.168761E-03  0.924989E+05  0.924970E+05  0.123290E+06  0.123277E+06  0.000000E+00  0.924986E+05  0.924986E+05  0.924986E+05 -0.607788E+00  0.918053E+05  0.918043E+05  0.162545E+02
  0.182224E-03  0.923830E+05  0.923807E+05  0.123129E+06  0.123113E+06  0.000000E+00  0.923826E+05  0.923826E+05  0.923826E+05 -0.607780E+00  0.918047E+05  0.918036E+05  0.164099E+02
  0.196761E-03  0.919719E+05  0.919693E+05  0.122573E+06  0.122555E+06  0.000000E+00  0.919715E+05  0.919715E+05  0.919715E+05 -0.607772E+00  0.918041E+05  0.918029E+05  0.171974E+02
  0.212457E-03  0.919492E+05  0.919469E+05  0.122532E+06  0.122512E+06  0.000000E+00  0.919488E+05  0.919488E+05  0.919488E+05 -0.607762E+00  0.918033E+05  0.918028E+05  0.700678E+01
  0.229406E-03  0.920240E+05  0.920205E+05  0.122622E+06  0.122597E+06  0.000000E+00  0.920234E+05  0.920234E+05  0.920234E+05 -0.607749E+00  0.918022E+05  0.918006E+05  0.200982E+02
  0.247707E-03  0.919119E+05  0.919079E+05  0.122460E+06  0.122431E+06  0.000000E+00  0.919113E+05  0.919113E+05  0.919113E+05 -0.607735E+00  0.918012E+05  0.917993E+05  0.215989E+02
  0.267468E-03  0.920293E+05  0.920246E+05  0.122601E+06  0.122568E+06  0.000000E+00  0.920286E+05  0.920286E+05  0.920286E+05 -0.607717E+00  0.917997E+05  0.917975E+05  0.234606E+02
  0.288805E-03  0.919930E+05  0.919874E+05  0.122536E+06  0.122496E+06  0.000000E+00  0.919921E+05  0.919921E+05  0.919921E+05 -0.607697E+00  0.917982E+05  0.917956E+05  0.253022E+02
  0.311844E-03  0.919690E+05  0.919625E+05  0.122484E+06  0.122438E+06  0.000000E+00  0.919679E+05  0.919679E+05  0.919679E+05 -0.607674E+00  0.917964E+05  0.917934E+05  0.273384E+02
  0.336722E-03  0.919502E+05  0.919427E+05  0.122435E+06  0.122382E+06  0.000000E+00  0.919490E+05  0.919490E+05  0.919490E+05 -0.607648E+00  0.917942E+05  0.917908E+05  0.294020E+02
  0.363584E-03  0.919000E+05  0.918912E+05  0.122341E+06  0.122279E+06  0.000000E+00  0.918985E+05  0.918985E+05  0.918985E+05 -0.607617E+00  0.917918E+05  0.917878E+05  0.317021E+02
  0.392589E-03  0.918986E+05  0.918884E+05  0.122307E+06  0.122235E+06  0.000000E+00  0.918970E+05  0.918970E+05  0.918970E+05 -0.607580E+00  0.917889E+05  0.917842E+05  0.344477E+02
  0.423908E-03  0.919082E+05  0.918957E+05  0.122283E+06  0.122198E+06  0.000000E+00  0.919062E+05  0.919062E+05  0.919062E+05 -0.607537E+00  0.917855E+05  0.917793E+05  0.416708E+02
  0.457725E-03  0.918827E+05  0.918688E+05  0.122205E+06  0.122107E+06  0.000000E+00  0.918804E+05  0.918804E+05  0.918804E+05 -0.607488E+00  0.917817E+05  0.917753E+05  0.399408E+02
  0.494240E-03  0.918849E+05  0.918682E+05  0.122158E+06  0.122043E+06  0.000000E+00  0.918822E+05  0.918822E+05  0.918822E+05 -0.607430E+00  0.917771E+05  0.917690E+05  0.464752E+02
  0.533668E-03  0.918574E+05  0.918388E+05  0.122062E+06  0.121929E+06  0.000000E+00  0.918544E+05  0.918544E+05  0.918544E+05 -0.607364E+00  0.917718E+05  0.917633E+05  0.455525E+02
  0.576242E-03  0.918579E+05  0.918357E+05  0.121995E+06  0.121839E+06  0.000000E+00  0.918543E+05  0.918543E+05  0.918543E+05 -0.607285E+00  0.917656E+05  0.917552E+05  0.515321E+02
  0.622212E-03  0.918505E+05  0.918245E+05  0.121905E+06  0.121724E+06  0.000000E+00  0.918462E+05  0.918462E+05  0.918462E+05 -0.607193E+00  0.917583E+05  0.917461E+05  0.560844E+02
  0.671849E-03  0.918376E+05  0.918077E+05  0.121795E+06  0.121584E+06  0.000000E+00  0.918327E+05  0.918327E+05  0.918327E+05 -0.607087E+00  0.917499E+05  0.917360E+05  0.589169E+02
  0.725445E-03  0.918316E+05  0.917964E+05  0.121679E+06  0.121433E+06  0.000000E+00  0.918259E+05  0.918259E+05  0.918259E+05 -0.606963E+00  0.917400E+05  0.917235E+05  0.650702E+02
  0.783318E-03  0.918136E+05  0.917733E+05  0.121527E+06  0.121242E+06  0.000000E+00  0.918071E+05  0.918071E+05  0.918071E+05 -0.606819E+00  0.917286E+05  0.917101E+05  0.674121E+02
  0.845807E-03  0.918035E+05  0.917560E+05  0.121368E+06  0.121034E+06  0.000000E+00  0.917958E+05  0.917958E+05  0.917958E+05 -0.606650E+00  0.917152E+05  0.916931E+05  0.746135E+02
  0.913282E-03  0.917837E+05  0.917289E+05  0.121169E+06  0.120782E+06  0.000000E+00  0.917748E+05  0.917748E+05  0.917748E+05 -0.606454E+00  0.916997E+05  0.916745E+05  0.786845E+02
  0.986139E-03  0.917668E+05  0.917028E+05  0.120948E+06  0.120497E+06  0.000000E+00  0.917564E+05  0.917564E+05  0.917564E+05 -0.606225E+00  0.916815E+05  0.916520E+05  0.854717E+02
  0.106481E-02  0.917442E+05  0.916701E+05  0.120685E+06  0.120161E+06  0.000000E+00  0.917321E+05  0.917321E+05  0.917321E+05 -0.605959E+00  0.916604E+05  0.916265E+05  0.908745E+02
  0.114975E-02  0.917237E+05  0.916367E+05  0.120388E+06  0.119779E+06  0.000000E+00  0.917096E+05  0.917096E+05  0.917096E+05 -0.605649E+00  0.916357E+05  0.915955E+05  0.997991E+02
  0.124148E-02  0.916962E+05  0.915947E+05  0.120037E+06  0.119329E+06  0.000000E+00  0.916796E+05  0.916796E+05  0.916796E+05 -0.605288E+00  0.916070E+05  0.915602E+05  0.107559E+03
  0.134051E-02  0.916667E+05  0.915475E+05  0.119633E+06  0.118811E+06  0.000000E+00  0.916473E+05  0.916473E+05  0.916473E+05 -0.604865E+00  0.915734E+05  0.915180E+05  0.117719E+03
  0.144745E-02  0.916282E+05  0.914897E+05  0.119157E+06  0.118203E+06  0.000000E+00  0.916056E+05  0.916056E+05  0.916056E+05 -0.604373E+00  0.915343E+05  0.914703E+05  0.126010E+03
  0.156292E-02  0.915844E+05  0.914231E+05  0.118605E+06  0.117500E+06  0.000000E+00  0.915581E+05  0.915581E+05  0.915581E+05 -0.603802E+00  0.914887E+05  0.914143E+05  0.135576E+03
  0.168761E-02  0.915347E+05  0.913463E+05  0.117967E+06  0.116686E+06  0.000000E+00  0.915040E+05  0.915040E+05  0.915040E+05 -0.603137E+00  0.914355E+05  0.913486E+05  0.146810E+03
  0.182224E-02  0.914751E+05  0.912560E+05  0.117224E+06  0.115742E+06  0.000000E+00  0.914394E+05  0.914394E+05  0.914394E+05 -0.602365E+00  0.913736E+05  0.912729E+05  0.157548E+03
  0.196761E-02  0.914085E+05  0.911521E+05  0.116367E+06  0.114652E+06  0.000000E+00  0.913667E+05  0.913667E+05  0.913667E+05 -0.601468E+00  0.913014E+05  0.911832E+05  0.171276E+03
  0.212457E-02  0.913290E+05  0.910308E+05  0.115371E+06  0.113391E+06  0.000000E+00  0.912804E+05  0.912804E+05  0.912804E+05 -0.600427E+00  0.912175E+05  0.910802E+05  0.184147E+03
  0.229406E-02  0.912371E+05  0.908894E+05  0.114219E+06  0.111937E+06  0.000000E+00  0.911804E+05  0.911804E+05  0.911804E+05 -0.599220E+00  0.911197E+05  0.909597E+05  0.198818E+03
  0.247707E-02  0.911302E+05  0.907250E+05  0.112889E+06  0.110263E+06  0.000000E+00  0.910642E+05  0.910642E+05  0.910642E+05 -0.597821E+00  0.910061E+05  0.908197E+05  0.214464E+03
  0.267468E-02  0.910060E+05  0.905341E+05  0.111354E+06  0.108339E+06  0.000000E+00  0.909291E+05  0.909291E+05  0.909291E+05 -0.596200E+00  0.908739E+05  0.906569E+05  0.231209E+03
  0.288805E-02  0.908616E+05  0.903126E+05  0.109586E+06  0.106133E+06  0.000000E+00  0.907721E+05  0.907721E+05  0.907721E+05 -0.594327E+00  0.907204E+05  0.904684E+05  0.248635E+03
  0.311844E-02  0.906946E+05  0.900547E+05  0.107556E+06  0.103613E+06  0.000000E+00  0.905904E+05  0.905904E+05  0.905904E+05 -0.592162E+00  0.905419E+05  0.902482E+05  0.268424E+03
  0.336722E-02  0.905009E+05  0.897562E+05  0.105229E+06  0.100742E+06  0.000000E+00  0.903795E+05  0.903795E+05  0.903795E+05 -0.589664E+00  0.903348E+05  0.899935E+05  0.288899E+03
  0.363584E-02  0.902765E+05  0.894098E+05  0.102568E+06  0.974842E+05  0.000000E+00  0.901353E+05  0.901353E+05  0.901353E+05 -0.586789E+00  0.900946E+05  0.896978E+05  0.311038E+03
  0.392589E-02  0.900170E+05  0.890080E+05  0.995380E+05  0.938051E+05  0.000000E+00  0.898526E+05  0.898526E+05  0.898526E+05 -0.583484E+00  0.898161E+05  0.893546E+05  0.335024E+03
  0.423908E-02  0.897171E+05  0.885437E+05  0.960992E+05  0.896726E+05  0.000000E+00  0.895259E+05  0.895259E+05  0.895259E+05 -0.579696E+00  0.894938E+05  0.889579E+05  0.360224E+03
  0.457725E-02  0.893710E+05  0.880068E+05  0.922154E+05  0.850607E+05  0.000000E+00  0.891486E+05  0.891486E+05  0.891486E+05 -0.575364E+00  0.891210E+05  0.884992E+05  0.387138E+03
  0.494240E-02  0.889724E+05  0.873873E+05  0.878533E+05  0.799530E+05  0.000000E+00  0.887141E+05  0.887141E+05  0.887141E+05 -0.570427E+00  0.886904E+05  0.879695E+05  0.415700E+03
  0.533668E-02  0.885143E+05  0.866730E+05  0.829858E+05  0.743468E+05  0.000000E+00  0.882142E+05  0.882142E+05  0.882142E+05 -0.564819E+00  0.881939E+05  0.873583E+05  0.446224E+03
  0.576242E-02  0.879889E+05  0.858509E+05  0.775961E+05  0.682591E+05  0.000000E+00  0.876405E+05  0.876405E+05  0.876405E+05 -0.558476E+00  0.876223E+05  0.866545E+05  0.478667E+03
  0.622212E-02  0.873878E+05  0.849075E+05  0.716817E+05  0.617320E+05  0.000000E+00  0.869836E+05  0.869836E+05  0.869836E+05 -0.551337E+00  0.869659E+05  0.858464E+05  0.512755E+03
  0.671849E-02  0.867019E+05  0.838272E+05  0.652615E+05  0.548397E+05  0.000000E+00  0.862334E+05  0.862334E+05  0.862334E+05 -0.543346E+00  0.862139E+05  0.849210E+05  0.548462E+03
  0.725445E-02  0.859222E+05  0.825932E+05  0.583829E+05  0.476944E+05  0.000000E+00  0.853797E+05  0.853797E+05  0.853797E+05 -0.534455E+00  0.853548E+05  0.838634E+05  0.585895E+03
  0.783318E-02  0.850389E+05  0.811887E+05  0.511272E+05  0.404495E+05  0.000000E+00  0.844114E+05  0.844114E+05  0.844114E+05 -0.524634E+00  0.843765E+05  0.826594E+05  0.624745E+03
  0.845807E-02  0.840425E+05  0.795951E+05  0.436178E+05  0.333006E+05  0.000000E+00  0.833178E+05  0.833178E+05  0.833178E+05 -0.513869E+00  0.832671E+05  0.812937E+05  0.664946E+03
  0.913282E-02  0.829241E+05  0.777947E+05  0.360241E+05  0.264793E+05  0.000000E+00  0.820882E+05  0.820882E+05  0.820882E+05 -0.502174E+00  0.820145E+05  0.797515E+05  0.706189E+03
  0.986139E-02  0.816751E+05  0.757691E+05  0.285630E+05  0.202388E+05  0.000000E+00  0.807126E+05  0.807126E+05  0.807126E+05 -0.489588E+00  0.806075E+05  0.780185E+05  0.748223E+03
  0.106481E-01  0.802884E+05  0.735024E+05  0.214926E+05  0.148287E+05  0.000000E+00  0.791825E+05  0.791825E+05  0.791825E+05 -0.476183E+00  0.790364E+05  0.760829E+05  0.790502E+03
  0.114975E-01  0.787585E+05  0.709794E+05  0.150979E+05  0.104588E+05  0.000000E+00  0.774908E+05  0.774908E+05  0.774908E+05 -0.462058E+00  0.772937E+05  0.739347E+05  0.832612E+03
  0.124148E-01  0.770820E+05  0.681888E+05  0.966364E+04  0.725407E+04  0.000000E+00  0.756327E+05  0.756327E+05  0.756327E+05 -0.447330E+00  0.753751E+05  0.715684E+05  0.873881E+03
  0.134051E-01  0.752578E+05  0.651231E+05  0.543338E+04  0.521070E+04  0.000000E+00  0.736062E+05  0.736062E+05  0.736062E+05 -0.432129E+00  0.732805E+05  0.689834E+05  0.913567E+03
  0.144745E-01  0.732873E+05  0.617798E+05  0.255882E+04  0.416653E+04  0.000000E+00  0.714120E+05  0.714120E+05  0.714120E+05 -0.416568E+00  0.710143E+05  0.661851E+05  0.950847E+03
  0.156292E-01  0.711745E+05  0.581630E+05  0.104586E+04  0.380689E+04  0.000000E+00  0.690541E+05  0.690541E+05  0.690541E+05 -0.400734E+00  0.685859E+05  0.631852E+05  0.984796E+03
  0.168761E-01  0.689252E+05  0.542854E+05  0.713548E+03  0.372331E+04  0.000000E+00  0.665395E+05  0.665395E+05  0.665395E+05 -0.384660E+00  0.660094E+05  0.600045E+05  0.101407E+04
  0.182224E-01  0.665470E+05  0.501679E+05  0.119083E+04  0.352851E+04  0.000000E+00  0.638778E+05  0.638778E+05  0.638778E+05 -0.368323E+00  0.633024E+05  0.566680E+05  0.103761E+04
  0.196761E-01  0.640485E+05  0.458431E+05  0.197086E+04  0.299911E+04  0.000000E+00  0.610817E+05  0.610817E+05  0.610817E+05 -0.351653E+00  0.604847E+05  0.532083E+05  0.105395E+04
  0.212457E-01  0.614392E+05  0.413576E+05  0.253761E+04  0.217790E+04  0.000000E+00  0.581666E+05  0.581666E+05  0.581666E+05 -0.334564E+00  0.575765E+05  0.496635E+05  0.106147E+04
  0.229405E-01  0.587299E+05  0.367741E+05  0.254083E+04  0.134857E+04  0.000000E+00  0.551519E+05  0.551519E+05  0.551519E+05 -0.317009E+00  0.545970E+05  0.460770E+05  0.105846E+04
  0.247704E-01  0.559334E+05  0.321752E+05  0.195026E+04  0.841550E+03  0.000000E+00  0.520617E+05  0.520617E+05  0.520617E+05 -0.299026E+00  0.515654E+05  0.424992E+05  0.104310E+04
  0.267453E-01  0.530666E+05  0.276663E+05  0.108243E+04  0.761345E+03  0.000000E+00  0.489273E+05  0.489273E+05  0.489273E+05 -0.280769E+00  0.485030E+05  0.389900E+05  0.101369E+04
  0.288749E-01  0.501524E+05  0.233774E+05  0.418431E+03  0.867427E+03  0.000000E+00  0.457891E+05  0.457891E+05  0.457891E+05 -0.262504E+00  0.454380E+05  0.356218E+05  0.968854E+03
  0.311653E-01  0.472231E+05  0.194612E+05  0.261013E+03  0.802346E+03  0.000000E+00  0.426990E+05  0.426990E+05  0.426990E+05 -0.244574E+00  0.424105E+05  0.324815E+05  0.907969E+03
  0.336150E-01  0.443234E+05  0.160835E+05  0.477173E+03  0.504132E+03  0.000000E+00  0.397214E+05  0.397214E+05  0.397214E+05 -0.227370E+00  0.394752E+05  0.296652E+05  0.831707E+03
  0.362076E-01  0.415119E+05  0.133984E+05  0.631239E+03  0.268681E+03  0.000000E+00  0.369304E+05  0.369304E+05  0.369304E+05 -0.211299E+00  0.366995E+05  0.272649E+05  0.742607E+03
  0.389077E-01  0.388551E+05  0.115068E+05  0.468356E+03  0.277729E+03  0.000000E+00  0.343984E+05  0.343984E+05  0.343984E+05 -0.196739E+00  0.341529E+05  0.253436E+05  0.645269E+03
  0.416649E-01  0.364130E+05  0.104144E+05  0.177813E+03  0.328121E+03  0.000000E+00  0.321762E+05  0.321762E+05  0.321762E+05 -0.183956E+00  0.318881E+05  0.239099E+05  0.545723E+03
  0.444286E-01  0.342199E+05  0.100208E+05  0.649682E+02  0.238745E+03  0.000000E+00  0.302764E+05  0.302764E+05  0.302764E+05 -0.173021E+00  0.299241E+05  0.229089E+05  0.449999E+03
  0.471638E-01  0.322785E+05  0.101558E+05  0.148527E+03  0.129341E+03  0.000000E+00  0.286733E+05  0.286733E+05  0.286733E+05 -0.163801E+00  0.282435E+05  0.222414E+05  0.362686E+03
  0.498555E-01  0.305670E+05  0.106302E+05  0.230361E+03  0.127225E+03  0.000000E+00  0.273180E+05  0.273180E+05  0.273180E+05 -0.156021E+00  0.268064E+05  0.217950E+05  0.286475E+03
  0.525042E-01  0.290521E+05  0.112729E+05  0.191757E+03  0.162966E+03  0.000000E+00  0.261548E+05  0.261548E+05  0.261548E+05 -0.149354E+00  0.255654E+05  0.214672E+05  0.222451E+03
  0.551187E-01  0.276994E+05  0.119431E+05  0.895334E+02  0.138692E+03  0.000000E+00  0.251317E+05  0.251317E+05  0.251317E+05 -0.143486E+00  0.244751E+05  0.211745E+05  0.170663E+03
  0.577113E-01  0.264770E+05  0.125318E+05  0.306849E+02  0.824225E+02  0.000000E+00  0.242044E+05  0.242044E+05  0.242044E+05 -0.138161E+00  0.234957E+05  0.208520E+05  0.130553E+03
  0.602947E-01  0.253580E+05  0.129584E+05  0.402093E+02  0.675262E+02  0.000000E+00  0.233373E+05  0.233373E+05  0.233373E+05 -0.133183E+00  0.225940E+05  0.204527E+05  0.101212E+03
  0.628808E-01  0.243201E+05  0.131670E+05  0.580180E+02  0.894154E+02  0.000000E+00  0.225026E+05  0.225026E+05  0.225026E+05 -0.128401E+00  0.217437E+05  0.199454E+05  0.815082E+02
  0.654806E-01  0.233456E+05  0.131248E+05  0.327519E+02  0.902312E+02  0.000000E+00  0.216800E+05  0.216800E+05  0.216800E+05 -0.123697E+00  0.209253E+05  0.193138E+05  0.701371E+02
  0.681036E-01  0.224200E+05  0.128208E+05 -0.128017E+02  0.596294E+02  0.000000E+00  0.208557E+05  0.208557E+05  0.208557E+05 -0.118991E+00  0.201245E+05  0.185554E+05  0.656636E+02
  0.707587E-01  0.215326E+05  0.122639E+05 -0.134545E+02  0.417701E+02  0.000000E+00  0.200222E+05  0.200222E+05  0.200222E+05 -0.114240E+00  0.193320E+05  0.176794E+05  0.665616E+02
  0.734537E-01  0.206756E+05  0.114826E+05  0.586286E+02  0.517186E+02  0.000000E+00  0.191775E+05  0.191775E+05  0.191775E+05 -0.109435E+00  0.185427E+05  0.167063E+05  0.712516E+02
  0.761956E-01  0.198438E+05  0.105227E+05  0.176625E+03  0.532539E+02  0.000000E+00  0.183248E+05  0.183248E+05  0.183248E+05 -0.104591E+00  0.177559E+05  0.156662E+05  0.781624E+02
  0.789913E-01  0.190348E+05  0.944460E+04  0.219730E+03  0.381655E+02  0.000000E+00  0.174719E+05  0.174719E+05  0.174719E+05 -0.997354E-01  0.169746E+05  0.145968E+05  0.857900E+02
  0.818467E-01  0.182481E+05  0.831911E+04  0.783484E+02  0.357912E+02  0.000000E+00  0.166300E+05  0.166300E+05  0.166300E+05 -0.949252E-01  0.162045E+05  0.135403E+05  0.927659E+02
  0.847678E-01  0.174847E+05  0.722184E+04  0.726883E+02  0.266539E+02  0.000000E+00  0.158123E+05  0.158123E+05  0.158123E+05 -0.902583E-01  0.154538E+05  0.125413E+05  0.979201E+02
  0.877602E-01  0.167474E+05  0.622775E+04  0.172117E+02  0.260998E+02  0.000000E+00  0.150331E+05  0.150331E+05  0.150331E+05 -0.858064E-01  0.147321E+05  0.116411E+05  0.100378E+03
  0.908293E-01  0.160394E+05  0.540325E+04  0.245256E+02  0.234449E+02  0.000000E+00  0.143061E+05  0.143061E+05  0.143061E+05 -0.816542E-01  0.140492E+05  0.108748E+05  0.996026E+02
  0.939803E-01  0.153641E+05  0.479917E+04  0.224549E+02  0.205998E+02  0.000000E+00  0.136424E+05  0.136424E+05  0.136424E+05 -0.778601E-01  0.134135E+05  0.102662E+05  0.954412E+02
  0.972186E-01  0.147242E+05  0.444405E+04  0.184429E+02  0.183589E+02  0.000000E+00  0.130489E+05  0.130489E+05  0.130489E+05 -0.744647E-01  0.128308E+05  0.982457E+04  0.881284E+02
  0.100549E+00  0.141213E+05  0.433911E+04  0.165025E+02  0.165711E+02  0.000000E+00  0.125271E+05  0.125271E+05  0.125271E+05 -0.714773E-01  0.123036E+05  0.954237E+04  0.782648E+02
  0.103977E+00  0.135552E+05  0.445600E+04  0.151181E+02  0.150102E+02  0.000000E+00  0.120724E+05  0.120724E+05  0.120724E+05 -0.688719E-01  0.118300E+05  0.939450E+04  0.667544E+02
  0.107508E+00  0.130238E+05  0.473827E+04  0.137748E+02  0.136566E+02  0.000000E+00  0.116736E+05  0.116736E+05  0.116736E+05 -0.665868E-01  0.114033E+05  0.934002E+04  0.546973E+02
  0.111146E+00  0.125229E+05  0.510677E+04  0.125981E+02  0.124824E+02  0.000000E+00  0.113144E+05  0.113144E+05  0.113144E+05 -0.645299E-01  0.110133E+05  0.932646E+04  0.432520E+02
  0.114897E+00  0.120468E+05  0.546973E+04  0.115279E+02  0.114206E+02  0.000000E+00  0.109749E+05  0.109749E+05  0.109749E+05 -0.625886E-01  0.106461E+05  0.929653E+04  0.334764E+02
  0.118766E+00  0.115885E+05  0.573616E+04  0.105152E+02  0.104218E+02  0.000000E+00  0.106348E+05  0.106348E+05  0.106348E+05 -0.606455E-01  0.102873E+05  0.919659E+04  0.261739E+02
  0.122758E+00  0.111414E+05  0.583100E+04  0.954590E+01  0.946099E+01  0.000000E+00  0.102760E+05  0.102760E+05  0.102760E+05 -0.585979E-01  0.992329E+04  0.898578E+04  0.217652E+02
  0.126878E+00  0.106998E+05  0.570982E+04  0.860472E+01  0.852710E+01  0.000000E+00  0.988663E+04  0.988663E+04  0.988663E+04 -0.563773E-01  0.954416E+04  0.864445E+04  0.202093E+02
  0.131132E+00  0.102604E+05  0.536935E+04  0.769107E+01  0.762217E+01  0.000000E+00  0.946338E+04  0.946338E+04  0.946338E+04 -0.539647E-01  0.914589E+04  0.817915E+04  0.210106E+02
  0.135525E+00  0.982293E+04  0.485093E+04  0.682002E+01  0.675995E+01  0.000000E+00  0.901268E+04  0.901268E+04  0.901268E+04 -0.513964E-01  0.873125E+04  0.762334E+04  0.232983E+02
  0.140062E+00  0.939001E+04  0.423472E+04  0.601271E+01  0.596083E+01  0.000000E+00  0.854989E+04  0.854989E+04  0.854989E+04 -0.487596E-01  0.830957E+04  0.703194E+04  0.259968E+02
  0.144749E+00  0.896700E+04  0.362408E+04  0.528982E+01  0.524517E+01  0.000000E+00  0.809630E+04  0.809630E+04  0.809630E+04 -0.461749E-01  0.789489E+04  0.647033E+04  0.280481E+02
  0.149592E+00  0.856045E+04  0.312219E+04  0.466605E+01  0.462730E+01  0.000000E+00  0.767422E+04  0.767422E+04  0.767422E+04 -0.437692E-01  0.750281E+04  0.599934E+04  0.286435E+02
  0.154596E+00  0.817644E+04  0.280594E+04  0.414538E+01  0.411114E+01  0.000000E+00  0.730125E+04  0.730125E+04  0.730125E+04 -0.416429E-01  0.714641E+04  0.565969E+04  0.274075E+02
  0.159766E+00  0.781867E+04  0.270388E+04  0.371952E+01  0.368859E+01  0.000000E+00  0.698515E+04  0.698515E+04  0.698515E+04 -0.398399E-01  0.683237E+04  0.545981E+04  0.244841E+02
  0.165109E+00  0.748711E+04  0.278588E+04  0.336954E+01  0.334104E+01  0.000000E+00  0.672099E+04  0.672099E+04  0.672099E+04 -0.383320E-01  0.655862E+04  0.537182E+04  0.204854E+02
  0.170630E+00  0.717776E+04  0.296977E+04  0.307061E+01  0.304409E+01  0.000000E+00  0.649201E+04  0.649201E+04  0.649201E+04 -0.370236E-01  0.631453E+04  0.533841E+04  0.163035E+02
  0.176336E+00  0.688436E+04  0.314709E+04  0.279947E+01  0.277486E+01  0.000000E+00  0.627533E+04  0.627533E+04  0.627533E+04 -0.357896E-01  0.608534E+04  0.529173E+04  0.128263E+02
  0.182233E+00  0.659848E+04  0.321482E+04  0.253716E+01  0.251465E+01  0.000000E+00  0.604707E+04  0.604707E+04  0.604707E+04 -0.344889E-01  0.585305E+04  0.517055E+04  0.106735E+02
  0.188327E+00  0.631377E+04  0.311531E+04  0.227592E+01  0.225575E+01  0.000000E+00  0.579254E+04  0.579254E+04  0.579254E+04 -0.330344E-01  0.560564E+04  0.494623E+04  0.997879E+01
  0.194625E+00  0.602871E+04  0.285844E+04  0.201972E+01  0.200203E+01  0.000000E+00  0.551208E+04  0.551208E+04  0.551208E+04 -0.314306E-01  0.534230E+04  0.463413E+04  0.103698E+02
  0.201134E+00  0.574686E+04  0.251750E+04  0.177993E+01  0.176461E+01  0.000000E+00  0.522059E+04  0.522059E+04  0.522059E+04 -0.297680E-01  0.507313E+04  0.428709E+04  0.111378E+02
  0.207860E+00  0.547427E+04  0.219691E+04  0.156802E+01  0.155473E+01  0.000000E+00  0.494018E+04  0.494018E+04  0.494018E+04 -0.281721E-01  0.481305E+04  0.397092E+04  0.115464E+02
  0.214811E+00  0.521680E+04  0.198608E+04  0.139008E+01  0.137838E+01  0.000000E+00  0.469031E+04  0.469031E+04  0.469031E+04 -0.267481E-01  0.457514E+04  0.373565E+04  0.111377E+02
  0.221996E+00  0.497817E+04  0.191890E+04  0.124499E+01  0.123444E+01  0.000000E+00  0.447963E+04  0.447963E+04  0.447963E+04 -0.255448E-01  0.436645E+04  0.359446E+04  0.991074E+01
  0.229422E+00  0.475775E+04  0.195852E+04  0.112487E+01  0.111521E+01  0.000000E+00  0.430158E+04  0.430158E+04  0.430158E+04 -0.245287E-01  0.418408E+04  0.351772E+04  0.827775E+01
  0.237097E+00  0.455000E+04  0.201802E+04  0.101842E+01  0.100955E+01  0.000000E+00  0.413738E+04  0.413738E+04  0.413738E+04 -0.235923E-01  0.401526E+04  0.344821E+04  0.681605E+01
  0.245032E+00  0.434807E+04  0.201077E+04  0.916785E+00  0.908754E+00  0.000000E+00  0.396718E+04  0.396718E+04  0.396718E+04 -0.226216E-01  0.384559E+04  0.333449E+04  0.594461E+01
  0.253237E+00  0.414781E+04  0.190086E+04  0.817291E+00  0.810164E+00  0.000000E+00  0.378164E+04  0.378164E+04  0.378164E+04 -0.215646E-01  0.366768E+04  0.316060E+04  0.570674E+01
  0.261722E+00  0.394946E+04  0.172149E+04  0.722778E+00  0.716544E+00  0.000000E+00  0.358638E+04  0.358638E+04  0.358638E+04 -0.204505E-01  0.348400E+04  0.295255E+04  0.578709E+01
  0.270499E+00  0.375764E+04  0.154917E+04  0.638602E+00  0.633147E+00  0.000000E+00  0.339774E+04  0.339774E+04  0.339774E+04 -0.193736E-01  0.330579E+04  0.275961E+04  0.575445E+01
  0.279581E+00  0.357758E+04  0.144737E+04  0.567940E+00  0.563096E+00  0.000000E+00  0.323043E+04  0.323043E+04  0.323043E+04 -0.184206E-01  0.314420E+04  0.261830E+04  0.536085E+01
  0.288982E+00  0.341022E+04  0.142085E+04  0.509075E+00  0.504701E+00  0.000000E+00  0.308603E+04  0.308603E+04  0.308603E+04 -0.175974E-01  0.300060E+04  0.252538E+04  0.468669E+01
  0.298718E+00  0.325256E+04  0.141876E+04  0.457501E+00  0.453537E+00  0.000000E+00  0.295372E+04  0.295372E+04  0.295372E+04 -0.168426E-01  0.286790E+04  0.244590E+04  0.402614E+01
  0.308805E+00  0.309985E+04  0.138151E+04  0.409220E+00  0.405665E+00  0.000000E+00  0.281982E+04  0.281982E+04  0.281982E+04 -0.160788E-01  0.273632E+04  0.234417E+04  0.361908E+01
  0.319263E+00  0.294955E+04  0.129256E+04  0.363246E+00  0.360104E+00  0.000000E+00  0.267952E+04  0.267952E+04  0.267952E+04 -0.152780E-01  0.260167E+04  0.221392E+04  0.346133E+01
  0.330113E+00  0.280342E+04  0.118793E+04  0.321351E+00  0.318590E+00  0.000000E+00  0.254016E+04  0.254016E+04  0.254016E+04 -0.144839E-01  0.246887E+04  0.208056E+04  0.335241E+01
  0.341379E+00  0.266448E+04  0.111374E+04  0.285116E+00  0.282670E+00  0.000000E+00  0.241176E+04  0.241176E+04  0.241176E+04 -0.137520E-01  0.234478E+04  0.197129E+04  0.311798E+01
  0.353088E+00  0.253395E+04  0.107824E+04  0.254197E+00  0.252008E+00  0.000000E+00  0.229673E+04  0.229673E+04  0.229673E+04 -0.130967E-01  0.223163E+04  0.188795E+04  0.277401E+01
  0.365272E+00  0.240940E+04  0.104840E+04  0.226563E+00  0.224604E+00  0.000000E+00  0.218761E+04  0.218761E+04  0.218761E+04 -0.124733E-01  0.212404E+04  0.180786E+04  0.246694E+01
  0.377964E+00  0.228846E+04  0.995495E+03  0.200941E+00  0.199205E+00  0.000000E+00  0.207776E+04  0.207776E+04  0.207776E+04 -0.118468E-01  0.201748E+04  0.171516E+04  0.227961E+01
  0.391205E+00  0.217089E+04  0.928305E+03  0.177493E+00  0.175965E+00  0.000000E+00  0.196839E+04  0.196839E+04  0.196839E+04 -0.112237E-01  0.191234E+04  0.161742E+04  0.214849E+01
  0.405042E+00  0.205823E+04  0.874084E+03  0.156855E+00  0.155505E+00  0.000000E+00  0.186526E+04  0.186526E+04  0.186526E+04 -0.106360E-01  0.181244E+04  0.153112E+04  0.197941E+01
  0.419529E+00  0.195092E+04  0.837374E+03  0.138801E+00  0.137604E+00  0.000000E+00  0.176945E+04  0.176945E+04  0.176945E+04 -0.100889E-01  0.171861E+04  0.145693E+04  0.177762E+01
  0.434731E+00  0.184779E+04  0.798916E+03  0.122564E+00  0.121506E+00  0.000000E+00  0.167686E+04  0.167686E+04  0.167686E+04 -0.956118E-02  0.162837E+04  0.138276E+04  0.161018E+01
  0.450720E+00  0.174758E+04  0.750572E+03  0.107736E+00  0.106807E+00  0.000000E+00  0.158511E+04  0.158511E+04  0.158511E+04 -0.903834E-02  0.153963E+04  0.130450E+04  0.148674E+01
  0.467589E+00  0.165071E+04  0.705685E+03  0.944914E-01  0.936774E-01  0.000000E+00  0.149671E+04  0.149671E+04  0.149671E+04 -0.853388E-02  0.145386E+04  0.123063E+04  0.136061E+01
  0.485443E+00  0.155772E+04  0.669509E+03  0.828025E-01  0.820884E-01  0.000000E+00  0.141297E+04  0.141297E+04  0.141297E+04 -0.805656E-02  0.137228E+04  0.116360E+04  0.122514E+01
  0.504414E+00  0.146759E+04  0.631548E+03  0.722664E-01  0.716432E-01  0.000000E+00  0.133135E+04  0.133135E+04  0.133135E+04 -0.759110E-02  0.129295E+04  0.109647E+04  0.111012E+01
  0.524660E+00  0.137993E+04  0.591725E+03  0.627772E-01  0.622362E-01  0.000000E+00  0.125148E+04  0.125148E+04  0.125148E+04 -0.713579E-02  0.121551E+04  0.102980E+04  0.100877E+01
  0.546380E+00  0.129493E+04  0.556183E+03  0.543358E-01  0.538674E-01  0.000000E+00  0.117454E+04  0.117454E+04  0.117454E+04 -0.669706E-02  0.114069E+04  0.967018E+03  0.905882E+00
  0.569817E+00  0.121215E+04  0.520971E+03  0.467699E-01  0.463667E-01  0.000000E+00  0.109951E+04  0.109951E+04  0.109951E+04 -0.626927E-02  0.106779E+04  0.905324E+03  0.812596E+00
  0.595281E+00  0.113122E+04  0.485624E+03  0.399876E-01  0.396429E-01  0.000000E+00  0.102601E+04  0.102601E+04  0.102601E+04 -0.585013E-02  0.996423E+03  0.844586E+03  0.726927E+00
  0.623158E+00  0.105207E+04  0.452092E+03  0.339428E-01  0.336502E-01  0.000000E+00  0.954297E+03  0.954297E+03  0.954297E+03 -0.544120E-02  0.926729E+03  0.785761E+03  0.644702E+00
  0.653936E+00  0.974350E+03  0.418483E+03  0.285444E-01  0.282983E-01  0.000000E+00  0.883764E+03  0.883764E+03  0.883764E+03 -0.503899E-02  0.858228E+03  0.727587E+03  0.569353E+00
  0.688224E+00  0.897974E+03  0.385830E+03  0.237536E-01  0.235488E-01  0.000000E+00  0.814514E+03  0.814514E+03  0.814514E+03 -0.464419E-02  0.790961E+03  0.670659E+03  0.498173E+00
  0.726761E+00  0.822818E+03  0.353496E+03  0.195185E-01  0.193503E-01  0.000000E+00  0.746336E+03  0.746336E+03  0.746336E+03 -0.425541E-02  0.724739E+03  0.614505E+03  0.432274E+00
  0.770404E+00  0.749045E+03  0.321836E+03  0.158133E-01  0.156770E-01  0.000000E+00  0.679426E+03  0.679426E+03  0.679426E+03 -0.387390E-02  0.659751E+03  0.559436E+03  0.371098E+00
  0.820054E+00  0.677047E+03  0.290921E+03  0.126155E-01  0.125068E-01  0.000000E+00  0.614123E+03  0.614123E+03  0.614123E+03 -0.350155E-02  0.596326E+03  0.505680E+03  0.315023E+00
  0.876519E+00  0.607596E+03  0.261093E+03  0.991033E-02  0.982491E-02  0.000000E+00  0.551129E+03  0.551129E+03  0.551129E+03 -0.314239E-02  0.535148E+03  0.453823E+03  0.264425E+00
  0.940334E+00  0.541729E+03  0.232801E+03  0.767770E-02  0.761153E-02  0.000000E+00  0.491385E+03  0.491385E+03  0.491385E+03 -0.280173E-02  0.477125E+03  0.404635E+03  0.219701E+00
  0.101167E+01  0.480495E+03  0.206497E+03  0.588362E-02  0.583291E-02  0.000000E+00  0.435844E+03  0.435844E+03  0.435844E+03 -0.248505E-02  0.423187E+03  0.358908E+03  0.181079E+00
  0.109045E+01  0.424639E+03  0.182503E+03  0.447576E-02  0.443718E-02  0.000000E+00  0.385180E+03  0.385180E+03  0.385180E+03 -0.219618E-02  0.373987E+03  0.317195E+03  0.148430E+00
  0.117656E+01  0.374438E+03  0.160936E+03  0.339023E-02  0.336101E-02  0.000000E+00  0.339645E+03  0.339645E+03  0.339645E+03 -0.193655E-02  0.329770E+03  0.279704E+03  0.121274E+00
  0.127007E+01  0.329726E+03  0.141724E+03  0.256208E-02  0.254000E-02  0.000000E+00  0.299089E+03  0.299089E+03  0.299089E+03 -0.170531E-02  0.290388E+03  0.246310E+03  0.989072E-01
  0.137127E+01  0.290104E+03  0.124699E+03  0.193383E-02  0.191716E-02  0.000000E+00  0.263149E+03  0.263149E+03  0.263149E+03 -0.150039E-02  0.255489E+03  0.216716E+03  0.805826E-01
  0.148063E+01  0.255084E+03  0.109651E+03  0.145855E-02  0.144598E-02  0.000000E+00  0.231384E+03  0.231384E+03  0.231384E+03 -0.131928E-02  0.224645E+03  0.190560E+03  0.656085E-01
  0.159874E+01  0.224170E+03  0.963659E+02  0.109943E-02  0.108996E-02  0.000000E+00  0.203343E+03  0.203343E+03  0.203343E+03 -0.115940E-02  0.197418E+03  0.167469E+03  0.533877E-01
  0.172627E+01  0.196905E+03  0.846480E+02  0.828317E-03  0.821179E-03  0.000000E+00  0.178611E+03  0.178611E+03  0.178611E+03 -0.101839E-02  0.173404E+03  0.147103E+03  0.434223E-01
  0.186399E+01  0.172873E+03  0.743194E+02  0.623756E-03  0.618380E-03  0.000000E+00  0.156812E+03  0.156812E+03  0.156812E+03 -0.894095E-03  0.152239E+03  0.129151E+03  0.353001E-01
  0.201269E+01  0.151704E+03  0.652209E+02  0.469496E-03  0.465450E-03  0.000000E+00  0.137611E+03  0.137611E+03  0.137611E+03 -0.784613E-03  0.133595E+03  0.113338E+03  0.286845E-01
  0.217325E+01  0.133069E+03  0.572109E+02  0.353230E-03  0.350186E-03  0.000000E+00  0.120707E+03  0.120707E+03  0.120707E+03 -0.688233E-03  0.117184E+03  0.994171E+02  0.232985E-01
  0.234662E+01  0.116674E+03  0.501634E+02  0.265643E-03  0.263354E-03  0.000000E+00  0.105835E+03  0.105835E+03  0.105835E+03 -0.603437E-03  0.102744E+03  0.871691E+02  0.189161E-01
  0.253382E+01  0.102255E+03  0.439654E+02  0.199690E-03  0.197969E-03  0.000000E+00  0.927561E+02  0.927561E+02  0.927561E+02 -0.528866E-03  0.900465E+02  0.763977E+02  0.153516E-01
  0.273596E+01  0.895825E+02  0.385176E+02  0.150051E-03  0.148758E-03  0.000000E+00  0.812608E+02  0.812608E+02  0.812608E+02 -0.463323E-03  0.788861E+02  0.669303E+02  0.124539E-01
  0.295422E+01  0.784492E+02  0.337314E+02  0.112706E-03  0.111735E-03  0.000000E+00  0.711618E+02  0.711618E+02  0.711618E+02 -0.405741E-03  0.690815E+02  0.586127E+02  0.100992E-01
  0.318989E+01  0.686742E+02  0.295290E+02  0.846244E-04  0.838951E-04  0.000000E+00  0.622950E+02  0.622950E+02  0.622950E+02 -0.355185E-03  0.604732E+02  0.513099E+02  0.818679E-02
  0.344437E+01  0.600952E+02  0.258407E+02  0.635163E-04  0.629690E-04  0.000000E+00  0.545130E+02  0.545130E+02  0.545130E+02 -0.310815E-03  0.529183E+02  0.449005E+02  0.663412E-02
  0.371914E+01  0.525692E+02  0.226050E+02  0.476561E-04  0.472454E-04  0.000000E+00  0.476861E+02  0.476861E+02  0.476861E+02 -0.271890E-03  0.462907E+02  0.392777E+02  0.537406E-02
  0.401584E+01  0.459700E+02  0.197677E+02  0.357441E-04  0.354361E-04  0.000000E+00  0.417000E+02  0.417000E+02  0.417000E+02 -0.237759E-03  0.404794E+02  0.343472E+02  0.435187E-02
  0.433620E+01  0.401854E+02  0.172805E+02  0.268003E-04  0.265694E-04  0.000000E+00  0.364527E+02  0.364527E+02  0.364527E+02 -0.207841E-03  0.353855E+02  0.300253E+02  0.352292E-02
  0.468212E+01  0.351178E+02  0.151016E+02  0.200881E-04  0.199150E-04  0.000000E+00  0.318559E+02  0.318559E+02  0.318559E+02 -0.181631E-03  0.309229E+02  0.262391E+02  0.285102E-02
  0.505564E+01  0.306794E+02  0.131932E+02  0.150523E-04  0.149226E-04  0.000000E+00  0.278298E+02  0.278298E+02  0.278298E+02 -0.158676E-03  0.270146E+02  0.229229E+02  0.230654E-02
  0.545895E+01  0.267944E+02  0.115227E+02  0.112756E-04  0.111785E-04  0.000000E+00  0.243057E+02  0.243057E+02  0.243057E+02 -0.138583E-03  0.235936E+02  0.200202E+02  0.186554E-02
  0.589444E+01  0.233938E+02  0.100604E+02  0.844377E-05  0.837102E-05  0.000000E+00  0.212209E+02  0.212209E+02  0.212209E+02 -0.120995E-03  0.205990E+02  0.174793E+02  0.150838E-02
  0.636467E+01  0.204191E+02  0.878121E+01  0.632140E-05  0.626694E-05  0.000000E+00  0.185226E+02  0.185226E+02  0.185226E+02 -0.105610E-03  0.179797E+02  0.152567E+02  0.121928E-02
  0.687242E+01  0.178175E+02  0.766246E+01  0.473111E-05  0.469035E-05  0.000000E+00  0.161626E+02  0.161626E+02  0.161626E+02 -0.921539E-04  0.156888E+02  0.133128E+02  0.985308E-03
  0.742067E+01  0.155435E+02  0.668454E+01  0.354000E-05  0.350949E-05  0.000000E+00  0.140998E+02  0.140998E+02  0.140998E+02 -0.803923E-04  0.136863E+02  0.116136E+02  0.796046E-03
  0.801265E+01  0.135558E+02  0.582975E+01  0.264800E-05  0.262518E-05  0.000000E+00  0.122967E+02  0.122967E+02  0.122967E+02 -0.701117E-04  0.119360E+02  0.101283E+02  0.642964E-03
  0.865186E+01  0.118194E+02  0.508302E+01  0.198028E-05  0.196322E-05  0.000000E+00  0.107216E+02  0.107216E+02  0.107216E+02 -0.611310E-04  0.104071E+02  0.883089E+01  0.519203E-03
  0.934206E+01  0.103029E+02  0.443083E+01  0.148057E-05  0.146781E-05  0.000000E+00  0.934594E+01  0.934594E+01  0.934594E+01 -0.532873E-04  0.907172E+01  0.769770E+01  0.419168E-03
  0.100873E+02  0.897862E+01  0.386131E+01  0.110667E-05  0.109713E-05  0.000000E+00  0.814469E+01  0.814469E+01  0.814469E+01 -0.464381E-04  0.790566E+01  0.670816E+01  0.338327E-03
  0.108920E+02  0.782280E+01  0.336423E+01  0.827003E-06  0.819880E-06  0.000000E+00  0.709622E+01  0.709622E+01  0.709622E+01 -0.404601E-04  0.688793E+01  0.584449E+01  0.273022E-03
  0.117610E+02  0.681436E+01  0.293053E+01  0.617885E-06  0.612561E-06  0.000000E+00  0.618144E+01  0.618144E+01  0.618144E+01 -0.352444E-04  0.599999E+01  0.509093E+01  0.220284E-03
  0.126992E+02  0.593445E+01  0.255209E+01  0.461528E-06  0.457552E-06  0.000000E+00  0.538325E+01  0.538325E+01  0.538325E+01 -0.306934E-04  0.522520E+01  0.443340E+01  0.177694E-03
  0.137123E+02  0.516704E+01  0.222203E+01  0.344664E-06  0.341695E-06  0.000000E+00  0.468711E+01  0.468711E+01  0.468711E+01 -0.267242E-04  0.454948E+01  0.385994E+01  0.143314E-03
  0.148062E+02  0.449791E+01  0.193424E+01  0.257336E-06  0.255119E-06  0.000000E+00  0.408013E+01  0.408013E+01  0.408013E+01 -0.232634E-04  0.396031E+01  0.335992E+01  0.115566E-03
  0.159873E+02  0.391461E+01  0.168335E+01  0.192093E-06  0.190439E-06  0.000000E+00  0.355100E+01  0.355100E+01  0.355100E+01 -0.202465E-04  0.344671E+01  0.292402E+01  0.931751E-04
  0.172627E+02  0.340628E+01  0.146471E+01  0.143363E-06  0.142128E-06  0.000000E+00  0.308987E+01  0.308987E+01  0.308987E+01 -0.176173E-04  0.299912E+01  0.254415E+01  0.751123E-04
  0.186399E+02  0.296357E+01  0.127430E+01  0.106981E-06  0.106060E-06  0.000000E+00  0.268829E+01  0.268829E+01  0.268829E+01 -0.153277E-04  0.260933E+01  0.221332E+01  0.605478E-04
  0.201269E+02  0.257779E+01  0.110837E+01  0.798130E-07  0.791255E-07  0.000000E+00  0.233833E+01  0.233833E+01  0.233833E+01 -0.133324E-04  0.226966E+01  0.192502E+01  0.487995E-04
  0.217325E+02  0.224179E+01  0.963838E+00  0.595321E-07  0.590197E-07  0.000000E+00  0.203353E+01  0.203353E+01  0.203353E+01 -0.115945E-04  0.197381E+01  0.167392E+01  0.393267E-04
  0.234662E+02  0.194918E+01  0.837972E+00  0.443954E-07  0.440132E-07  0.000000E+00  0.176809E+01  0.176809E+01  0.176809E+01 -0.100811E-04  0.171616E+01  0.145524E+01  0.316895E-04
  0.253382E+02  0.169449E+01  0.728418E+00  0.331021E-07  0.328172E-07  0.000000E+00  0.153706E+01  0.153706E+01  0.153706E+01 -0.876378E-05  0.149192E+01  0.126489E+01  0.255346E-04
  0.273596E+02  0.147283E+01  0.633068E+00  0.246772E-07  0.244647E-07  0.000000E+00  0.133598E+01  0.133598E+01  0.133598E+01 -0.761731E-05  0.129675E+01  0.109923E+01  0.205746E-04
  0.295422E+02  0.127995E+01  0.550096E+00  0.183934E-07  0.182350E-07  0.000000E+00  0.116101E+01  0.116101E+01  0.116101E+01 -0.661970E-05  0.112692E+01  0.955074E+00  0.165781E-04
  0.318989E+02  0.111215E+01  0.477910E+00  0.137073E-07  0.135894E-07  0.000000E+00  0.100879E+01  0.100879E+01  0.100879E+01 -0.575177E-05  0.979171E+00  0.829655E+00  0.133583E-04
  0.344437E+02  0.966154E+00  0.415104E+00  0.102131E-07  0.101252E-07  0.000000E+00  0.876353E+00  0.876353E+00  0.876353E+00 -0.499665E-05  0.850627E+00  0.720534E+00  0.107641E-04
  0.371914E+02  0.839206E+00  0.360491E+00  0.760846E-08  0.754302E-08  0.000000E+00  0.761193E+00  0.761193E+00  0.761193E+00 -0.434005E-05  0.738852E+00  0.625647E+00  0.867486E-05
  0.401584E+02  0.728853E+00  0.313016E+00  0.566740E-08  0.561866E-08  0.000000E+00  0.661087E+00  0.661087E+00  0.661087E+00 -0.376928E-05  0.641691E+00  0.543162E+00  0.699243E-05
  0.433620E+02  0.632896E+00  0.271733E+00  0.422072E-08  0.418446E-08  0.000000E+00  0.574040E+00  0.574040E+00  0.574040E+00 -0.327297E-05  0.557204E+00  0.471433E+00  0.563726E-05
  0.468212E+02  0.549492E+00  0.235849E+00  0.314284E-08  0.311585E-08  0.000000E+00  0.498380E+00  0.498380E+00  0.498380E+00 -0.284158E-05  0.483770E+00  0.409086E+00  0.454594E-05
  0.505564E+02  0.477010E+00  0.204664E+00  0.233986E-08  0.231977E-08  0.000000E+00  0.432628E+00  0.432628E+00  0.432628E+00 -0.246669E-05  0.419952E+00  0.354900E+00  0.366711E-05
  0.545895E+02  0.414025E+00  0.177563E+00  0.174174E-08  0.172681E-08  0.000000E+00  0.375490E+00  0.375490E+00  0.375490E+00 -0.214090E-05  0.364495E+00  0.307811E+00  0.295933E-05
  0.589444E+02  0.359325E+00  0.154026E+00  0.129639E-08  0.128528E-08  0.000000E+00  0.325869E+00  0.325869E+00  0.325869E+00 -0.185799E-05  0.316336E+00  0.266915E+00  0.238949E-05
  0.636467E+02  0.311794E+00  0.133573E+00  0.964707E-09  0.956438E-09  0.000000E+00  0.282751E+00  0.282751E+00  0.282751E+00 -0.161214E-05  0.274486E+00  0.231375E+00  0.193042E-05
  0.687242E+02  0.270510E+00  0.115807E+00  0.717764E-09  0.711618E-09  0.000000E+00  0.245299E+00  0.245299E+00  0.245299E+00 -0.139860E-05  0.238137E+00  0.200504E+00  0.156064E-05
  0.742067E+02  0.234675E+00  0.100386E+00  0.533983E-09  0.529422E-09  0.000000E+00  0.212791E+00  0.212791E+00  0.212791E+00 -0.121325E-05  0.206587E+00  0.173706E+00  0.126282E-05
  0.801265E+02  0.203559E+00  0.869937E-01  0.397191E-09  0.393801E-09  0.000000E+00  0.184563E+00  0.184563E+00  0.184563E+00 -0.105231E-05  0.179191E+00  0.150434E+00  0.102283E-05
  0.865186E+02  0.176545E+00  0.753664E-01  0.295392E-09  0.292875E-09  0.000000E+00  0.160057E+00  0.160057E+00  0.160057E+00 -0.912582E-06  0.155406E+00  0.130228E+00  0.829397E-06
  0.934206E+02  0.153089E+00  0.652693E-01  0.219635E-09  0.217768E-09  0.000000E+00  0.138778E+00  0.138778E+00  0.138778E+00 -0.791253E-06  0.134754E+00  0.112680E+00  0.673397E-06
  0.100873E+03  0.132745E+00  0.565115E-01  0.163295E-09  0.161910E-09  0.000000E+00  0.120321E+00  0.120321E+00  0.120321E+00 -0.686025E-06  0.116842E+00  0.974589E-01  0.547626E-06
  0.108920E+03  0.115087E+00  0.489093E-01  0.121383E-09  0.120356E-09  0.000000E+00  0.104302E+00  0.104302E+00  0.104302E+00 -0.594691E-06  0.101295E+00  0.842458E-01  0.446110E-06
  0.117610E+03  0.997664E-01  0.423125E-01  0.902120E-10  0.894505E-10  0.000000E+00  0.904036E-01  0.904036E-01  0.904036E-01 -0.515445E-06  0.878066E-01  0.727797E-01  0.364135E-06
  0.126992E+03  0.864807E-01  0.365914E-01  0.670376E-10  0.664745E-10  0.000000E+00  0.783506E-01  0.783506E-01  0.783506E-01 -0.446725E-06  0.761096E-01  0.628349E-01  0.297910E-06
  0.137123E+03  0.749469E-01  0.316237E-01  0.498005E-10  0.493835E-10  0.000000E+00  0.678868E-01  0.678868E-01  0.678868E-01 -0.387063E-06  0.659543E-01  0.541995E-01  0.244313E-06
  0.148062E+03  0.649474E-01  0.273163E-01  0.369897E-10  0.366812E-10  0.000000E+00  0.588149E-01  0.588149E-01  0.588149E-01 -0.335338E-06  0.571502E-01  0.467115E-01  0.200929E-06
  0.159873E+03  0.562764E-01  0.235807E-01  0.274687E-10  0.272413E-10  0.000000E+00  0.509482E-01  0.509482E-01  0.509482E-01 -0.290485E-06  0.495159E-01  0.402171E-01  0.165762E-06
  0.172627E+03  0.487541E-01  0.203393E-01  0.203918E-10  0.202240E-10  0.000000E+00  0.441235E-01  0.441235E-01  0.441235E-01 -0.251572E-06  0.428926E-01  0.345821E-01  0.137201E-06
  0.186399E+03  0.422353E-01  0.175300E-01  0.151354E-10  0.150118E-10  0.000000E+00  0.382093E-01  0.382093E-01  0.382093E-01 -0.217852E-06  0.371532E-01  0.296981E-01  0.113985E-06
  0.201269E+03  0.365842E-01  0.150943E-01  0.112307E-10  0.111397E-10  0.000000E+00  0.330821E-01  0.330821E-01  0.330821E-01 -0.188618E-06  0.321776E-01  0.254637E-01  0.950683E-07
  0.217325E+03  0.316882E-01  0.129837E-01  0.833155E-11  0.826482E-11  0.000000E+00  0.286401E-01  0.286401E-01  0.286401E-01 -0.163292E-06  0.278670E-01  0.217950E-01  0.796271E-07
  0.234662E+03  0.274424E-01  0.111533E-01  0.617820E-11  0.612928E-11  0.000000E+00  0.247879E-01  0.247879E-01  0.247879E-01 -0.141329E-06  0.241288E-01  0.186139E-01  0.669774E-07
  0.253382E+03  0.237644E-01  0.956752E-02  0.458000E-11  0.454427E-11  0.000000E+00  0.214508E-01  0.214508E-01  0.214508E-01 -0.122303E-06  0.208905E-01  0.158590E-01  0.565925E-07
  0.273596E+03  0.205755E-01  0.819270E-02  0.339355E-11  0.336753E-11  0.000000E+00  0.185575E-01  0.185575E-01  0.185575E-01 -0.105806E-06  0.180827E-01  0.134718E-01  0.480298E-07
  0.295422E+03  0.178137E-01  0.700227E-02  0.251348E-11  0.249455E-11  0.000000E+00  0.160518E-01  0.160518E-01  0.160518E-01 -0.915190E-07  0.156511E-01  0.114064E-01  0.409489E-07
  0.318989E+03  0.154205E-01  0.597118E-02  0.186067E-11  0.184696E-11  0.000000E+00  0.138806E-01  0.138806E-01  0.138806E-01 -0.791399E-07  0.135441E-01  0.961940E-02  0.350641E-07
  0.344437E+03  0.133477E-01  0.507869E-02  0.137667E-11  0.136681E-11  0.000000E+00  0.120001E-01  0.120001E-01  0.120001E-01 -0.684181E-07  0.117190E-01  0.807513E-02  0.301505E-07
  0.371914E+03  0.115532E-01  0.430689E-02  0.101804E-11  0.101099E-11  0.000000E+00  0.103723E-01  0.103723E-01  0.103723E-01 -0.591372E-07  0.101392E-01  0.674263E-02  0.260275E-07
  0.401584E+03  0.999825E-02  0.363927E-02  0.752275E-12  0.747260E-12  0.000000E+00  0.896197E-02  0.896197E-02  0.896197E-02 -0.510961E-07  0.877023E-02  0.559365E-02  0.225434E-07
  0.433620E+03  0.865161E-02  0.306252E-02  0.555478E-12  0.551928E-12  0.000000E+00  0.774079E-02  0.774079E-02  0.774079E-02 -0.441335E-07  0.758470E-02  0.460535E-02  0.195816E-07
  0.468212E+03  0.748457E-02  0.256453E-02  0.409778E-12  0.407292E-12  0.000000E+00  0.668279E-02  0.668279E-02  0.668279E-02 -0.381008E-07  0.655729E-02  0.375711E-02  0.170443E-07
  0.505564E+03  0.647502E-02  0.213587E-02  0.302070E-12  0.300353E-12  0.000000E+00  0.576790E-02  0.576790E-02  0.576790E-02 -0.328845E-07  0.566865E-02  0.303268E-02  0.148594E-07
  0.545895E+03  0.560117E-02  0.176741E-02  0.222473E-12  0.221298E-12  0.000000E+00  0.497641E-02  0.497641E-02  0.497641E-02 -0.283719E-07  0.489957E-02  0.241662E-02  0.129627E-07
  0.589444E+03  0.484483E-02  0.145154E-02  0.163696E-12  0.162905E-12  0.000000E+00  0.429185E-02  0.429185E-02  0.429185E-02 -0.244690E-07  0.423403E-02  0.189604E-02  0.113041E-07
  0.636467E+03  0.418994E-02  0.118161E-02  0.120321E-12  0.119797E-12  0.000000E+00  0.369969E-02  0.369969E-02  0.369969E-02 -0.210928E-07  0.365789E-02  0.145968E-02  0.984302E-08
  0.687242E+03  0.362381E-02  0.952246E-03  0.883678E-13  0.880293E-13  0.000000E+00  0.318844E-02  0.318844E-02  0.318844E-02 -0.181782E-07  0.316002E-02  0.109825E-02  0.855006E-08
  0.742067E+03  0.313325E-02  0.758176E-03  0.648260E-13  0.646136E-13  0.000000E+00  0.274620E-02  0.274620E-02  0.274620E-02 -0.156567E-07  0.272875E-02  0.802810E-03  0.739670E-08
  0.801265E+03  0.270898E-02  0.595441E-03  0.475190E-13  0.473910E-13  0.000000E+00  0.236455E-02  0.236455E-02  0.236455E-02 -0.134809E-07  0.235598E-02  0.566207E-03  0.636590E-08
  0.865186E+03  0.234173E-02  0.460242E-03  0.348062E-13  0.347320E-13  0.000000E+00  0.203512E-02  0.203512E-02  0.203512E-02 -0.116026E-07  0.203353E-02  0.381513E-03  0.544179E-08
  0.934206E+03  0.202385E-02  0.349334E-03  0.254809E-13  0.254402E-13  0.000000E+00  0.175097E-02  0.175097E-02  0.175097E-02 -0.998245E-08  0.175466E-02  0.242416E-03  0.461335E-08
  0.100873E+04  0.174914E-02  0.259886E-03  0.186550E-13  0.186343E-13  0.000000E+00  0.150645E-02  0.150645E-02  0.150645E-02 -0.858837E-08  0.151395E-02  0.142818E-03  0.387383E-08
  0.108920E+04  0.151157E-02  0.189165E-03  0.136626E-13  0.136529E-13  0.000000E+00  0.129607E-02  0.129607E-02  0.129607E-02 -0.738896E-08  0.130609E-02  0.765891E-04  0.321703E-08
  0.117610E+04  0.130596E-02  0.134644E-03  0.100133E-13  0.100091E-13  0.000000E+00  0.111508E-02  0.111508E-02  0.111508E-02 -0.635702E-08  0.112647E-02  0.375410E-04  0.263872E-08
  0.126992E+04  0.112839E-02  0.939776E-04  0.735005E-14  0.734811E-14  0.000000E+00  0.959820E-03  0.959820E-03  0.959820E-03 -0.547187E-08  0.971669E-03  0.193759E-04  0.213713E-08
  0.137123E+04  0.974698E-03  0.647902E-04  0.540398E-14  0.540259E-14  0.000000E+00  0.826416E-03  0.826416E-03  0.826416E-03 -0.471126E-08  0.837977E-03  0.157118E-04  0.170899E-08
  0.148062E+04  0.841937E-03  0.448262E-04  0.398199E-14  0.398053E-14  0.000000E+00  0.712037E-03  0.712037E-03  0.712037E-03 -0.405914E-08  0.722788E-03  0.203759E-04  0.135203E-08
  0.159873E+04  0.727198E-03  0.318633E-04  0.294053E-14  0.293886E-14  0.000000E+00  0.613885E-03  0.613885E-03  0.613885E-03 -0.349953E-08  0.623498E-03  0.277474E-04  0.106200E-08
  0.172627E+04  0.628116E-03  0.238274E-04  0.217574E-14  0.217404E-14  0.000000E+00  0.529639E-03  0.529639E-03  0.529639E-03 -0.301924E-08  0.537986E-03  0.333241E-04  0.833159E-09
  0.186399E+04  0.542632E-03  0.188774E-04  0.161221E-14  0.161072E-14  0.000000E+00  0.457279E-03  0.457279E-03  0.457279E-03 -0.260675E-08  0.464400E-03  0.342721E-04  0.657645E-09
  0.201269E+04  0.468695E-03  0.155214E-04  0.119483E-14  0.119371E-14  0.000000E+00  0.394844E-03  0.394844E-03  0.394844E-03 -0.225080E-08  0.400881E-03  0.298088E-04  0.525435E-09
  0.217325E+04  0.404783E-03  0.127477E-04  0.884900E-15  0.884208E-15  0.000000E+00  0.340895E-03  0.340895E-03  0.340895E-03 -0.194323E-08  0.346059E-03  0.212703E-04  0.425921E-09
  0.234662E+04  0.349595E-03  0.100638E-04  0.654636E-15  0.654301E-15  0.000000E+00  0.294264E-03  0.294264E-03  0.294264E-03 -0.167738E-08  0.298771E-03  0.115299E-04  0.348851E-09
  0.253382E+04  0.301989E-03  0.744050E-05  0.483844E-15  0.483733E-15  0.000000E+00  0.253988E-03  0.253988E-03  0.253988E-03 -0.144779E-08  0.258004E-03  0.379873E-05  0.285921E-09
  0.273596E+04  0.260816E-03  0.513230E-05  0.357379E-15  0.357356E-15  0.000000E+00  0.219149E-03  0.219149E-03  0.219149E-03 -0.124917E-08  0.222753E-03  0.151610E-06  0.231875E-09
  0.295422E+04  0.225219E-03  0.342811E-05  0.264072E-15  0.264048E-15  0.000000E+00  0.189075E-03  0.189075E-03  0.189075E-03 -0.107772E-08  0.192282E-03  0.455899E-06  0.185055E-09
  0.318989E+04  0.194448E-03  0.241322E-05  0.195336E-15  0.195288E-15  0.000000E+00  0.163154E-03  0.163154E-03  0.163154E-03 -0.929929E-09  0.165954E-03  0.250213E-05  0.146033E-09
  0.344437E+04  0.167898E-03  0.189800E-05  0.144657E-15  0.144603E-15  0.000000E+00  0.140846E-03  0.140846E-03  0.140846E-03 -0.802755E-09  0.143254E-03  0.360150E-05  0.115552E-09
  0.371914E+04  0.144981E-03  0.156052E-05  0.107140E-15  0.107104E-15  0.000000E+00  0.121609E-03  0.121609E-03  0.121609E-03 -0.693096E-09  0.123676E-03  0.265989E-05  0.927337E-10
  0.401584E+04  0.125179E-03  0.119411E-05  0.792879E-16  0.792735E-16  0.000000E+00  0.104974E-03  0.104974E-03  0.104974E-03 -0.598272E-09  0.106766E-03  0.876309E-06  0.751476E-10
  0.433620E+04  0.108045E-03  0.824186E-06  0.586288E-16  0.586229E-16  0.000000E+00  0.905720E-04  0.905720E-04  0.905720E-04 -0.516163E-09  0.921351E-04  0.954286E-07  0.604926E-10
  0.468212E+04  0.932758E-04  0.572350E-06  0.433819E-16  0.433745E-16  0.000000E+00  0.781685E-04  0.781685E-04  0.781685E-04 -0.445462E-09  0.795274E-04  0.510947E-06  0.480963E-10
  0.505564E+04  0.805205E-04  0.446387E-06  0.321169E-16  0.321093E-16  0.000000E+00  0.674714E-04  0.674714E-04  0.674714E-04 -0.384487E-09  0.686422E-04  0.772414E-06  0.382593E-10
  0.545895E+04  0.695174E-04  0.348912E-06  0.237767E-16  0.237724E-16  0.000000E+00  0.582455E-04  0.582455E-04  0.582455E-04 -0.331905E-09  0.592558E-04  0.348160E-06  0.307538E-10
  0.589444E+04  0.599973E-04  0.246464E-06  0.175908E-16  0.175883E-16  0.000000E+00  0.502601E-04  0.502601E-04  0.502601E-04 -0.286388E-09  0.511347E-04  0.988879E-07  0.246757E-10
  0.636467E+04  0.517788E-04  0.179141E-06  0.130170E-16  0.130146E-16  0.000000E+00  0.433699E-04  0.433699E-04  0.433699E-04 -0.247115E-09  0.441250E-04  0.230767E-06  0.196548E-10
  0.687242E+04  0.446778E-04  0.138631E-06  0.963185E-17  0.963008E-17  0.000000E+00  0.374196E-04  0.374196E-04  0.374196E-04 -0.213198E-09  0.380692E-04  0.158861E-06  0.157212E-10
  0.742067E+04  0.385519E-04  0.100160E-06  0.712625E-17  0.712506E-17  0.000000E+00  0.322857E-04  0.322857E-04  0.322857E-04 -0.183938E-09  0.328461E-04  0.659700E-07  0.125894E-10
  0.801265E+04  0.332742E-04  0.742704E-07  0.527455E-17  0.527354E-17  0.000000E+00  0.278639E-04  0.278639E-04  0.278639E-04 -0.158741E-09  0.283474E-04  0.925371E-07  0.100497E-10
  0.865186E+04  0.287076E-04  0.554821E-07  0.390234E-17  0.390161E-17  0.000000E+00  0.240384E-04  0.240384E-04  0.240384E-04 -0.136939E-09  0.244546E-04  0.461866E-07  0.804022E-11
  0.934206E+04  0.247537E-04  0.406592E-07  0.288539E-17  0.288481E-17  0.000000E+00  0.207264E-04  0.207264E-04  0.207264E-04 -0.118060E-09  0.210837E-04  0.439999E-07  0.641851E-11
  0.100873E+05  0.213511E-04  0.302719E-07  0.213425E-17  0.213380E-17  0.000000E+00  0.178766E-04  0.178766E-04  0.178766E-04 -0.101820E-09  0.181838E-04  0.276768E-07  0.512959E-11
  0.108920E+05  0.184166E-04  0.223473E-07  0.157871E-17  0.157836E-17  0.000000E+00  0.154190E-04  0.154190E-04  0.154190E-04 -0.878164E-10  0.156832E-04  0.233810E-07  0.409745E-11
  0.117610E+05  0.158733E-04  0.165117E-07  0.116683E-17  0.116656E-17  0.000000E+00  0.132892E-04  0.132892E-04  0.132892E-04 -0.756773E-10  0.135154E-04  0.158338E-07  0.327126E-11
  0.126992E+05  0.136968E-04  0.122438E-07  0.863483E-18  0.863269E-18  0.000000E+00  0.114667E-04  0.114667E-04  0.114667E-04 -0.652967E-10  0.116617E-04  0.119500E-07  0.261442E-11
  0.137123E+05  0.118084E-04  0.904710E-08  0.638399E-18  0.638230E-18  0.000000E+00  0.988551E-05  0.988551E-05  0.988551E-05 -0.562870E-10  0.100527E-04  0.913750E-08  0.208744E-11
  0.148062E+05  0.101799E-04  0.668712E-08  0.471972E-18  0.471839E-18  0.000000E+00  0.852202E-05  0.852202E-05  0.852202E-05 -0.485188E-10  0.866536E-05  0.663048E-08  0.166666E-11
  0.159873E+05  0.877097E-05  0.494280E-08  0.348721E-18  0.348616E-18  0.000000E+00  0.734244E-05  0.734244E-05  0.734244E-05 -0.417972E-10  0.746495E-05  0.485183E-08  0.132986E-11
  0.172627E+05  0.756028E-05  0.365468E-08  0.257776E-18  0.257694E-18  0.000000E+00  0.632883E-05  0.632883E-05  0.632883E-05 -0.360235E-10  0.643381E-05  0.359678E-08  0.106158E-11
  0.186399E+05  0.651506E-05  0.270120E-08  0.190499E-18  0.190434E-18  0.000000E+00  0.545379E-05  0.545379E-05  0.545379E-05 -0.310391E-10  0.554361E-05  0.266420E-08  0.847185E-12
  0.201269E+05  0.561321E-05  0.199598E-08  0.140751E-18  0.140699E-18  0.000000E+00  0.469879E-05  0.469879E-05  0.469879E-05 -0.267386E-10  0.477557E-05  0.197078E-08  0.675937E-12
  0.217325E+05  0.483520E-05  0.147455E-08  0.103972E-18  0.103931E-18  0.000000E+00  0.404748E-05  0.404748E-05  0.404748E-05 -0.230290E-10  0.411304E-05  0.145664E-08  0.539183E-12
  0.234662E+05  0.416234E-05  0.108857E-08  0.767503E-19  0.767177E-19  0.000000E+00  0.348421E-05  0.348421E-05  0.348421E-05 -0.198203E-10  0.353997E-05  0.107587E-08  0.429795E-12
  0.253382E+05  0.358236E-05  0.803433E-09  0.566428E-19  0.566170E-19  0.000000E+00  0.299870E-05  0.299870E-05  0.299870E-05 -0.170548E-10  0.304606E-05  0.794146E-09  0.342520E-12
  0.273596E+05  0.308388E-05  0.593129E-09  0.418138E-19  0.417933E-19  0.000000E+00  0.258141E-05  0.258141E-05  0.258141E-05 -0.146788E-10  0.262170E-05  0.586296E-09  0.273032E-12
  0.295422E+05  0.265411E-05  0.437755E-09  0.308592E-19  0.308430E-19  0.000000E+00  0.222166E-05  0.222166E-05  0.222166E-05 -0.126305E-10  0.225586E-05  0.432831E-09  0.217582E-12
  0.318989E+05  0.228355E-05  0.322977E-09  0.227672E-19  0.227543E-19  0.000000E+00  0.191147E-05  0.191147E-05  0.191147E-05 -0.108646E-10  0.194047E-05  0.319338E-09  0.173339E-12
  0.344437E+05  0.196435E-05  0.238243E-09  0.167934E-19  0.167832E-19  0.000000E+00  0.164427E-05  0.164427E-05  0.164427E-05 -0.934363E-11  0.166882E-05  0.235525E-09  0.138063E-12
  0.371914E+05  0.168920E-05  0.175676E-09  0.123828E-19  0.123747E-19  0.000000E+00  0.141395E-05  0.141395E-05  0.141395E-05 -0.803272E-11  0.143469E-05  0.173655E-09  0.109925E-12
  0.401584E+05  0.145243E-05  0.129525E-09  0.912959E-20  0.912315E-20  0.000000E+00  0.121576E-05  0.121576E-05  0.121576E-05 -0.690491E-11  0.123325E-05  0.128074E-09  0.875117E-13
  0.433620E+05  0.124887E-05  0.954987E-10  0.673109E-20  0.672597E-20  0.000000E+00  0.104536E-05  0.104536E-05  0.104536E-05 -0.593557E-11  0.106012E-05  0.943734E-10  0.696698E-13
