  0.986139E-05  0.197840E+08  0.197840E+08  0.263645E+08  0.263642E+08  0.000000E+00  0.197840E+08  0.197840E+08  0.197840E+08 -0.456196E+00  0.969416E+07  0.969416E+07  0.636115E+01
  0.106481E-04  0.198573E+08  0.198573E+08  0.264600E+08  0.264597E+08  0.000000E+00  0.198573E+08  0.198573E+08  0.198573E+08 -0.456196E+00  0.969415E+07  0.969415E+07  0.525938E+01
  0.114975E-04  0.198548E+08  0.198548E+08  0.264540E+08  0.264536E+08  0.000000E+00  0.198548E+08  0.198548E+08  0.198548E+08 -0.456196E+00  0.969416E+07  0.969416E+07  0.585218E+01
  0.124148E-04  0.198158E+08  0.198158E+08  0.263994E+08  0.263989E+08  0.000000E+00  0.198158E+08  0.198158E+08  0.198158E+08 -0.456197E+00  0.969417E+07  0.969417E+07  0.455387E+01
  0.134051E-04  0.197300E+08  0.197300E+08  0.262816E+08  0.262810E+08  0.000000E+00  0.197300E+08  0.197300E+08  0.197300E+08 -0.456198E+00  0.969420E+07  0.969420E+07  0.674953E+01
  0.144745E-04  0.197676E+08  0.197676E+08  0.263273E+08  0.263267E+08  0.000000E+00  0.197676E+08  0.197676E+08  0.197676E+08 -0.456198E+00  0.969420E+07  0.969420E+07  0.224365E+01
  0.156292E-04  0.199600E+08  0.199600E+08  0.265787E+08  0.265780E+08  0.000000E+00  0.199600E+08  0.199600E+08  0.199600E+08 -0.456195E+00  0.969414E+07  0.969414E+07  0.151248E+02
  0.168761E-04  0.203996E+08  0.203996E+08  0.271589E+08  0.271580E+08  0.000000E+00  0.203996E+08  0.203996E+08  0.203996E+08 -0.456183E+00  0.969397E+07  0.969397E+07  0.102633E+02
  0.182224E-04  0.197848E+08  0.197848E+08  0.263328E+08  0.263317E+08  0.000000E+00  0.197848E+08  0.197848E+08  0.197848E+08 -0.456199E+00  0.969423E+07  0.969423E+07  0.828846E+01
  0.196761E-04  0.200950E+08  0.200950E+08  0.267378E+08  0.267366E+08  0.000000E+00  0.200950E+08  0.200950E+08  0.200950E+08 -0.456190E+00  0.969407E+07  0.969407E+07  0.110012E+02
  0.212457E-04  0.201243E+08  0.201243E+08  0.267674E+08  0.267659E+08  0.000000E+00  0.201243E+08  0.201243E+08  0.201243E+08 -0.456188E+00  0.969403E+07  0.969403E+07  0.122904E+02
  0.229406E-04  0.199375E+08  0.199375E+08  0.265077E+08  0.265061E+08  0.000000E+00  0.199375E+08  0.199375E+08  0.199375E+08 -0.456196E+00  0.969416E+07  0.969416E+07  0.113756E+02
  0.247707E-04  0.201014E+08  0.201014E+08  0.267135E+08  0.267116E+08  0.000000E+00  0.201014E+08  0.201014E+08  0.201014E+08 -0.456187E+00  0.969402E+07  0.969402E+07  0.114389E+02
  0.267468E-04  0.200700E+08  0.200700E+08  0.266568E+08  0.266545E+08  0.000000E+00  0.200700E+08  0.200700E+08  0.200700E+08 -0.456188E+00  0.969403E+07  0.969402E+07  0.147202E+02
  0.288805E-04  0.200928E+08  0.200928E+08  0.266703E+08  0.266676E+08  0.000000E+00  0.200928E+08  0.200928E+08  0.200928E+08 -0.456184E+00  0.969400E+07  0.969399E+07  0.192459E+02
  0.311844E-04  0.200088E+08  0.200088E+08  0.265384E+08  0.265354E+08  0.000000E+00  0.200088E+08  0.200088E+08  0.200088E+08 -0.456191E+00  0.969407E+07  0.969407E+07  0.164729E+02
  0.336722E-04  0.199870E+08  0.199870E+08  0.264864E+08  0.264829E+08  0.000000E+00  0.199870E+08  0.199870E+08  0.199870E+08 -0.456192E+00  0.969410E+07  0.969410E+07  0.181753E+02
  0.363584E-04  0.200463E+08  0.200463E+08  0.265381E+08  0.265339E+08  0.000000E+00  0.200463E+08  0.200463E+08  0.200463E+08 -0.456185E+00  0.969398E+07  0.969397E+07  0.199967E+02
  0.392589E-04  0.200803E+08  0.200803E+08  0.265516E+08  0.265467E+08  0.000000E+00  0.200803E+08  0.200803E+08  0.200803E+08 -0.456178E+00  0.969387E+07  0.969387E+07  0.225129E+02
  0.423908E-04  0.200630E+08  0.200630E+08  0.264915E+08  0.264858E+08  0.000000E+00  0.200630E+08  0.200630E+08  0.200630E+08 -0.456178E+00  0.969387E+07  0.969387E+07  0.239725E+02
  0.457725E-04  0.200470E+08  0.200470E+08  0.264278E+08  0.264212E+08  0.000000E+00  0.200470E+08  0.200470E+08  0.200470E+08 -0.456179E+00  0.969387E+07  0.969387E+07  0.253231E+02
  0.494240E-04  0.200437E+08  0.200437E+08  0.263736E+08  0.263659E+08  0.000000E+00  0.200437E+08  0.200437E+08  0.200437E+08 -0.456177E+00  0.969384E+07  0.969384E+07  0.274873E+02
  0.533668E-04  0.200431E+08  0.200431E+08  0.263148E+08  0.263058E+08  0.000000E+00  0.200431E+08  0.200431E+08  0.200431E+08 -0.456174E+00  0.969379E+07  0.969379E+07  0.295306E+02
  0.576242E-04  0.200505E+08  0.200505E+08  0.262569E+08  0.262465E+08  0.000000E+00  0.200505E+08  0.200505E+08  0.200505E+08 -0.456168E+00  0.969370E+07  0.969369E+07  0.319785E+02
  0.622212E-04  0.200550E+08  0.200550E+08  0.261843E+08  0.261721E+08  0.000000E+00  0.200550E+08  0.200550E+08  0.200550E+08 -0.456163E+00  0.969359E+07  0.969359E+07  0.345363E+02
  0.671849E-04  0.200574E+08  0.200574E+08  0.260961E+08  0.260819E+08  0.000000E+00  0.200574E+08  0.200574E+08  0.200574E+08 -0.456156E+00  0.969349E+07  0.969348E+07  0.372650E+02
  0.725445E-04  0.200602E+08  0.200601E+08  0.259934E+08  0.259769E+08  0.000000E+00  0.200602E+08  0.200602E+08  0.200602E+08 -0.456149E+00  0.969335E+07  0.969334E+07  0.401968E+02
  0.783318E-04  0.200577E+08  0.200577E+08  0.258672E+08  0.258481E+08  0.000000E+00  0.200577E+08  0.200577E+08  0.200577E+08 -0.456142E+00  0.969325E+07  0.969324E+07  0.433663E+02
  0.845807E-04  0.200643E+08  0.200643E+08  0.257324E+08  0.257102E+08  0.000000E+00  0.200643E+08  0.200643E+08  0.200643E+08 -0.456129E+00  0.969302E+07  0.969300E+07  0.468342E+02
  0.913282E-04  0.200587E+08  0.200587E+08  0.255596E+08  0.255338E+08  0.000000E+00  0.200587E+08  0.200587E+08  0.200587E+08 -0.456122E+00  0.969290E+07  0.969289E+07  0.504134E+02
  0.986139E-04  0.200594E+08  0.200594E+08  0.253687E+08  0.253388E+08  0.000000E+00  0.200594E+08  0.200594E+08  0.200594E+08 -0.456109E+00  0.969268E+07  0.969266E+07  0.543768E+02
  0.106481E-03  0.200588E+08  0.200588E+08  0.251459E+08  0.251113E+08  0.000000E+00  0.200588E+08  0.200588E+08  0.200588E+08 -0.456095E+00  0.969244E+07  0.969242E+07  0.585014E+02
  0.114975E-03  0.200576E+08  0.200575E+08  0.248878E+08  0.248478E+08  0.000000E+00  0.200576E+08  0.200576E+08  0.200576E+08 -0.456079E+00  0.969218E+07  0.969215E+07  0.629638E+02
  0.124148E-03  0.200569E+08  0.200569E+08  0.245908E+08  0.245446E+08  0.000000E+00  0.200569E+08  0.200569E+08  0.200569E+08 -0.456060E+00  0.969185E+07  0.969183E+07  0.677578E+02
  0.134051E-03  0.200558E+08  0.200558E+08  0.242483E+08  0.241950E+08  0.000000E+00  0.200558E+08  0.200558E+08  0.200558E+08 -0.456039E+00  0.969149E+07  0.969146E+07  0.728657E+02
  0.144745E-03  0.200550E+08  0.200549E+08  0.238550E+08  0.237937E+08  0.000000E+00  0.200550E+08  0.200550E+08  0.200550E+08 -0.456013E+00  0.969105E+07  0.969102E+07  0.783011E+02
  0.156292E-03  0.200534E+08  0.200533E+08  0.234031E+08  0.233326E+08  0.000000E+00  0.200534E+08  0.200534E+08  0.200534E+08 -0.455985E+00  0.969056E+07  0.969053E+07  0.841235E+02
  0.168761E-03  0.200523E+08  0.200521E+08  0.228869E+08  0.228062E+08  0.000000E+00  0.200523E+08  0.200523E+08  0.200523E+08 -0.455950E+00  0.968998E+07  0.968993E+07  0.902340E+02
  0.182224E-03  0.200510E+08  0.200508E+08  0.222985E+08  0.222062E+08  0.000000E+00  0.200510E+08  0.200510E+08  0.200510E+08 -0.455910E+00  0.968929E+07  0.968923E+07  0.967067E+02
  0.196761E-03  0.200489E+08  0.200487E+08  0.216294E+08  0.215243E+08  0.000000E+00  0.200488E+08  0.200488E+08  0.200488E+08 -0.455866E+00  0.968853E+07  0.968847E+07  0.103526E+03
  0.212457E-03  0.200470E+08  0.200467E+08  0.208733E+08  0.207541E+08  0.000000E+00  0.200469E+08  0.200469E+08  0.200469E+08 -0.455813E+00  0.968762E+07  0.968755E+07  0.110633E+03
  0.229406E-03  0.200450E+08  0.200447E+08  0.200227E+08  0.198880E+08  0.000000E+00  0.200449E+08  0.200449E+08  0.200449E+08 -0.455751E+00  0.968654E+07  0.968646E+07  0.118143E+03
  0.247707E-03  0.200424E+08  0.200421E+08  0.190713E+08  0.189201E+08  0.000000E+00  0.200423E+08  0.200423E+08  0.200423E+08 -0.455681E+00  0.968531E+07  0.968522E+07  0.125867E+03
  0.267468E-03  0.200394E+08  0.200391E+08  0.180151E+08  0.178463E+08  0.000000E+00  0.200393E+08  0.200393E+08  0.200393E+08 -0.455600E+00  0.968389E+07  0.968378E+07  0.133820E+03
  0.288805E-03  0.200361E+08  0.200357E+08  0.168526E+08  0.166657E+08  0.000000E+00  0.200360E+08  0.200360E+08  0.200360E+08 -0.455506E+00  0.968223E+07  0.968210E+07  0.141912E+03
  0.311844E-03  0.200323E+08  0.200319E+08  0.155858E+08  0.153807E+08  0.000000E+00  0.200322E+08  0.200322E+08  0.200322E+08 -0.455398E+00  0.968029E+07  0.968015E+07  0.150074E+03
  0.336722E-03  0.200277E+08  0.200272E+08  0.142218E+08  0.139990E+08  0.000000E+00  0.200277E+08  0.200277E+08  0.200277E+08 -0.455276E+00  0.967809E+07  0.967793E+07  0.158192E+03
  0.363584E-03  0.200225E+08  0.200219E+08  0.127741E+08  0.125350E+08  0.000000E+00  0.200224E+08  0.200224E+08  0.200224E+08 -0.455137E+00  0.967556E+07  0.967538E+07  0.166131E+03
  0.392589E-03  0.200166E+08  0.200159E+08  0.112634E+08  0.110107E+08  0.000000E+00  0.200165E+08  0.200165E+08  0.200165E+08 -0.454976E+00  0.967261E+07  0.967240E+07  0.173730E+03
  0.423908E-03  0.200097E+08  0.200090E+08  0.971909E+07  0.945676E+07  0.000000E+00  0.200096E+08  0.200096E+08  0.200096E+08 -0.454794E+00  0.966922E+07  0.966899E+07  0.180828E+03
  0.457725E-03  0.200018E+08  0.200010E+08  0.817932E+07  0.791271E+07  0.000000E+00  0.200017E+08  0.200017E+08  0.200017E+08 -0.454589E+00  0.966535E+07  0.966509E+07  0.187162E+03
  0.494240E-03  0.199928E+08  0.199919E+08  0.668989E+07  0.642584E+07  0.000000E+00  0.199927E+08  0.199927E+08  0.199927E+08 -0.454357E+00  0.966089E+07  0.966061E+07  0.192581E+03
  0.533668E-03  0.199825E+08  0.199814E+08  0.530203E+07  0.504867E+07  0.000000E+00  0.199824E+08  0.199824E+08  0.199824E+08 -0.454096E+00  0.965583E+07  0.965551E+07  0.196797E+03
  0.576242E-03  0.199708E+08  0.199696E+08  0.406756E+07  0.383379E+07  0.000000E+00  0.199706E+08  0.199706E+08  0.199706E+08 -0.453802E+00  0.965003E+07  0.964969E+07  0.199649E+03
  0.622212E-03  0.199574E+08  0.199561E+08  0.303216E+07  0.282686E+07  0.000000E+00  0.199572E+08  0.199572E+08  0.199572E+08 -0.453473E+00  0.964346E+07  0.964308E+07  0.200909E+03
  0.671849E-03  0.199423E+08  0.199408E+08  0.222653E+07  0.205741E+07  0.000000E+00  0.199420E+08  0.199420E+08  0.199420E+08 -0.453107E+00  0.963601E+07  0.963561E+07  0.200430E+03
  0.725445E-03  0.199251E+08  0.199235E+08  0.165740E+07  0.152960E+07  0.000000E+00  0.199249E+08  0.199249E+08  0.199249E+08 -0.452698E+00  0.962759E+07  0.962716E+07  0.198147E+03
  0.783318E-03  0.199058E+08  0.199041E+08  0.130091E+07  0.121571E+07  0.000000E+00  0.199055E+08  0.199055E+08  0.199055E+08 -0.452243E+00  0.961811E+07  0.961766E+07  0.194026E+03
  0.845807E-03  0.198840E+08  0.198822E+08  0.110232E+07  0.105618E+07  0.000000E+00  0.198837E+08  0.198837E+08  0.198837E+08 -0.451735E+00  0.960745E+07  0.960697E+07  0.188192E+03
  0.913282E-03  0.198596E+08  0.198576E+08  0.985595E+06  0.970361E+06  0.000000E+00  0.198593E+08  0.198593E+08  0.198593E+08 -0.451171E+00  0.959552E+07  0.959502E+07  0.180779E+03
  0.986139E-03  0.198322E+08  0.198301E+08  0.874423E+06  0.878639E+06  0.000000E+00  0.198319E+08  0.198319E+08  0.198319E+08 -0.450541E+00  0.958217E+07  0.958166E+07  0.172048E+03
  0.106481E-02  0.198016E+08  0.197995E+08  0.719684E+06  0.731286E+06  0.000000E+00  0.198013E+08  0.198013E+08  0.198013E+08 -0.449840E+00  0.956728E+07  0.956676E+07  0.162260E+03
  0.114975E-02  0.197675E+08  0.197652E+08  0.521230E+06  0.530614E+06  0.000000E+00  0.197671E+08  0.197671E+08  0.197671E+08 -0.449059E+00  0.955068E+07  0.955016E+07  0.151728E+03
  0.124148E-02  0.197294E+08  0.197271E+08  0.326803E+06  0.328974E+06  0.000000E+00  0.197291E+08  0.197291E+08  0.197291E+08 -0.448190E+00  0.953223E+07  0.953170E+07  0.140730E+03
  0.134051E-02  0.196870E+08  0.196847E+08  0.198196E+06  0.192783E+06  0.000000E+00  0.196867E+08  0.196867E+08  0.196867E+08 -0.447222E+00  0.951168E+07  0.951116E+07  0.129593E+03
  0.144745E-02  0.196400E+08  0.196377E+08  0.158715E+06  0.148012E+06  0.000000E+00  0.196396E+08  0.196396E+08  0.196396E+08 -0.446150E+00  0.948889E+07  0.948838E+07  0.118630E+03
  0.156292E-02  0.195879E+08  0.195855E+08  0.165037E+06  0.151956E+06  0.000000E+00  0.195875E+08  0.195875E+08  0.195875E+08 -0.444963E+00  0.946366E+07  0.946315E+07  0.108205E+03
  0.168761E-02  0.195302E+08  0.195279E+08  0.144647E+06  0.132355E+06  0.000000E+00  0.195298E+08  0.195298E+08  0.195298E+08 -0.443651E+00  0.943575E+07  0.943525E+07  0.986327E+02
  0.182224E-02  0.194666E+08  0.194642E+08  0.771856E+05  0.693302E+05  0.000000E+00  0.194662E+08  0.194662E+08  0.194662E+08 -0.442203E+00  0.940495E+07  0.940445E+07  0.901093E+02
  0.196761E-02  0.193964E+08  0.193940E+08  0.198386E+05  0.182570E+05  0.000000E+00  0.193960E+08  0.193960E+08  0.193960E+08 -0.440607E+00  0.937100E+07  0.937051E+07  0.826963E+02
  0.212457E-02  0.193192E+08  0.193167E+08  0.179300E+05  0.192594E+05  0.000000E+00  0.193188E+08  0.193188E+08  0.193188E+08 -0.438851E+00  0.933366E+07  0.933318E+07  0.762903E+02
  0.229406E-02  0.192344E+08  0.192318E+08  0.271909E+05  0.256675E+05  0.000000E+00  0.192339E+08  0.192339E+08  0.192339E+08 -0.436923E+00  0.929265E+07  0.929217E+07  0.707286E+02
  0.247707E-02  0.191414E+08  0.191387E+08  0.368865E+04 -0.137122E+04  0.000000E+00  0.191409E+08  0.191409E+08  0.191409E+08 -0.434809E+00  0.924769E+07  0.924720E+07  0.657630E+02
  0.267468E-02  0.190396E+08  0.190368E+08 -0.685994E+04 -0.126810E+05  0.000000E+00  0.190392E+08  0.190392E+08  0.190392E+08 -0.432496E+00  0.919850E+07  0.919801E+07  0.611169E+02
  0.288805E-02  0.189285E+08  0.189255E+08  0.445474E+04 -0.170128E+04  0.000000E+00  0.189280E+08  0.189280E+08  0.189280E+08 -0.429971E+00  0.914479E+07  0.914430E+07  0.566019E+02
  0.311844E-02  0.188074E+08  0.188042E+08 -0.113763E+05 -0.194626E+05  0.000000E+00  0.188068E+08  0.188068E+08  0.188068E+08 -0.427218E+00  0.908623E+07  0.908574E+07  0.522002E+02
  0.336722E-02  0.186756E+08  0.186722E+08 -0.143883E+05 -0.365371E+05  0.000000E+00  0.186750E+08  0.186750E+08  0.186750E+08 -0.424223E+00  0.902254E+07  0.902206E+07  0.479993E+02
  0.363584E-02  0.185325E+08  0.185289E+08 -0.115507E+05 -0.322840E+05  0.000000E+00  0.185319E+08  0.185319E+08  0.185319E+08 -0.420972E+00  0.895339E+07  0.895291E+07  0.441612E+02
  0.392589E-02  0.183775E+08  0.183737E+08 -0.169481E+05 -0.362215E+05  0.000000E+00  0.183769E+08  0.183769E+08  0.183769E+08 -0.417449E+00  0.887846E+07  0.887798E+07  0.407698E+02
  0.423908E-02  0.182098E+08  0.182057E+08 -0.122302E+05 -0.288036E+05  0.000000E+00  0.182092E+08  0.182092E+08  0.182092E+08 -0.413639E+00  0.879744E+07  0.879696E+07  0.377420E+02
  0.457725E-02  0.180289E+08  0.180244E+08 -0.295696E+05 -0.299202E+05  0.000000E+00  0.180282E+08  0.180282E+08  0.180282E+08 -0.409523E+00  0.870984E+07  0.870936E+07  0.349200E+02
  0.494240E-02  0.178340E+08  0.178291E+08 -0.250872E+05 -0.253847E+05  0.000000E+00  0.178332E+08  0.178332E+08  0.178332E+08 -0.405093E+00  0.861561E+07  0.861513E+07  0.322176E+02
  0.533668E-02  0.176245E+08  0.176192E+08 -0.212644E+05 -0.215165E+05  0.000000E+00  0.176236E+08  0.176236E+08  0.176236E+08 -0.400332E+00  0.851436E+07  0.851389E+07  0.297034E+02
  0.576242E-02  0.173998E+08  0.173939E+08 -0.180056E+05 -0.182191E+05  0.000000E+00  0.173988E+08  0.173988E+08  0.173988E+08 -0.395224E+00  0.840573E+07  0.840525E+07  0.274573E+02
  0.622212E-02  0.171591E+08  0.171526E+08 -0.152296E+05 -0.154102E+05  0.000000E+00  0.171580E+08  0.171580E+08  0.171580E+08 -0.389757E+00  0.828944E+07  0.828896E+07  0.254235E+02
  0.671849E-02  0.169019E+08  0.168947E+08 -0.128665E+05 -0.130191E+05  0.000000E+00  0.169007E+08  0.169007E+08  0.169007E+08 -0.383914E+00  0.816517E+07  0.816469E+07  0.235123E+02
  0.725445E-02  0.166270E+08  0.166190E+08 -0.108555E+05 -0.109842E+05  0.000000E+00  0.166257E+08  0.166257E+08  0.166257E+08 -0.377669E+00  0.803228E+07  0.803181E+07  0.217559E+02
  0.783318E-02  0.163347E+08  0.163258E+08 -0.914699E+04 -0.925545E+04  0.000000E+00  0.163333E+08  0.163333E+08  0.163333E+08 -0.371028E+00  0.789104E+07  0.789057E+07  0.201880E+02
  0.845807E-02  0.160240E+08  0.160141E+08 -0.769610E+04 -0.778735E+04  0.000000E+00  0.160224E+08  0.160224E+08  0.160224E+08 -0.363966E+00  0.774086E+07  0.774039E+07  0.187349E+02
  0.913282E-02  0.156942E+08  0.156831E+08 -0.646493E+04 -0.654159E+04  0.000000E+00  0.156924E+08  0.156924E+08  0.156924E+08 -0.356473E+00  0.758148E+07  0.758100E+07  0.173919E+02
  0.986139E-02  0.153448E+08  0.153323E+08 -0.542132E+04 -0.548561E+04  0.000000E+00  0.153428E+08  0.153428E+08  0.153428E+08 -0.348533E+00  0.741259E+07  0.741211E+07  0.161875E+02
  0.106481E-01  0.149752E+08  0.149612E+08 -0.453761E+04 -0.459142E+04  0.000000E+00  0.149729E+08  0.149729E+08  0.149729E+08 -0.340136E+00  0.723394E+07  0.723346E+07  0.150758E+02
  0.114975E-01  0.145850E+08  0.145692E+08 -0.379066E+04 -0.383561E+04  0.000000E+00  0.145824E+08  0.145824E+08  0.145824E+08 -0.331258E+00  0.704524E+07  0.704475E+07  0.140694E+02
  0.124148E-01  0.141727E+08  0.141550E+08 -0.315917E+04 -0.319663E+04  0.000000E+00  0.141698E+08  0.141698E+08  0.141698E+08 -0.321887E+00  0.684589E+07  0.684540E+07  0.131553E+02
  0.134051E-01  0.137398E+08  0.137200E+08 -0.262694E+04 -0.265808E+04  0.000000E+00  0.137366E+08  0.137366E+08  0.137366E+08 -0.312044E+00  0.663664E+07  0.663614E+07  0.124429E+02
  0.144745E-01  0.132847E+08  0.132626E+08 -0.217841E+04 -0.220424E+04  0.000000E+00  0.132811E+08  0.132811E+08  0.132811E+08 -0.301697E+00  0.641657E+07  0.641607E+07  0.115663E+02
  0.156292E-01  0.128073E+08  0.127826E+08 -0.180115E+04 -0.182250E+04  0.000000E+00  0.128033E+08  0.128033E+08  0.128033E+08 -0.290842E+00  0.618569E+07  0.618518E+07  0.109568E+02
  0.168761E-01  0.123085E+08  0.122812E+08 -0.148464E+04 -0.150225E+04  0.000000E+00  0.123041E+08  0.123041E+08  0.123041E+08 -0.279503E+00  0.594455E+07  0.594403E+07  0.102743E+02
  0.182224E-01  0.117883E+08  0.117580E+08 -0.121947E+04 -0.123393E+04  0.000000E+00  0.117833E+08  0.117833E+08  0.117833E+08 -0.267669E+00  0.569286E+07  0.569234E+07  0.957951E+01
  0.196761E-01  0.112488E+08  0.112156E+08 -0.998010E+03 -0.100984E+04  0.000000E+00  0.112434E+08  0.112434E+08  0.112434E+08 -0.255405E+00  0.543203E+07  0.543150E+07  0.903903E+01
  0.212457E-01  0.106920E+08  0.106557E+08 -0.813540E+03 -0.823186E+03  0.000000E+00  0.106860E+08  0.106860E+08  0.106860E+08 -0.242747E+00  0.516278E+07  0.516224E+07  0.850651E+01
  0.229405E-01  0.101205E+08  0.100812E+08 -0.660451E+03 -0.668281E+03  0.000000E+00  0.101141E+08  0.101141E+08  0.101141E+08 -0.229753E+00  0.488647E+07  0.488591E+07  0.804663E+01
  0.247704E-01  0.953823E+07  0.949621E+07 -0.533843E+03 -0.540172E+03  0.000000E+00  0.953139E+07  0.953139E+07  0.953139E+07 -0.216518E+00  0.460497E+07  0.460441E+07  0.747549E+01
  0.267453E-01  0.895086E+07  0.890643E+07 -0.429673E+03 -0.434767E+03  0.000000E+00  0.894362E+07  0.894362E+07  0.894362E+07 -0.203166E+00  0.432099E+07  0.432044E+07  0.688031E+01
  0.288749E-01  0.836569E+07  0.831938E+07 -0.344511E+03 -0.348595E+03  0.000000E+00  0.835814E+07  0.835814E+07  0.835814E+07 -0.189865E+00  0.403814E+07  0.403759E+07  0.631865E+01
  0.311653E-01  0.779198E+07  0.774452E+07 -0.275420E+03 -0.278685E+03  0.000000E+00  0.778425E+07  0.778425E+07  0.778425E+07 -0.176830E+00  0.376087E+07  0.376034E+07  0.575885E+01
  0.336150E-01  0.724129E+07  0.719365E+07 -0.220003E+03 -0.222611E+03  0.000000E+00  0.723352E+07  0.723352E+07  0.723352E+07 -0.164317E+00  0.349478E+07  0.349427E+07  0.513128E+01
  0.362076E-01  0.672686E+07  0.668010E+07 -0.176142E+03 -0.178231E+03  0.000000E+00  0.671924E+07  0.671924E+07  0.671924E+07 -0.152636E+00  0.324633E+07  0.324584E+07  0.457317E+01
  0.389077E-01  0.626160E+07  0.621684E+07 -0.141980E+03 -0.143663E+03  0.000000E+00  0.625431E+07  0.625431E+07  0.625431E+07 -0.142076E+00  0.302171E+07  0.302125E+07  0.396082E+01
  0.416649E-01  0.585442E+07  0.581263E+07 -0.115758E+03 -0.117131E+03  0.000000E+00  0.584761E+07  0.584761E+07  0.584761E+07 -0.132838E+00  0.282522E+07  0.282480E+07  0.339212E+01
  0.444286E-01  0.550724E+07  0.546911E+07 -0.957760E+02 -0.969115E+02  0.000000E+00  0.550102E+07  0.550102E+07  0.550102E+07 -0.124962E+00  0.265776E+07  0.265738E+07  0.286523E+01
  0.471638E-01  0.521496E+07  0.518086E+07 -0.804831E+02 -0.814373E+02  0.000000E+00  0.520940E+07  0.520940E+07  0.520940E+07 -0.118338E+00  0.251686E+07  0.251652E+07  0.239854E+01
  0.498555E-01  0.496821E+07  0.493822E+07 -0.686244E+02 -0.694380E+02  0.000000E+00  0.496332E+07  0.496332E+07  0.496332E+07 -0.112747E+00  0.239796E+07  0.239766E+07  0.198228E+01
  0.525042E-01  0.475673E+07  0.473066E+07 -0.592406E+02 -0.599430E+02  0.000000E+00  0.475248E+07  0.475248E+07  0.475248E+07 -0.107961E+00  0.229610E+07  0.229585E+07  0.164806E+01
  0.551187E-01  0.457085E+07  0.454833E+07 -0.516635E+02 -0.522760E+02  0.000000E+00  0.456718E+07  0.456718E+07  0.456718E+07 -0.103748E+00  0.220657E+07  0.220634E+07  0.139331E+01
  0.577113E-01  0.440226E+07  0.438280E+07 -0.453904E+02 -0.459286E+02  0.000000E+00  0.439909E+07  0.439909E+07  0.439909E+07 -0.999309E-01  0.212536E+07  0.212516E+07  0.118349E+01
  0.602947E-01  0.424451E+07  0.422760E+07 -0.400965E+02 -0.405719E+02  0.000000E+00  0.424176E+07  0.424176E+07  0.424176E+07 -0.963574E-01  0.204936E+07  0.204918E+07  0.995206E+00
  0.628808E-01  0.409242E+07  0.407740E+07 -0.355467E+02 -0.359682E+02  0.000000E+00  0.408998E+07  0.408998E+07  0.408998E+07 -0.929091E-01  0.197602E+07  0.197585E+07  0.882405E+00
  0.654806E-01  0.394223E+07  0.392851E+07 -0.315764E+02 -0.319508E+02  0.000000E+00  0.393999E+07  0.393999E+07  0.393999E+07 -0.895024E-01  0.190354E+07  0.190339E+07  0.795727E+00
  0.681036E-01  0.379175E+07  0.377876E+07 -0.280780E+02 -0.284109E+02  0.000000E+00  0.378963E+07  0.378963E+07  0.378963E+07 -0.860868E-01  0.183091E+07  0.183076E+07  0.736729E+00
  0.707587E-01  0.363938E+07  0.362658E+07 -0.249647E+02 -0.252607E+02  0.000000E+00  0.363730E+07  0.363730E+07  0.363730E+07 -0.826256E-01  0.175730E+07  0.175715E+07  0.702565E+00
  0.734537E-01  0.348498E+07  0.347191E+07 -0.221834E+02 -0.224464E+02  0.000000E+00  0.348285E+07  0.348285E+07  0.348285E+07 -0.791177E-01  0.168270E+07  0.168255E+07  0.694312E+00
  0.761956E-01  0.332908E+07  0.331542E+07 -0.196924E+02 -0.199259E+02  0.000000E+00  0.332686E+07  0.332686E+07  0.332686E+07 -0.755741E-01  0.160733E+07  0.160718E+07  0.690371E+00
  0.789913E-01  0.317299E+07  0.315854E+07 -0.174617E+02 -0.176688E+02  0.000000E+00  0.317064E+07  0.317064E+07  0.317064E+07 -0.720258E-01  0.153185E+07  0.153169E+07  0.685769E+00
  0.818467E-01  0.301915E+07  0.300383E+07 -0.154760E+02 -0.156595E+02  0.000000E+00  0.301666E+07  0.301666E+07  0.301666E+07 -0.685273E-01  0.145747E+07  0.145730E+07  0.691221E+00
  0.847678E-01  0.286968E+07  0.285358E+07 -0.137117E+02 -0.138743E+02  0.000000E+00  0.286706E+07  0.286706E+07  0.286706E+07 -0.651290E-01  0.138518E+07  0.138501E+07  0.677405E+00
  0.877602E-01  0.272760E+07  0.271091E+07 -0.121587E+02 -0.123028E+02  0.000000E+00  0.272488E+07  0.272488E+07  0.272488E+07 -0.618991E-01  0.131649E+07  0.131632E+07  0.665944E+00
  0.908293E-01  0.259510E+07  0.257816E+07 -0.107979E+02 -0.109259E+02  0.000000E+00  0.259234E+07  0.259234E+07  0.259234E+07 -0.588895E-01  0.125247E+07  0.125229E+07  0.638372E+00
  0.939803E-01  0.247454E+07  0.245772E+07 -0.961812E+01 -0.973215E+01  0.000000E+00  0.247180E+07  0.247180E+07  0.247180E+07 -0.561497E-01  0.119422E+07  0.119405E+07  0.608545E+00
  0.972186E-01  0.236684E+07  0.235059E+07 -0.859643E+01 -0.869834E+01  0.000000E+00  0.236420E+07  0.236420E+07  0.236420E+07 -0.537058E-01  0.114224E+07  0.114207E+07  0.562080E+00
  0.100549E+00  0.227238E+07  0.225711E+07 -0.771534E+01 -0.780681E+01  0.000000E+00  0.226990E+07  0.226990E+07  0.226990E+07 -0.515643E-01  0.109668E+07  0.109652E+07  0.505415E+00
  0.103977E+00  0.219033E+07  0.217636E+07 -0.695493E+01 -0.703739E+01  0.000000E+00  0.218805E+07  0.218805E+07  0.218805E+07 -0.497049E-01  0.105713E+07  0.105700E+07  0.447096E+00
  0.107508E+00  0.211845E+07  0.210602E+07 -0.629303E+01 -0.636764E+01  0.000000E+00  0.211643E+07  0.211643E+07  0.211643E+07 -0.480759E-01  0.102250E+07  0.102238E+07  0.389114E+00
  0.111146E+00  0.205381E+07  0.204296E+07 -0.570827E+01 -0.577595E+01  0.000000E+00  0.205205E+07  0.205205E+07  0.205205E+07 -0.466151E-01  0.991418E+06  0.991306E+06  0.335047E+00
  0.114897E+00  0.199269E+07  0.198333E+07 -0.518334E+01 -0.524480E+01  0.000000E+00  0.199116E+07  0.199116E+07  0.199116E+07 -0.452315E-01  0.961999E+06  0.961902E+06  0.281635E+00
  0.118766E+00  0.193124E+07  0.192310E+07 -0.470189E+01 -0.475764E+01  0.000000E+00  0.192991E+07  0.192991E+07  0.192991E+07 -0.438404E-01  0.932411E+06  0.932324E+06  0.244241E+00
  0.122758E+00  0.186613E+07  0.185883E+07 -0.425289E+01 -0.430331E+01  0.000000E+00  0.186494E+07  0.186494E+07  0.186494E+07 -0.423645E-01  0.901020E+06  0.900941E+06  0.216758E+00
  0.126878E+00  0.179505E+07  0.178815E+07 -0.382938E+01 -0.387479E+01  0.000000E+00  0.179393E+07  0.179393E+07  0.179393E+07 -0.407512E-01  0.866702E+06  0.866625E+06  0.201821E+00
  0.131132E+00  0.171781E+07  0.171089E+07 -0.343051E+01 -0.347119E+01  0.000000E+00  0.171668E+07  0.171668E+07  0.171668E+07 -0.389969E-01  0.829387E+06  0.829311E+06  0.195161E+00
  0.135525E+00  0.163542E+07  0.162816E+07 -0.305770E+01 -0.309395E+01  0.000000E+00  0.163423E+07  0.163423E+07  0.163423E+07 -0.371237E-01  0.789557E+06  0.789478E+06  0.194562E+00
  0.140062E+00  0.155088E+07  0.154313E+07 -0.271455E+01 -0.274674E+01  0.000000E+00  0.154961E+07  0.154961E+07  0.154961E+07 -0.352015E-01  0.748675E+06  0.748593E+06  0.195891E+00
  0.144749E+00  0.146810E+07  0.145989E+07 -0.240576E+01 -0.243429E+01  0.000000E+00  0.146676E+07  0.146676E+07  0.146676E+07 -0.333193E-01  0.708647E+06  0.708561E+06  0.197387E+00
  0.149592E+00  0.139128E+07  0.138284E+07 -0.213437E+01 -0.215968E+01  0.000000E+00  0.138990E+07  0.138990E+07  0.138990E+07 -0.315737E-01  0.671514E+06  0.671427E+06  0.192674E+00
  0.154596E+00  0.132368E+07  0.131535E+07 -0.190133E+01 -0.192388E+01  0.000000E+00  0.132232E+07  0.132232E+07  0.132232E+07 -0.300385E-01  0.638867E+06  0.638783E+06  0.179631E+00
  0.159766E+00  0.126660E+07  0.125875E+07 -0.170347E+01 -0.172367E+01  0.000000E+00  0.126532E+07  0.126532E+07  0.126532E+07 -0.287438E-01  0.611327E+06  0.611248E+06  0.164108E+00
  0.165109E+00  0.121908E+07  0.121199E+07 -0.153527E+01 -0.155347E+01  0.000000E+00  0.121792E+07  0.121792E+07  0.121792E+07 -0.276668E-01  0.588423E+06  0.588352E+06  0.144000E+00
  0.170630E+00  0.117796E+07  0.117177E+07 -0.138923E+01 -0.140570E+01  0.000000E+00  0.117695E+07  0.117695E+07  0.117695E+07 -0.267358E-01  0.568628E+06  0.568565E+06  0.123179E+00
  0.176336E+00  0.113898E+07  0.113361E+07 -0.125782E+01 -0.127273E+01  0.000000E+00  0.113810E+07  0.113810E+07  0.113810E+07 -0.258533E-01  0.549856E+06  0.549800E+06  0.106068E+00
  0.182233E+00  0.109772E+07  0.109292E+07 -0.113508E+01 -0.114854E+01  0.000000E+00  0.109694E+07  0.109694E+07  0.109694E+07 -0.249184E-01  0.529968E+06  0.529917E+06  0.935827E-01
  0.188327E+00  0.105130E+07  0.104674E+07 -0.101788E+01 -0.102995E+01  0.000000E+00  0.105056E+07  0.105056E+07  0.105056E+07 -0.238649E-01  0.507563E+06  0.507514E+06  0.874849E-01
  0.194625E+00  0.999982E+06  0.995363E+06 -0.906482E+00 -0.917230E+00  0.000000E+00  0.999229E+06  0.999229E+06  0.999229E+06 -0.226990E-01  0.482764E+06  0.482714E+06  0.840417E-01
  0.201134E+00  0.946751E+06  0.941928E+06 -0.803570E+00 -0.813098E+00  0.000000E+00  0.945965E+06  0.945965E+06  0.945965E+06 -0.214888E-01  0.457030E+06  0.456979E+06  0.843890E-01
  0.207860E+00  0.895763E+06  0.890790E+06 -0.711836E+00 -0.720276E+00  0.000000E+00  0.894952E+06  0.894952E+06  0.894952E+06 -0.203301E-01  0.432386E+06  0.432335E+06  0.827908E-01
  0.214811E+00  0.850426E+06  0.845515E+06 -0.632770E+00 -0.640272E+00  0.000000E+00  0.849626E+06  0.849626E+06  0.849626E+06 -0.193002E-01  0.410485E+06  0.410436E+06  0.768584E-01
  0.221996E+00  0.812274E+06  0.807669E+06 -0.565877E+00 -0.572586E+00  0.000000E+00  0.811524E+06  0.811524E+06  0.811524E+06 -0.184347E-01  0.392073E+06  0.392028E+06  0.688447E-01
  0.229422E+00  0.780225E+06  0.776079E+06 -0.508983E+00 -0.515018E+00  0.000000E+00  0.779549E+06  0.779549E+06  0.779549E+06 -0.177085E-01  0.376630E+06  0.376588E+06  0.611841E-01
  0.237097E+00  0.750601E+06  0.746916E+06 -0.458494E+00 -0.463930E+00  0.000000E+00  0.750001E+06  0.750001E+06  0.750001E+06 -0.170371E-01  0.362352E+06  0.362314E+06  0.531399E-01
  0.245032E+00  0.719727E+06  0.716344E+06 -0.411608E+00 -0.416488E+00  0.000000E+00  0.719176E+06  0.719176E+06  0.719176E+06 -0.163370E-01  0.347457E+06  0.347422E+06  0.479952E-01
  0.253237E+00  0.685995E+06  0.682712E+06 -0.367308E+00 -0.371663E+00  0.000000E+00  0.685460E+06  0.685460E+06  0.685460E+06 -0.155710E-01  0.331167E+06  0.331133E+06  0.456213E-01
  0.261722E+00  0.650434E+06  0.647129E+06 -0.326051E+00 -0.329917E+00  0.000000E+00  0.649896E+06  0.649896E+06  0.649896E+06 -0.147632E-01  0.313988E+06  0.313954E+06  0.439906E-01
  0.270499E+00  0.616068E+06  0.612756E+06 -0.289095E+00 -0.292523E+00  0.000000E+00  0.615528E+06  0.615528E+06  0.615528E+06 -0.139824E-01  0.297383E+06  0.297348E+06  0.422219E-01
  0.279581E+00  0.585791E+06  0.582600E+06 -0.257320E+00 -0.260370E+00  0.000000E+00  0.585271E+06  0.585271E+06  0.585271E+06 -0.132952E-01  0.282767E+06  0.282734E+06  0.390183E-01
  0.288982E+00  0.559662E+06  0.556711E+06 -0.230097E+00 -0.232825E+00  0.000000E+00  0.559181E+06  0.559181E+06  0.559181E+06 -0.127025E-01  0.270159E+06  0.270129E+06  0.348150E-01
  0.298718E+00  0.535750E+06  0.533059E+06 -0.206153E+00 -0.208597E+00  0.000000E+00  0.535312E+06  0.535312E+06  0.535312E+06 -0.121603E-01  0.258627E+06  0.258599E+06  0.309774E-01
  0.308805E+00  0.511464E+06  0.508946E+06 -0.184164E+00 -0.186347E+00  0.000000E+00  0.511054E+06  0.511054E+06  0.511054E+06 -0.116092E-01  0.246907E+06  0.246881E+06  0.284538E-01
  0.319263E+00  0.485944E+06  0.483498E+06 -0.163702E+00 -0.165643E+00  0.000000E+00  0.485545E+06  0.485545E+06  0.485545E+06 -0.110298E-01  0.234585E+06  0.234559E+06  0.269041E-01
  0.330113E+00  0.460635E+06  0.458235E+06 -0.145143E+00 -0.146864E+00  0.000000E+00  0.460243E+06  0.460243E+06  0.460243E+06 -0.104549E-01  0.222360E+06  0.222335E+06  0.248608E-01
  0.341379E+00  0.437344E+06  0.435038E+06 -0.128846E+00 -0.130374E+00  0.000000E+00  0.436968E+06  0.436968E+06  0.436968E+06 -0.992640E-02  0.211115E+06  0.211092E+06  0.232650E-01
  0.353088E+00  0.416535E+06  0.414383E+06 -0.114710E+00 -0.116070E+00  0.000000E+00  0.416185E+06  0.416185E+06  0.416185E+06 -0.945436E-02  0.201075E+06  0.201053E+06  0.209579E-01
  0.365272E+00  0.396738E+06  0.394735E+06 -0.102102E+00 -0.103313E+00  0.000000E+00  0.396412E+06  0.396412E+06  0.396412E+06 -0.900497E-02  0.191520E+06  0.191500E+06  0.189657E-01
  0.377964E+00  0.376795E+06  0.374889E+06 -0.905664E-01 -0.916401E-01  0.000000E+00  0.376485E+06  0.376485E+06  0.376485E+06 -0.855229E-02  0.181893E+06  0.181873E+06  0.174042E-01
  0.391205E+00  0.356954E+06  0.355113E+06 -0.800840E-01 -0.810335E-01  0.000000E+00  0.356654E+06  0.356654E+06  0.356654E+06 -0.810188E-02  0.172312E+06  0.172293E+06  0.163188E-01
  0.405042E+00  0.338253E+06  0.336500E+06 -0.707900E-01 -0.716294E-01  0.000000E+00  0.337967E+06  0.337967E+06  0.337967E+06 -0.767741E-02  0.163284E+06  0.163266E+06  0.148046E-01
  0.419529E+00  0.320875E+06  0.319229E+06 -0.625971E-01 -0.633393E-01  0.000000E+00  0.320606E+06  0.320606E+06  0.320606E+06 -0.728301E-02  0.154897E+06  0.154879E+06  0.136773E-01
  0.434731E+00  0.304091E+06  0.302543E+06 -0.552476E-01 -0.559027E-01  0.000000E+00  0.303838E+06  0.303838E+06  0.303838E+06 -0.690208E-02  0.146795E+06  0.146779E+06  0.123220E-01
  0.450720E+00  0.287452E+06  0.285977E+06 -0.485841E-01 -0.491602E-01  0.000000E+00  0.287211E+06  0.287211E+06  0.287211E+06 -0.652440E-02  0.138762E+06  0.138747E+06  0.114320E-01
  0.467589E+00  0.271406E+06  0.270008E+06 -0.426220E-01 -0.431273E-01  0.000000E+00  0.271178E+06  0.271178E+06  0.271178E+06 -0.616018E-02  0.131016E+06  0.131001E+06  0.103709E-01
  0.485443E+00  0.256226E+06  0.254914E+06 -0.373338E-01 -0.377764E-01  0.000000E+00  0.256013E+06  0.256013E+06  0.256013E+06 -0.581561E-02  0.123688E+06  0.123674E+06  0.947549E-02
  0.504414E+00  0.241422E+06  0.240186E+06 -0.325803E-01 -0.329665E-01  0.000000E+00  0.241220E+06  0.241220E+06  0.241220E+06 -0.547960E-02  0.116542E+06  0.116529E+06  0.856658E-02
  0.524660E+00  0.226940E+06  0.225775E+06 -0.283074E-01 -0.286430E-01  0.000000E+00  0.226750E+06  0.226750E+06  0.226750E+06 -0.515094E-02  0.109551E+06  0.109539E+06  0.775981E-02
  0.546380E+00  0.212988E+06  0.211897E+06 -0.244969E-01 -0.247873E-01  0.000000E+00  0.212810E+06  0.212810E+06  0.212810E+06 -0.483428E-02  0.102816E+06  0.102805E+06  0.699613E-02
  0.569817E+00  0.199390E+06  0.198368E+06 -0.210865E-01 -0.213365E-01  0.000000E+00  0.199223E+06  0.199223E+06  0.199223E+06 -0.452558E-02  0.962522E+05  0.962414E+05  0.632237E-02
  0.595281E+00  0.186051E+06  0.185097E+06 -0.180274E-01 -0.182411E-01  0.000000E+00  0.185895E+06  0.185895E+06  0.185895E+06 -0.422287E-02  0.898127E+05  0.898027E+05  0.562020E-02
  0.623158E+00  0.173052E+06  0.172165E+06 -0.153023E-01 -0.154837E-01  0.000000E+00  0.172908E+06  0.172908E+06  0.172908E+06 -0.392778E-02  0.835379E+05  0.835286E+05  0.501899E-02
  0.653936E+00  0.160253E+06  0.159432E+06 -0.128671E-01 -0.130197E-01  0.000000E+00  0.160119E+06  0.160119E+06  0.160119E+06 -0.363733E-02  0.773594E+05  0.773507E+05  0.441441E-02
  0.688224E+00  0.147697E+06  0.146940E+06 -0.107067E-01 -0.108336E-01  0.000000E+00  0.147573E+06  0.147573E+06  0.147573E+06 -0.335233E-02  0.712980E+05  0.712900E+05  0.386975E-02
  0.726761E+00  0.135332E+06  0.134638E+06 -0.879753E-02 -0.890183E-02  0.000000E+00  0.135219E+06  0.135219E+06  0.135219E+06 -0.307168E-02  0.653291E+05  0.653218E+05  0.336317E-02
  0.770404E+00  0.123199E+06  0.122567E+06 -0.712710E-02 -0.721160E-02  0.000000E+00  0.123096E+06  0.123096E+06  0.123096E+06 -0.279629E-02  0.594720E+05  0.594653E+05  0.289336E-02
  0.820054E+00  0.111356E+06  0.110786E+06 -0.568557E-02 -0.575299E-02  0.000000E+00  0.111263E+06  0.111263E+06  0.111263E+06 -0.252750E-02  0.537554E+05  0.537493E+05  0.246233E-02
  0.876519E+00  0.999338E+05  0.994219E+05 -0.446616E-02 -0.451911E-02  0.000000E+00  0.998504E+05  0.998504E+05  0.998504E+05 -0.226824E-02  0.482413E+05  0.482359E+05  0.207300E-02
  0.940334E+00  0.890997E+05  0.886433E+05 -0.345984E-02 -0.350087E-02  0.000000E+00  0.890253E+05  0.890253E+05  0.890253E+05 -0.202233E-02  0.430113E+05  0.430065E+05  0.172854E-02
  0.101167E+01  0.790283E+05  0.786235E+05 -0.265123E-02 -0.268267E-02  0.000000E+00  0.789624E+05  0.789624E+05  0.789624E+05 -0.179374E-02  0.381496E+05  0.381452E+05  0.143073E-02
  0.109045E+01  0.698415E+05  0.694837E+05 -0.201673E-02 -0.204064E-02  0.000000E+00  0.697831E+05  0.697831E+05  0.697831E+05 -0.158522E-02  0.337148E+05  0.337109E+05  0.117864E-02
  0.117656E+01  0.615847E+05  0.612692E+05 -0.152753E-02 -0.154565E-02  0.000000E+00  0.615333E+05  0.615333E+05  0.615333E+05 -0.139781E-02  0.297290E+05  0.297255E+05  0.968646E-03
  0.127007E+01  0.542307E+05  0.539529E+05 -0.115434E-02 -0.116803E-02  0.000000E+00  0.541854E+05  0.541854E+05  0.541854E+05 -0.123090E-02  0.261789E+05  0.261759E+05  0.795363E-03
  0.137127E+01  0.477138E+05  0.474694E+05 -0.871252E-03 -0.881582E-03  0.000000E+00  0.476740E+05  0.476740E+05  0.476740E+05 -0.108298E-02  0.230330E+05  0.230303E+05  0.653101E-03
  0.148063E+01  0.419541E+05  0.417391E+05 -0.657095E-03 -0.664886E-03  0.000000E+00  0.419191E+05  0.419191E+05  0.419191E+05 -0.952249E-03  0.202526E+05  0.202502E+05  0.536570E-03
  0.159874E+01  0.368695E+05  0.366806E+05 -0.495290E-03 -0.501162E-03  0.000000E+00  0.368387E+05  0.368387E+05  0.368387E+05 -0.836842E-03  0.177981E+05  0.177960E+05  0.441199E-03
  0.172627E+01  0.323851E+05  0.322192E+05 -0.373140E-03 -0.377564E-03  0.000000E+00  0.323581E+05  0.323581E+05  0.323581E+05 -0.735058E-03  0.156334E+05  0.156315E+05  0.363175E-03
  0.186399E+01  0.284325E+05  0.282867E+05 -0.280980E-03 -0.284311E-03  0.000000E+00  0.284087E+05  0.284087E+05  0.284087E+05 -0.645343E-03  0.137253E+05  0.137236E+05  0.299345E-03
  0.201269E+01  0.249508E+05  0.248229E+05 -0.211485E-03 -0.213992E-03  0.000000E+00  0.249300E+05  0.249300E+05  0.249300E+05 -0.566319E-03  0.120446E+05  0.120431E+05  0.247127E-03
  0.217325E+01  0.218859E+05  0.217736E+05 -0.159107E-03 -0.160994E-03  0.000000E+00  0.218676E+05  0.218676E+05  0.218676E+05 -0.496751E-03  0.105650E+05  0.105637E+05  0.204399E-03
  0.234662E+01  0.191893E+05  0.190908E+05 -0.119652E-03 -0.121070E-03  0.000000E+00  0.191732E+05  0.191732E+05  0.191732E+05 -0.435546E-03  0.926328E+04  0.926209E+04  0.169428E-03
  0.253382E+01  0.168178E+05  0.167315E+05 -0.899424E-04 -0.910088E-04  0.000000E+00  0.168038E+05  0.168038E+05  0.168038E+05 -0.381721E-03  0.811852E+04  0.811745E+04  0.140789E-03
  0.273596E+01  0.147335E+05  0.146578E+05 -0.675825E-04 -0.683838E-04  0.000000E+00  0.147212E+05  0.147212E+05  0.147212E+05 -0.334412E-03  0.711234E+04  0.711138E+04  0.117323E-03
  0.295422E+01  0.129024E+05  0.128361E+05 -0.507612E-04 -0.513631E-04  0.000000E+00  0.128916E+05  0.128916E+05  0.128916E+05 -0.292850E-03  0.622840E+04  0.622753E+04  0.980786E-04
  0.318989E+01  0.112947E+05  0.112366E+05 -0.381127E-04 -0.385646E-04  0.000000E+00  0.112852E+05  0.112852E+05  0.112852E+05 -0.256359E-03  0.545231E+04  0.545152E+04  0.822823E-04
  0.344437E+01  0.988371E+04  0.983280E+04 -0.286055E-04 -0.289446E-04  0.000000E+00  0.987541E+04  0.987541E+04  0.987541E+04 -0.224334E-03  0.477118E+04  0.477046E+04  0.692996E-04
  0.371914E+01  0.864589E+04  0.860131E+04 -0.214621E-04 -0.217166E-04  0.000000E+00  0.863862E+04  0.863862E+04  0.863862E+04 -0.196238E-03  0.417364E+04  0.417299E+04  0.586135E-04
  0.401584E+01  0.756052E+04  0.752148E+04 -0.160972E-04 -0.162880E-04  0.000000E+00  0.755416E+04  0.755416E+04  0.755416E+04 -0.171603E-03  0.364970E+04  0.364910E+04  0.497705E-04
  0.433620E+01  0.660913E+04  0.657495E+04 -0.120691E-04 -0.122122E-04  0.000000E+00  0.660356E+04  0.660356E+04  0.660356E+04 -0.150009E-03  0.319043E+04  0.318988E+04  0.424949E-04
  0.468212E+01  0.577575E+04  0.574583E+04 -0.904648E-05 -0.915373E-05  0.000000E+00  0.577088E+04  0.577088E+04  0.577088E+04 -0.131094E-03  0.278815E+04  0.278763E+04  0.365057E-04
  0.505564E+01  0.504586E+04  0.501966E+04 -0.677895E-05 -0.685931E-05  0.000000E+00  0.504159E+04  0.504159E+04  0.504159E+04 -0.114526E-03  0.243579E+04  0.243531E+04  0.314994E-04
  0.545895E+01  0.440688E+04  0.438394E+04 -0.507800E-05 -0.513819E-05  0.000000E+00  0.440314E+04  0.440314E+04  0.440314E+04 -0.100023E-03  0.212734E+04  0.212689E+04  0.273291E-04
  0.589444E+01  0.384755E+04  0.382746E+04 -0.380258E-05 -0.384766E-05  0.000000E+00  0.384427E+04  0.384427E+04  0.384427E+04 -0.873275E-04  0.185733E+04  0.185691E+04  0.238431E-04
  0.636467E+01  0.335829E+04  0.334070E+04 -0.284672E-05 -0.288047E-05  0.000000E+00  0.335542E+04  0.335542E+04  0.335542E+04 -0.762230E-04  0.162115E+04  0.162075E+04  0.209193E-04
  0.687242E+01  0.293038E+04  0.291498E+04 -0.213053E-05 -0.215579E-05  0.000000E+00  0.292787E+04  0.292787E+04  0.292787E+04 -0.665106E-04  0.141458E+04  0.141420E+04  0.184517E-04
  0.742067E+01  0.255635E+04  0.254285E+04 -0.159411E-05 -0.161301E-05  0.000000E+00  0.255415E+04  0.255415E+04  0.255415E+04 -0.580211E-04  0.123403E+04  0.123366E+04  0.163651E-04
  0.801265E+01  0.222942E+04  0.221759E+04 -0.119241E-05 -0.120655E-05  0.000000E+00  0.222750E+04  0.222750E+04  0.222750E+04 -0.506007E-04  0.107621E+04  0.107586E+04  0.145895E-04
  0.865186E+01  0.194383E+04  0.193345E+04 -0.891717E-06 -0.902286E-06  0.000000E+00  0.194214E+04  0.194214E+04  0.194214E+04 -0.441186E-04  0.938342E+03  0.938003E+03  0.130713E-04
  0.934206E+01  0.169440E+04  0.168528E+04 -0.666693E-06 -0.674594E-06  0.000000E+00  0.169291E+04  0.169291E+04  0.169291E+04 -0.384568E-04  0.817927E+03  0.817598E+03  0.117674E-04
  0.100873E+02  0.147659E+04  0.146858E+04 -0.498324E-06 -0.504230E-06  0.000000E+00  0.147528E+04  0.147528E+04  0.147528E+04 -0.335130E-04  0.712783E+03  0.712461E+03  0.106416E-04
  0.108920E+02  0.128648E+04  0.127944E+04 -0.372394E-06 -0.376806E-06  0.000000E+00  0.128534E+04  0.128534E+04  0.128534E+04 -0.291980E-04  0.621010E+03  0.620695E+03  0.965790E-05
  0.117610E+02  0.112062E+04  0.111441E+04 -0.278223E-06 -0.281519E-06  0.000000E+00  0.111960E+04  0.111960E+04  0.111960E+04 -0.254332E-04  0.540939E+03  0.540629E+03  0.879754E-05
  0.126992E+02  0.975884E+03  0.970415E+03 -0.207813E-06 -0.210275E-06  0.000000E+00  0.974993E+03  0.974993E+03  0.974993E+03 -0.221482E-04  0.471072E+03  0.470766E+03  0.804364E-05
  0.137123E+02  0.849665E+03  0.844833E+03 -0.155190E-06 -0.157028E-06  0.000000E+00  0.848877E+03  0.848877E+03  0.848877E+03 -0.192834E-04  0.410141E+03  0.409838E+03  0.737979E-05
  0.148062E+02  0.739626E+03  0.735347E+03 -0.115872E-06 -0.117244E-06  0.000000E+00  0.738928E+03  0.738928E+03  0.738928E+03 -0.167857E-04  0.357022E+03  0.356720E+03  0.679609E-05
  0.159873E+02  0.643681E+03  0.639879E+03 -0.864934E-07 -0.875176E-07  0.000000E+00  0.643061E+03  0.643061E+03  0.643061E+03 -0.146079E-04  0.310704E+03  0.310403E+03  0.628794E-05
  0.172627E+02  0.560080E+03  0.556699E+03 -0.645523E-07 -0.653166E-07  0.000000E+00  0.559529E+03  0.559529E+03  0.559529E+03 -0.127105E-04  0.270349E+03  0.270048E+03  0.581325E-05
  0.186399E+02  0.487268E+03  0.484253E+03 -0.481716E-07 -0.487418E-07  0.000000E+00  0.486776E+03  0.486776E+03  0.486776E+03 -0.110577E-04  0.235198E+03  0.234897E+03  0.537681E-05
  0.201269E+02  0.423817E+03  0.421119E+03 -0.359382E-07 -0.363635E-07  0.000000E+00  0.423377E+03  0.423377E+03  0.423377E+03 -0.961753E-05  0.204568E+03  0.204267E+03  0.498770E-05
  0.217325E+02  0.368548E+03  0.366126E+03 -0.268040E-07 -0.271212E-07  0.000000E+00  0.368153E+03  0.368153E+03  0.368153E+03 -0.836321E-05  0.177888E+03  0.177586E+03  0.463201E-05
  0.234662E+02  0.320422E+03  0.318238E+03 -0.199897E-07 -0.202262E-07  0.000000E+00  0.320066E+03  0.320066E+03  0.320066E+03 -0.727077E-05  0.154655E+03  0.154352E+03  0.430744E-05
  0.253382E+02  0.278535E+03  0.276558E+03 -0.149059E-07 -0.150821E-07  0.000000E+00  0.278213E+03  0.278213E+03  0.278213E+03 -0.631992E-05  0.134434E+03  0.134130E+03  0.400953E-05
  0.273596E+02  0.242072E+03  0.240273E+03 -0.111116E-07 -0.112429E-07  0.000000E+00  0.241778E+03  0.241778E+03  0.241778E+03 -0.549235E-05  0.116832E+03  0.116525E+03  0.373761E-05
  0.295422E+02  0.210347E+03  0.208702E+03 -0.828265E-08 -0.838045E-08  0.000000E+00  0.210079E+03  0.210079E+03  0.210079E+03 -0.477218E-05  0.101516E+03  0.101208E+03  0.348638E-05
  0.318989E+02  0.182750E+03  0.181239E+03 -0.617276E-08 -0.624560E-08  0.000000E+00  0.182504E+03  0.182504E+03  0.182504E+03 -0.414582E-05  0.881948E+02  0.878837E+02  0.325306E-05
  0.344437E+02  0.158736E+03  0.157341E+03 -0.459937E-08 -0.465360E-08  0.000000E+00  0.158509E+03  0.158509E+03  0.158509E+03 -0.360076E-05  0.766024E+02  0.762888E+02  0.303652E-05
  0.371914E+02  0.137857E+03  0.136561E+03 -0.342678E-08 -0.346715E-08  0.000000E+00  0.137646E+03  0.137646E+03  0.137646E+03 -0.312680E-05  0.665230E+02  0.662069E+02  0.283465E-05
  0.401584E+02  0.119704E+03  0.118493E+03 -0.255255E-08 -0.258259E-08  0.000000E+00  0.119506E+03  0.119506E+03  0.119506E+03 -0.271476E-05  0.577593E+02  0.574406E+02  0.264716E-05
  0.433620E+02  0.103919E+03  0.102782E+03 -0.190111E-08 -0.192346E-08  0.000000E+00  0.103733E+03  0.103733E+03  0.103733E+03 -0.235643E-05  0.501387E+02  0.498172E+02  0.247331E-05
  0.468212E+02  0.901993E+02  0.891263E+02 -0.141570E-08 -0.143232E-08  0.000000E+00  0.900245E+02  0.900245E+02  0.900245E+02 -0.204503E-05  0.435158E+02  0.431914E+02  0.231060E-05
  0.505564E+02  0.782771E+02  0.772590E+02 -0.105412E-08 -0.106647E-08  0.000000E+00  0.781112E+02  0.781112E+02  0.781112E+02 -0.177440E-05  0.377603E+02  0.374332E+02  0.215793E-05
  0.545895E+02  0.679148E+02  0.669426E+02 -0.784733E-09 -0.793911E-09  0.000000E+00  0.677564E+02  0.677564E+02  0.677564E+02 -0.153917E-05  0.327576E+02  0.324276E+02  0.201660E-05
  0.589444E+02  0.589170E+02  0.579845E+02 -0.584162E-09 -0.590979E-09  0.000000E+00  0.587650E+02  0.587650E+02  0.587650E+02 -0.133492E-05  0.284138E+02  0.280810E+02  0.188343E-05
  0.636467E+02  0.510978E+02  0.501989E+02 -0.434774E-09 -0.439834E-09  0.000000E+00  0.509513E+02  0.509513E+02  0.509513E+02 -0.115742E-05  0.246390E+02  0.243033E+02  0.175904E-05
  0.687242E+02  0.443063E+02  0.434359E+02 -0.323541E-09 -0.327295E-09  0.000000E+00  0.441645E+02  0.441645E+02  0.441645E+02 -0.100326E-05  0.213602E+02  0.210218E+02  0.164252E-05
  0.742067E+02  0.384116E+02  0.375654E+02 -0.240760E-09 -0.243543E-09  0.000000E+00  0.382737E+02  0.382737E+02  0.382737E+02 -0.869442E-06  0.185145E+02  0.181735E+02  0.153295E-05
  0.801265E+02  0.332919E+02  0.324658E+02 -0.179129E-09 -0.181192E-09  0.000000E+00  0.331572E+02  0.331572E+02  0.331572E+02 -0.753206E-06  0.160426E+02  0.156990E+02  0.143066E-05
  0.865186E+02  0.288474E+02  0.280385E+02 -0.133257E-09 -0.134783E-09  0.000000E+00  0.287156E+02  0.287156E+02  0.287156E+02 -0.652312E-06  0.138969E+02  0.135509E+02  0.133425E-05
  0.934206E+02  0.249880E+02  0.241940E+02 -0.991119E-10 -0.100241E-09  0.000000E+00  0.248586E+02  0.248586E+02  0.248586E+02 -0.564704E-06  0.120337E+02  0.116855E+02  0.124334E-05
  0.100873E+03  0.216403E+02  0.208586E+02 -0.737193E-10 -0.745538E-10  0.000000E+00  0.215129E+02  0.215129E+02  0.215129E+02 -0.488693E-06  0.104174E+02  0.100671E+02  0.115823E-05
  0.108920E+03  0.187352E+02  0.179641E+02 -0.548268E-10 -0.554426E-10  0.000000E+00  0.186095E+02  0.186095E+02  0.186095E+02 -0.422736E-06  0.901481E+01  0.866283E+01  0.107792E-05
  0.117610E+03  0.162140E+02  0.154522E+02 -0.407669E-10 -0.412208E-10  0.000000E+00  0.160899E+02  0.160899E+02  0.160899E+02 -0.365502E-06  0.779761E+01  0.744424E+01  0.100224E-05
  0.126992E+03  0.140277E+02  0.132741E+02 -0.303111E-10 -0.306451E-10  0.000000E+00  0.139049E+02  0.139049E+02  0.139049E+02 -0.315872E-06  0.674209E+01  0.638768E+01  0.930909E-06
  0.137123E+03  0.121296E+02  0.113832E+02 -0.225326E-10 -0.227780E-10  0.000000E+00  0.120079E+02  0.120079E+02  0.120079E+02 -0.272779E-06  0.582567E+01  0.547065E+01  0.863624E-06
  0.148062E+03  0.104840E+02  0.974455E+01 -0.167495E-10 -0.169294E-10  0.000000E+00  0.103635E+02  0.103635E+02  0.103635E+02 -0.235419E-06  0.503116E+01  0.467606E+01  0.799989E-06
  0.159873E+03  0.905732E+01  0.832475E+01 -0.124493E-10 -0.125809E-10  0.000000E+00  0.893794E+01  0.893794E+01  0.893794E+01 -0.203037E-06  0.434243E+01  0.398786E+01  0.739801E-06
  0.172627E+03  0.781977E+01  0.709422E+01 -0.925118E-11 -0.934717E-11  0.000000E+00  0.770153E+01  0.770153E+01  0.770153E+01 -0.174952E-06  0.374507E+01  0.339170E+01  0.682803E-06
  0.186399E+03  0.674745E+01  0.602913E+01 -0.687417E-11 -0.694398E-11  0.000000E+00  0.663040E+01  0.663040E+01  0.663040E+01 -0.150618E-06  0.322746E+01  0.287599E+01  0.628954E-06
  0.201269E+03  0.581818E+01  0.510792E+01 -0.510713E-11 -0.515773E-11  0.000000E+00  0.570243E+01  0.570243E+01  0.570243E+01 -0.129538E-06  0.277898E+01  0.243033E+01  0.577818E-06
  0.217325E+03  0.501356E+01  0.431231E+01 -0.379409E-11 -0.383062E-11  0.000000E+00  0.489928E+01  0.489928E+01  0.489928E+01 -0.111293E-06  0.239075E+01  0.204585E+01  0.529378E-06
  0.234662E+03  0.431617E+01  0.362512E+01 -0.281773E-11 -0.284399E-11  0.000000E+00  0.420355E+01  0.420355E+01  0.420355E+01 -0.954892E-07  0.205435E+01  0.171427E+01  0.483412E-06
  0.253382E+03  0.371262E+01  0.303314E+01 -0.209230E-11 -0.211107E-11  0.000000E+00  0.360189E+01  0.360189E+01  0.360189E+01 -0.818212E-07  0.176332E+01  0.142922E+01  0.439821E-06
  0.273596E+03  0.318997E+01  0.252390E+01 -0.155298E-11 -0.156633E-11  0.000000E+00  0.308143E+01  0.308143E+01  0.308143E+01 -0.699980E-07  0.151143E+01  0.118463E+01  0.398426E-06
  0.295422E+03  0.273821E+01  0.208740E+01 -0.115244E-11 -0.116187E-11  0.000000E+00  0.263215E+01  0.263215E+01  0.263215E+01 -0.597922E-07  0.129387E+01  0.975691E+00  0.359256E-06
  0.318989E+03  0.234769E+01  0.171423E+01 -0.854837E-12 -0.861450E-12  0.000000E+00  0.224446E+01  0.224446E+01  0.224446E+01 -0.509855E-07  0.110597E+01  0.797848E+00  0.322198E-06
  0.344437E+03  0.201055E+01  0.139672E+01 -0.633818E-12 -0.638420E-12  0.000000E+00  0.191052E+01  0.191052E+01  0.191052E+01 -0.433996E-07  0.943947E+00  0.647333E+00  0.287251E-06
  0.371914E+03  0.171982E+01  0.112784E+01 -0.469695E-12 -0.472871E-12  0.000000E+00  0.162335E+01  0.162335E+01  0.162335E+01 -0.368763E-07  0.804428E+00  0.520774E+00  0.254405E-06
  0.401584E+03  0.146923E+01  0.901379E+00 -0.347807E-12 -0.349979E-12  0.000000E+00  0.137669E+01  0.137669E+01  0.137669E+01 -0.312731E-07  0.684382E+00  0.415176E+00  0.223608E-06
  0.433620E+03  0.125366E+01  0.712194E+00 -0.257362E-12 -0.258833E-12  0.000000E+00  0.116542E+01  0.116542E+01  0.116542E+01 -0.264738E-07  0.581349E+00  0.327945E+00  0.194932E-06
  0.468212E+03  0.106838E+01  0.555416E+00 -0.190242E-12 -0.191230E-12  0.000000E+00  0.984782E+00  0.984782E+00  0.984782E+00 -0.223703E-07  0.493032E+00  0.256706E+00  0.168363E-06
  0.505564E+03  0.909683E+00  0.426989E+00 -0.140500E-12 -0.141158E-12  0.000000E+00  0.831022E+00  0.831022E+00  0.831022E+00 -0.188776E-07  0.417632E+00  0.199407E+00  0.143982E-06
  0.545895E+03  0.773950E+00  0.323007E+00 -0.103648E-12 -0.104084E-12  0.000000E+00  0.700463E+00  0.700463E+00  0.700463E+00 -0.159117E-07  0.353381E+00  0.154098E+00  0.121770E-06
  0.589444E+03  0.658102E+00  0.240053E+00 -0.763631E-13 -0.766521E-13  0.000000E+00  0.589975E+00  0.589975E+00  0.589975E+00 -0.134019E-07  0.298780E+00  0.119025E+00  0.101723E-06
  0.636467E+03  0.559364E+00  0.175016E+00 -0.561703E-13 -0.563630E-13  0.000000E+00  0.496730E+00  0.496730E+00  0.496730E+00 -0.112837E-07  0.252477E+00  0.925601E-01  0.838104E-07
  0.687242E+03  0.475495E+00  0.125187E+00 -0.412501E-13 -0.413809E-13  0.000000E+00  0.418408E+00  0.418408E+00  0.418408E+00 -0.950452E-08  0.213369E+00  0.732355E-01  0.680161E-07
  0.742067E+03  0.404188E+00  0.880330E-01 -0.302212E-13 -0.303125E-13  0.000000E+00  0.352666E+00  0.352666E+00  0.352666E+00 -0.801115E-08  0.180335E+00  0.596308E-01  0.542574E-07
  0.801265E+03  0.343727E+00  0.613682E-01 -0.220858E-13 -0.221521E-13  0.000000E+00  0.297713E+00  0.297713E+00  0.297713E+00 -0.676283E-08  0.152530E+00  0.504460E-01  0.424970E-07
  0.865186E+03  0.292445E+00  0.431589E-01 -0.160926E-13 -0.161427E-13  0.000000E+00  0.251821E+00  0.251821E+00  0.251821E+00 -0.572034E-08  0.129138E+00  0.444176E-01  0.326630E-07
  0.934206E+03  0.248949E+00  0.315315E-01 -0.116895E-13 -0.117285E-13  0.000000E+00  0.213518E+00  0.213518E+00  0.213518E+00 -0.485026E-08  0.109474E+00  0.403577E-01  0.246783E-07
  0.100873E+04  0.212103E+00  0.247451E-01 -0.846964E-14 -0.850048E-14  0.000000E+00  0.181571E+00  0.181571E+00  0.181571E+00 -0.412454E-08  0.929707E-01  0.372081E-01  0.184393E-07
  0.108920E+04  0.180860E+00  0.212019E-01 -0.612611E-14 -0.615034E-14  0.000000E+00  0.154841E+00  0.154841E+00  0.154841E+00 -0.351736E-08  0.791053E-01  0.340849E-01  0.137873E-07
  0.117610E+04  0.154339E+00  0.195096E-01 -0.443005E-14 -0.444856E-14  0.000000E+00  0.132366E+00  0.132366E+00  0.132366E+00 -0.300682E-08  0.674341E-01  0.303592E-01  0.105152E-07
  0.126992E+04  0.131869E+00  0.185399E-01 -0.321150E-14 -0.322495E-14  0.000000E+00  0.113400E+00  0.113400E+00  0.113400E+00 -0.257599E-08  0.576129E-01  0.257178E-01  0.837775E-08
  0.137123E+04  0.112779E+00  0.174338E-01 -0.233989E-14 -0.234892E-14  0.000000E+00  0.972412E-01  0.972412E-01  0.972412E-01 -0.220892E-08  0.493063E-01  0.201509E-01  0.709232E-08
  0.148062E+04  0.965721E-01  0.156549E-01 -0.171880E-14 -0.172420E-14  0.000000E+00  0.833856E-01  0.833856E-01  0.833856E-01 -0.189418E-08  0.422640E-01  0.140273E-01  0.636138E-08
  0.159873E+04  0.827782E-01  0.130191E-01 -0.127488E-14 -0.127754E-14  0.000000E+00  0.714100E-01  0.714100E-01  0.714100E-01 -0.162215E-08  0.362579E-01  0.805183E-02  0.588500E-08
  0.172627E+04  0.710187E-01  0.973311E-02 -0.954070E-15 -0.954955E-15  0.000000E+00  0.610314E-01  0.610314E-01  0.610314E-01 -0.138638E-08  0.311118E-01  0.312528E-02  0.540779E-08
  0.186399E+04  0.609821E-01  0.629555E-02 -0.717739E-15 -0.717749E-15  0.000000E+00  0.520702E-01  0.520702E-01  0.520702E-01 -0.118282E-08  0.266916E-01  0.404834E-04  0.476928E-08
  0.201269E+04  0.523797E-01  0.332312E-02 -0.539197E-15 -0.539028E-15  0.000000E+00  0.443853E-01  0.443853E-01  0.443853E-01 -0.100825E-08  0.228822E-01 -0.811836E-03  0.392683E-08
  0.217325E+04  0.450004E-01  0.135677E-02 -0.401661E-15 -0.401714E-15  0.000000E+00  0.378881E-01  0.378881E-01  0.378881E-01 -0.860661E-09  0.196077E-01  0.296143E-03  0.296406E-08
  0.234662E+04  0.386716E-01  0.616921E-03 -0.295303E-15 -0.295658E-15  0.000000E+00  0.324701E-01  0.324701E-01  0.324701E-01 -0.737586E-09  0.168085E-01  0.231802E-02  0.205977E-08
  0.253382E+04  0.332509E-01  0.850007E-03 -0.214570E-15 -0.215069E-15  0.000000E+00  0.279708E-01  0.279708E-01  0.279708E-01 -0.635381E-09  0.144306E-01  0.379740E-02  0.139981E-08
  0.273596E+04  0.285988E-01  0.142173E-02 -0.155457E-15 -0.155864E-15  0.000000E+00  0.241699E-01  0.241699E-01  0.241699E-01 -0.549040E-09  0.124103E-01  0.360661E-02  0.107333E-08
  0.295422E+04  0.246077E-01  0.163576E-02 -0.113945E-15 -0.114115E-15  0.000000E+00  0.208641E-01  0.208641E-01  0.208641E-01 -0.473947E-09  0.106877E-01  0.176152E-02  0.100786E-08
  0.318989E+04  0.211822E-01  0.119563E-02 -0.851746E-16 -0.851454E-16  0.000000E+00  0.179251E-01  0.179251E-01  0.179251E-01 -0.407185E-09  0.920634E-02 -0.351268E-03  0.999430E-09
  0.344437E+04  0.182429E-01  0.430969E-03 -0.642977E-16 -0.642275E-16  0.000000E+00  0.153402E-01  0.153402E-01  0.153402E-01 -0.348465E-09  0.792482E-02 -0.987787E-03  0.863127E-09
  0.371914E+04  0.157153E-01 -0.508132E-05 -0.479111E-16 -0.479225E-16  0.000000E+00  0.131535E-01  0.131535E-01  0.131535E-01 -0.298792E-09  0.681652E-02  0.185964E-03  0.594684E-09
  0.401584E+04  0.135384E-01  0.152694E-03 -0.348767E-16 -0.349503E-16  0.000000E+00  0.113570E-01  0.113570E-01  0.113570E-01 -0.257984E-09  0.586601E-02  0.140667E-02  0.370403E-09
  0.433620E+04  0.116619E-01  0.437100E-03 -0.253497E-16 -0.253877E-16  0.000000E+00  0.983266E-02  0.983266E-02  0.983266E-02 -0.223357E-09  0.505478E-02  0.847376E-03  0.323656E-09
  0.468212E+04  0.100516E-01  0.297531E-03 -0.189540E-16 -0.189333E-16  0.000000E+00  0.846202E-02  0.846202E-02  0.846202E-02 -0.192222E-09  0.435970E-02 -0.538535E-03  0.348960E-09
  0.505564E+04  0.866502E-02 -0.226683E-04 -0.142875E-16 -0.142774E-16  0.000000E+00  0.724925E-02  0.724925E-02  0.724925E-02 -0.164673E-09  0.375587E-02 -0.306397E-03  0.268023E-09
  0.545895E+04  0.747112E-02  0.377809E-04 -0.104347E-16 -0.104568E-16  0.000000E+00  0.625976E-02  0.625976E-02  0.625976E-02 -0.142195E-09  0.323535E-02  0.778747E-03  0.150108E-09
  0.589444E+04  0.644043E-02  0.188547E-03 -0.761403E-17 -0.761667E-17  0.000000E+00  0.542160E-02  0.542160E-02  0.542160E-02 -0.123156E-09  0.279035E-02  0.108617E-03  0.151758E-09
  0.636467E+04  0.555303E-02  0.779245E-05 -0.575770E-17 -0.574822E-17  0.000000E+00  0.464936E-02  0.464936E-02  0.464936E-02 -0.105614E-09  0.240618E-02 -0.455460E-03  0.149975E-09
  0.687242E+04  0.478723E-02  0.234987E-05 -0.422704E-17 -0.423630E-17  0.000000E+00  0.400747E-02  0.400747E-02  0.400747E-02 -0.910328E-10  0.207257E-02  0.518347E-03  0.754370E-10
  0.742067E+04  0.412761E-02  0.934541E-04 -0.309336E-17 -0.309108E-17  0.000000E+00  0.347019E-02  0.347019E-02  0.347019E-02 -0.788281E-10  0.178787E-02 -0.148371E-03  0.870354E-10
  0.801265E+04  0.356042E-02 -0.378282E-04 -0.233834E-17 -0.233790E-17  0.000000E+00  0.297404E-02  0.297404E-02  0.297404E-02 -0.675576E-10  0.154173E-02 -0.333006E-04  0.655682E-10
  0.865186E+04  0.306992E-02  0.617520E-04 -0.168840E-17 -0.169068E-17  0.000000E+00  0.257970E-02  0.257970E-02  0.257970E-02 -0.585998E-10  0.132913E-02  0.201803E-03  0.434628E-10
  0.934206E+04  0.264577E-02 -0.257469E-04 -0.127899E-17 -0.127717E-17  0.000000E+00  0.221041E-02  0.221041E-02  0.221041E-02 -0.502110E-10  0.114565E-02 -0.188684E-03  0.476434E-10
  0.100873E+05  0.228103E-02  0.443432E-04 -0.922797E-18 -0.924120E-18  0.000000E+00  0.191653E-02  0.191653E-02  0.191653E-02 -0.435354E-10  0.987471E-03  0.159704E-03  0.273723E-10
  0.108920E+05  0.196686E-02 -0.281721E-04 -0.699891E-18 -0.699897E-18  0.000000E+00  0.164174E-02  0.164174E-02  0.164174E-02 -0.372933E-10  0.851466E-03  0.829569E-06  0.260504E-10
  0.117610E+05  0.169460E-02  0.294559E-04 -0.507415E-18 -0.506194E-18  0.000000E+00  0.142325E-02  0.142325E-02  0.142325E-02 -0.323300E-10  0.733728E-03 -0.200287E-03  0.264905E-10
  0.126992E+05  0.146195E-02  0.589492E-05 -0.375552E-18 -0.377302E-18  0.000000E+00  0.122466E-02  0.122466E-02  0.122466E-02 -0.278190E-10  0.632700E-03  0.334770E-03  0.782559E-11
  0.137123E+05  0.126012E-02 -0.234074E-04 -0.283925E-18 -0.283690E-18  0.000000E+00  0.105095E-02  0.105095E-02  0.105095E-02 -0.238730E-10  0.545481E-03 -0.524869E-04  0.145461E-10
  0.148062E+05  0.108615E-02  0.365539E-05 -0.208030E-18 -0.206742E-18  0.000000E+00  0.909745E-03  0.909745E-03  0.909745E-03 -0.206654E-10  0.470277E-03 -0.334683E-03  0.181347E-10
  0.159873E+05  0.935693E-03  0.233707E-04 -0.150801E-18 -0.150334E-18  0.000000E+00  0.787018E-03  0.787018E-03  0.787018E-03 -0.178776E-10  0.405074E-03 -0.141282E-03  0.113993E-10
  0.172627E+05  0.806509E-03  0.238888E-04 -0.110409E-18 -0.110673E-18  0.000000E+00  0.678971E-03  0.678971E-03  0.678971E-03 -0.154232E-10  0.349083E-03  0.931290E-04  0.494574E-11
  0.186399E+05  0.695035E-03  0.218113E-04 -0.812242E-19 -0.816707E-19  0.000000E+00  0.585325E-03  0.585325E-03  0.585325E-03 -0.132960E-10  0.300810E-03  0.183959E-03  0.209108E-11
  0.201269E+05  0.598904E-03  0.242679E-04 -0.597862E-19 -0.599829E-19  0.000000E+00  0.505260E-03  0.505260E-03  0.505260E-03 -0.114772E-10  0.259223E-03  0.944815E-04  0.273027E-11
  0.217325E+05  0.516031E-03  0.219136E-04 -0.448114E-19 -0.443243E-19  0.000000E+00  0.435508E-03  0.435508E-03  0.435508E-03 -0.989277E-11  0.223415E-03 -0.272770E-03  0.761575E-11
  0.234662E+05  0.444409E-03 -0.894367E-05 -0.351064E-19 -0.342542E-19  0.000000E+00  0.370529E-03  0.370529E-03  0.370529E-03 -0.841673E-11  0.192443E-03 -0.556353E-03  0.106439E-10
  0.253382E+05  0.382750E-03 -0.227136E-04 -0.252849E-19 -0.259049E-19  0.000000E+00  0.316674E-03  0.316674E-03  0.316674E-03 -0.719339E-11  0.165620E-03  0.471949E-03 -0.403266E-11
  0.273596E+05  0.329859E-03  0.347515E-04 -0.172561E-19 -0.170653E-19  0.000000E+00  0.281768E-03  0.281768E-03  0.281768E-03 -0.640045E-11  0.142815E-03 -0.169347E-03  0.380584E-11
  0.295422E+05  0.284405E-03 -0.388823E-04 -0.145149E-19 -0.149107E-19  0.000000E+00  0.231721E-03  0.231721E-03  0.231721E-03 -0.526358E-11  0.123083E-03  0.409557E-03 -0.323461E-11
  0.318989E+05  0.245388E-03  0.132401E-04 -0.109594E-19 -0.975465E-20  0.000000E+00  0.207557E-03  0.207557E-03  0.207557E-03 -0.471468E-11  0.106360E-03 -0.145342E-02  0.163105E-10
  0.344437E+05  0.212053E-03  0.658887E-04 -0.576429E-20 -0.585073E-20  0.000000E+00  0.188234E-03  0.188234E-03  0.188234E-03 -0.427577E-11  0.918282E-04  0.121583E-03 -0.288160E-12
  0.371914E+05  0.183738E-03  0.755682E-04 -0.300441E-20 -0.393804E-20  0.000000E+00  0.166111E-03  0.166111E-03  0.166111E-03 -0.377327E-11  0.795124E-04  0.153116E-02 -0.130196E-10
  0.401584E+05  0.160040E-03  0.122490E-03 -0.181579E-20 -0.193844E-20  0.000000E+00  0.153921E-03  0.153921E-03  0.153921E-03 -0.349633E-11  0.693598E-04  0.234525E-03 -0.137190E-11
  0.433620E+05  0.140785E-03  0.173586E-04 -0.613622E-20 -0.295869E-20  0.000000E+00  0.120671E-03  0.120671E-03  0.120671E-03 -0.274108E-11  0.613701E-04 -0.708379E-02  0.549645E-10
