# CAMB transfer functions at z = 1000, converted to the CLASS
# convention (Newtonian gauge, unit primordial curvature, theta in 1/Mpc
# with d(delta)/dtau = -theta).
# cosmology: h=0.71, Omega_b=0.044, Omega_cdm=0.226, A_s=2.1e-09, n_s=0.965, k_pivot=0.05/Mpc
# k[1/Mpc]  delta_b  delta_cdm  theta_b[1/Mpc]  theta_cdm[1/Mpc]
7.012464720901334658e-06 -8.397668125326163135e-07 -8.397669262194540352e-07 3.953544602808278796e-09 3.953545490986698496e-09
7.742809430055785924e-06 -1.023798517962859478e-06 -1.023798631649697199e-06 4.819947996281825908e-09 4.819950216727875159e-09
8.549220183340366930e-06 -1.248160288014332764e-06 -1.248160401701170485e-06 5.876222619605186992e-09 5.876223951872816542e-09
9.439617315365467221e-06 -1.521689796391001437e-06 -1.521689910077839158e-06 7.163973414492375014e-09 7.163976079027634114e-09
1.042274925566744059e-05 -1.855162054198444821e-06 -1.855162508945795707e-06 8.733930911830611876e-09 8.733934464544290677e-09
1.150827483797911555e-05 -2.261714371343259700e-06 -2.261714826090610586e-06 1.064793853089440745e-08 1.064794474814334535e-08
1.270685606868937612e-05 -2.757359879979048856e-06 -2.757360789473750629e-06 1.298139196137526596e-08 1.298140084315946297e-08
1.403026908519677818e-05 -3.361624521858175285e-06 -3.361625658726552501e-06 1.582621145246321248e-08 1.582622211060424888e-08
1.549151602375786752e-05 -4.098311819689115509e-06 -4.098313638678519055e-06 1.929446291626391030e-08 1.929448067983230430e-08
1.710495052975602448e-05 -4.996440566173987463e-06 -4.996443294658092782e-06 2.352276595729563269e-08 2.352279260264822369e-08
1.888642145786434412e-05 -6.091389877838082612e-06 -6.091393970564240590e-06 2.867767889824790473e-08 2.867771975445521093e-08
2.085343476210255176e-05 -7.426294359902385622e-06 -7.426300271617947146e-06 3.496227307664412365e-08 3.496232992006298446e-08
2.302531174791511148e-05 -9.053736903297249228e-06 -9.053745998244266957e-06 4.262410158162310836e-08 4.262419750489243597e-08
2.542338734201621264e-05 -1.103782688005594537e-05 -1.103783961298177019e-05 5.196499230919471302e-08 5.196512375960082863e-08
2.807122109516058117e-05 -1.345671807939652354e-05 -1.345673808827996254e-05 6.335287849879023270e-08 6.335307745075624553e-08
3.099482273682951927e-05 -1.640569826122373343e-05 -1.640572736505419016e-05 7.723634354306341265e-08 7.723663486558507429e-08
3.422292502364143729e-05 -2.000093991227913648e-05 -2.000098356802482158e-05 9.416230994929719600e-08 9.416276469664808246e-08
3.778722384595312178e-05 -2.438405135762877762e-05 -2.438411320326849818e-05 1.147974728610279271e-07 1.147981265603448264e-07
4.172274930169805884e-05 -2.972770198539365083e-05 -2.972780202981084585e-05 1.399547215896745911e-07 1.399556879277952248e-07
4.606815127772279084e-05 -3.624237797339446843e-05 -3.624251985456794500e-05 1.706249150856820052e-07 1.706263930145723862e-07
5.086613236926496029e-05 -4.418471507960930467e-05 -4.418492608238011599e-05 2.080163028495007893e-07 2.080184628994175000e-07
5.616381167783401906e-05 -5.386754128267057240e-05 -5.386785414884798229e-05 2.536015415444126120e-07 2.536047531975782476e-07
6.201324868015944958e-05 -6.567229866050183773e-05 -6.567276432178914547e-05 3.091763574047945440e-07 3.091811038302694215e-07
6.847190525149926543e-05 -8.006397547433152795e-05 -8.006466669030487537e-05 3.769296199607197195e-07 3.769367253880773205e-07
7.560322410427033901e-05 -9.760944521985948086e-05 -9.761047112988308072e-05 4.595300993059936445e-07 4.595406721819017548e-07
8.347725815838202834e-05 -1.189998001791536808e-04 -1.190013281302526593e-04 5.602308306151826400e-07 5.602465193987882230e-07
9.217137267114594579e-05 -1.450775889679789543e-04 -1.450798445148393512e-04 6.829981771261373069e-07 6.830215397712890990e-07
1.017709873849526048e-04 -1.768700167303904891e-04 -1.768733782228082418e-04 8.326672968905768357e-07 8.327018008458253462e-07
1.123703914345242083e-04 -2.156292175641283393e-04 -2.156341943191364408e-04 1.015131942949665245e-06 1.015183443087153137e-06
1.240737183252349496e-04 -2.628817164804786444e-04 -2.628891379572451115e-04 1.237577748725016136e-06 1.237654146279965062e-06
1.369959354633465409e-04 -3.204885870218276978e-04 -3.204996173735707998e-04 1.508763602942053694e-06 1.508877176092937589e-06
1.512640010332688689e-04 -3.907184582203626633e-04 -3.907348436769098043e-04 1.839366518652241211e-06 1.839535570979933254e-06
1.670180790824815631e-04 -4.763370088767260313e-04 -4.763613396789878607e-04 2.242402388219488785e-06 2.242653181383502670e-06
1.844129437813535333e-04 -5.807156558148562908e-04 -5.807518609799444675e-04 2.733735527726821601e-06 2.734108875301899388e-06
2.036194637184962630e-04 -7.079641218297183514e-04 -7.080180221237242222e-04 3.332702135594445281e-06 3.333257382109877653e-06
2.248263481305912137e-04 -8.630924276076257229e-04 -8.631724049337208271e-04 4.062872449139831588e-06 4.063697360834339634e-06
2.482419076841324568e-04 -1.052206847816705704e-03 -1.052325824275612831e-03 4.952968993165995926e-06 4.954194537276634946e-06
2.740961790550500154e-04 -1.282750978134572506e-03 -1.282927813008427620e-03 6.037997081875801086e-06 6.039818799763452262e-06
3.026431659236550331e-04 -1.563796889968216419e-03 -1.564059639349579811e-03 7.360612926277099177e-06 7.363320037256926298e-06
3.341633419040590525e-04 -1.906402176246047020e-03 -1.906792982481420040e-03 8.972788236860651523e-06 8.976812750915996730e-06
3.689662844408303499e-04 -2.324041677638888359e-03 -2.324622357264161110e-03 1.093784158001653850e-05 1.094382150768069550e-05
4.073939344380050898e-04 -2.833136357367038727e-03 -2.833999227732419968e-03 1.333289310423424467e-05 1.334178341494407505e-05
4.498238558880984783e-04 -3.453695448115468025e-03 -3.454978344962000847e-03 1.625187542231287807e-05 1.626508856134023517e-05
4.966728156432509422e-04 -4.210096318274736404e-03 -4.212002735584974289e-03 1.980914930754806846e-05 1.982877984119113535e-05
5.484010325744748116e-04 -5.132033023983240128e-03 -5.134866572916507721e-03 2.414390110061503947e-05 2.417307950963731855e-05
6.055167759768664837e-04 -6.255673710256814957e-03 -6.259885150939226151e-03 2.942552418971899897e-05 2.946889071608893573e-05
6.685810512863099575e-04 -7.625057827681303024e-03 -7.631316781044006348e-03 3.586000821087509394e-05 3.592445864342153072e-05
7.382135372608900070e-04 -9.293799288570880890e-03 -9.303102269768714905e-03 4.369778616819530725e-05 4.379356323624961078e-05
8.150980575010180473e-04 -1.132713630795478821e-02 -1.134095992892980576e-02 5.324305311660282314e-05 5.338538539945147932e-05
8.999902056530117989e-04 -1.380443945527076721e-02 -1.382498349994421005e-02 6.486515485448762774e-05 6.507665239041671157e-05
9.937237482517957687e-04 -1.682220399379730225e-02 -1.685273461043834686e-02 7.901184289949014783e-05 7.932610606076195836e-05
1.097219646908342838e-03 -2.049769647419452667e-02 -2.054306119680404663e-02 9.622559446142986417e-05 9.669253631727769971e-05
1.211494556628167629e-03 -2.497329935431480408e-02 -2.504070848226547241e-02 1.171624317066743970e-04 1.178561724373139441e-04
1.337671186774969101e-03 -3.042175993323326111e-02 -3.052191622555255890e-02 1.426144590368494391e-04 1.436450693290680647e-04
1.476989127695560455e-03 -3.705242276191711426e-02 -3.720122203230857849e-02 1.735357363941147923e-04 1.750666269799694419e-04
1.630816725082695484e-03 -4.511861130595207214e-02 -4.533966258168220520e-02 2.110723144141957164e-04 2.133460075128823519e-04
1.800665515474975109e-03 -5.492644011974334717e-02 -5.525479093194007874e-02 2.565961913205683231e-04 2.599725848995149136e-04
1.988204196095466614e-03 -6.684499979019165039e-02 -6.733267754316329956e-02 3.117425658274441957e-04 3.167554386891424656e-04
2.195274690166115761e-03 -8.131814748048782349e-02 -8.204232156276702881e-02 3.784494183491915464e-04 3.858901909552514553e-04
2.423911588266491890e-03 -9.887808561325073242e-02 -9.995323419570922852e-02 4.589981399476528168e-04 4.700394056271761656e-04
2.676361007615923882e-03 -1.201602891087532043e-01 -1.217561811208724976e-01 5.560492863878607750e-04 5.724275251850485802e-04
2.955102594569325447e-03 -1.459199786186218262e-01 -1.482880264520645142e-01 6.726695573888719082e-04 6.969537353143095970e-04
3.262875368818640709e-03 -1.770489364862442017e-01 -1.805615723133087158e-01 8.123379084281623363e-04 8.483252022415399551e-04
3.602702170610427856e-03 -2.145918905735015869e-01 -2.197999507188796997e-01 9.789150208234786987e-04 1.032210653647780418e-03
3.977921791374683380e-03 -2.597602307796478271e-01 -2.674779295921325684e-01 1.176553545519709587e-03 1.255419338122010231e-03
4.392221104353666306e-03 -3.139396309852600098e-01 -3.253688216209411621e-01 1.409510732628405094e-03 1.526102307252585888e-03
4.849668592214584351e-03 -3.786861002445220947e-01 -3.955982029438018799e-01 1.681813737377524376e-03 1.853973255492746830e-03
5.354759283363819122e-03 -4.557041823863983154e-01 -4.807049036026000977e-01 1.996707869693636894e-03 2.250552177429199219e-03
5.912455264478921890e-03 -5.467930436134338379e-01 -5.837072134017944336e-01 2.355781150981783867e-03 2.729407511651515961e-03
6.528235040605068207e-03 -6.537468433380126953e-01 -7.081723809242248535e-01 2.757644513621926308e-03 3.306389553472399712e-03
7.208147086203098297e-03 -7.781853079795837402e-01 -8.582872748374938965e-01 3.196000587195158005e-03 3.999820444732904434e-03
7.958873175084590912e-03 -9.212866425514221191e-01 -1.038924336433410645e+00 3.656927030533552170e-03 4.830594640225172043e-03
8.787785656750202179e-03 -1.083381414413452148e+00 -1.255689501762390137e+00 4.115193616598844528e-03 5.822116974741220474e-03
9.703029878437519073e-03 -1.263373136520385742e+00 -1.514949083328247070e+00 4.529542755335569382e-03 7.000006735324859619e-03
1.071359589695930481e-02 -1.457933187484741211e+00 -1.823805332183837891e+00 4.837058950215578079e-03 8.391392417252063751e-03
1.182941254228353500e-02 -1.660457015037536621e+00 -2.190011024475097656e+00 4.947269801050424576e-03 1.002371404320001602e-02
1.306143961846828461e-02 -1.859790563583374023e+00 -2.621786832809448242e+00 4.737501498311758041e-03 1.192279439419507980e-02
1.442178245633840561e-02 -2.038853883743286133e+00 -3.127522230148315430e+00 4.052567761391401291e-03 1.411008741706609726e-02
1.592380553483963013e-02 -2.173443555831909180e+00 -3.715331554412841797e+00 2.714189235121011734e-03 1.659900695085525513e-02
1.758226193487644196e-02 -2.231800317764282227e+00 -4.392457008361816406e+00 5.485910805873572826e-04 1.939052157104015350e-02
1.941344700753688812e-02 -2.175933361053466797e+00 -5.164549827575683594e+00 -2.556230872869491577e-03 2.246863022446632385e-02
2.143534831702709198e-02 -1.966163516044616699e+00 -6.034875869750976562e+00 -6.551581434905529022e-03 2.579687722027301788e-02
2.366783097386360168e-02 -1.570719122886657715e+00 -7.003581047058105469e+00 -1.108233537524938583e-02 2.931800670921802521e-02
2.613282389938831329e-02 -9.819480776786804199e-01 -8.067188262939453125e+00 -1.531261764466762543e-02 3.295956552028656006e-02
2.885454706847667694e-02 -2.389334887266159058e-01 -9.218550682067871094e+00 -1.779340952634811401e-02 3.664813563227653503e-02
3.174000233411788940e-02 5.196259617805480957e-01 -1.039952564239501953e+01 -1.667129993438720703e-02 4.019336774945259094e-02
3.462545573711395264e-02 1.104315996170043945e+00 -1.153165721893310547e+01 -1.106715109199285507e-02 4.342596977949142456e-02
3.751091286540031433e-02 1.399926900863647461e+00 -1.261223316192626953e+01 -1.369624398648738861e-03 4.643704742193222046e-02
4.039636626839637756e-02 1.346126198768615723e+00 -1.364288139343261719e+01 1.096048858016729355e-02 4.932362213730812073e-02
4.328181967139244080e-02 9.498680830001831055e-01 -1.462825870513916016e+01 2.362405322492122650e-02 5.217053368687629700e-02
4.616727307438850403e-02 2.842442095279693604e-01 -1.557484054565429688e+01 3.394106402993202209e-02 5.504059419035911560e-02
4.905273020267486572e-02 -5.254985094070434570e-01 -1.648971176147460938e+01 3.944113105535507202e-02 5.796951055526733398e-02
5.193818733096122742e-02 -1.326046347618103027e+00 -1.737946319580078125e+01 3.845216333866119385e-02 6.096533685922622681e-02
5.482363700866699219e-02 -1.965493321418762207e+00 -1.824934959411621094e+01 3.054942749440670013e-02 6.401102244853973389e-02
5.770909413695335388e-02 -2.322354793548583984e+00 -1.910280990600585938e+01 1.675320044159889221e-02 6.706948578357696533e-02
6.059455126523971558e-02 -2.328656911849975586e+00 -1.994137954711914062e+01 -5.836100899614393711e-04 7.009087502956390381e-02
6.419607996940612793e-02 -1.848347306251525879e+00 -2.096690940856933594e+01 -2.218358591198921204e-02 7.372970879077911377e-02
6.779761612415313721e-02 -9.615507125854492188e-01 -2.196658134460449219e+01 -3.740816935896873474e-02 7.714210450649261475e-02
7.139915227890014648e-02 7.858730852603912354e-02 -2.293704414367675781e+01 -4.099330678582191467e-02 8.028319478034973145e-02
7.500068843364715576e-02 9.784445166587829590e-01 -2.387555503845214844e+01 -3.098781965672969818e-02 8.316148817539215088e-02
7.860221713781356812e-02 1.489434003829956055e+00 -2.478094291687011719e+01 -9.570549242198467255e-03 8.583297580480575562e-02
8.220375329256057739e-02 1.478587627410888672e+00 -2.565395355224609375e+01 1.743495278060436249e-02 8.838073164224624634e-02
8.580528199672698975e-02 9.637138247489929199e-01 -2.649706840515136719e+01 4.223695024847984314e-02 9.088914841413497925e-02
8.940681070089340210e-02 1.041264981031417847e-01 -2.731393623352050781e+01 5.743984133005142212e-02 9.342224150896072388e-02
9.300835430622100830e-02 -8.490983843803405762e-01 -2.810859680175781250e+01 5.834860727190971375e-02 9.601130336523056030e-02
9.660988301038742065e-02 -1.627395868301391602e+00 -2.888462448120117188e+01 4.447282105684280396e-02 9.865245223045349121e-02
1.002114191651344299e-01 -2.021249294281005859e+00 -2.964458274841308594e+01 1.974109560251235962e-02 1.013126820325851440e-01
1.038129478693008423e-01 -1.936826944351196289e+00 -3.038972282409667969e+01 -8.651849813759326935e-03 1.039412021636962891e-01
1.074144914746284485e-01 -1.417475581169128418e+00 -3.112013435363769531e+01 -3.240665793418884277e-02 1.064843311905860901e-01
1.110160201787948608e-01 -6.254180073738098145e-01 -3.183511924743652344e+01 -4.461351409554481506e-02 1.089003980159759521e-01
1.146175488829612732e-01 2.092246711254119873e-01 -3.253376388549804688e+01 -4.180544614791870117e-02 1.111712679266929626e-01
1.182190850377082825e-01 8.559635281562805176e-01 -3.321538162231445312e+01 -2.494539879262447357e-02 1.133060157299041748e-01
1.218206211924552917e-01 1.148056983947753906e+00 -3.387979888916015625e+01 9.364353027194738388e-04 1.153360456228256226e-01
1.254221498966217041e-01 1.025252699851989746e+00 -3.452750778198242188e+01 2.831524237990379333e-02 1.173041537404060364e-01
1.290236860513687134e-01 5.442640185356140137e-01 -3.515960311889648438e+01 4.944722354412078857e-02 1.192516610026359558e-01
1.326252222061157227e-01 -1.437845677137374878e-01 -3.577754211425781250e+01 5.863859131932258606e-02 1.212082132697105408e-01
1.362267583608627319e-01 -8.408761620521545410e-01 -3.638291549682617188e+01 5.382744967937469482e-02 1.231866776943206787e-01
1.398282945156097412e-01 -1.359333634376525879e+00 -3.697713088989257812e+01 3.703057765960693359e-02 1.251828074455261230e-01
1.434298157691955566e-01 -1.572362661361694336e+00 -3.756119155883789062e+01 1.357312779873609543e-02 1.271788626909255981e-01
1.470313519239425659e-01 -1.444404840469360352e+00 -3.813565826416015625e+01 -9.610348381102085114e-03 1.291498243808746338e-01
1.506328880786895752e-01 -1.034145116806030273e+00 -3.870063781738281250e+01 -2.605124749243259430e-02 1.310705691576004028e-01
1.542344242334365845e-01 -4.717106819152832031e-01 -3.925598144531250000e+01 -3.156492486596107483e-02 1.329230964183807373e-01
1.578359454870223999e-01 8.201362937688827515e-02 -3.980140686035156250e+01 -2.529532648622989655e-02 1.347010582685470581e-01
1.614374816417694092e-01 4.810473918914794922e-01 -4.033673858642578125e+01 -9.732652455568313599e-03 1.364106982946395874e-01
1.650390177965164185e-01 6.323160529136657715e-01 -4.086194610595703125e+01 1.022877730429172516e-02 1.380675137042999268e-01
1.686405539512634277e-01 5.161121487617492676e-01 -4.137723922729492188e+01 2.884771116077899933e-02 1.396906673908233643e-01
1.722420901060104370e-01 1.850795447826385498e-01 -4.188303375244140625e+01 4.121140763163566589e-02 1.412973552942276001e-01
1.758436113595962524e-01 -2.561521232128143311e-01 -4.237991714477539062e+01 4.453767836093902588e-02 1.428989768028259277e-01
1.794451624155044556e-01 -6.833999752998352051e-01 -4.286855697631835938e+01 3.876272588968276978e-02 1.444997042417526245e-01
1.830466836690902710e-01 -9.875069856643676758e-01 -4.334953689575195312e+01 2.631124667823314667e-02 1.460967659950256348e-01
1.866482198238372803e-01 -1.101710200309753418e+00 -4.382336425781250000e+01 1.119167450815439224e-02 1.476826369762420654e-01
1.902497559785842896e-01 -1.015069484710693359e+00 -4.429035949707031250e+01 -2.260799985378980637e-03 1.492471396923065186e-01
1.938512772321701050e-01 -7.698490619659423828e-01 -4.475070953369140625e+01 -1.060239411890506744e-02 1.507808268070220947e-01
1.974528282880783081e-01 -4.451786875724792480e-01 -4.520449066162109375e+01 -1.212315447628498077e-02 1.522777527570724487e-01
2.010543644428253174e-01 -1.327330172061920166e-01 -4.565172576904296875e+01 -7.119851186871528625e-03 1.537369638681411743e-01
2.046558856964111328e-01 8.843141049146652222e-02 -4.609238815307617188e+01 2.410377608612179756e-03 1.551623195409774780e-01
2.082574218511581421e-01 1.709154993295669556e-01 -4.652655029296875000e+01 1.350243762135505676e-02 1.565606743097305298e-01
2.118589431047439575e-01 1.078528165817260742e-01 -4.695429992675781250e+01 2.312909811735153198e-02 1.579393744468688965e-01
2.154604941606521606e-01 -6.973823159933090210e-02 -4.737580108642578125e+01 2.901068516075611115e-02 1.593042761087417603e-01
2.190620303153991699e-01 -3.050474524497985840e-01 -4.779125595092773438e+01 3.012228384613990784e-02 1.606586873531341553e-01
2.226635515689849854e-01 -5.329390168190002441e-01 -4.820092010498046875e+01 2.680064179003238678e-02 1.620033830404281616e-01
2.262650877237319946e-01 -6.973490118980407715e-01 -4.860503768920898438e+01 2.047787792980670929e-02 1.633370071649551392e-01
2.298666387796401978e-01 -7.646210789680480957e-01 -4.900384902954101562e+01 1.316437311470508575e-02 1.646565496921539307e-01
2.334681600332260132e-01 -7.293749451637268066e-01 -4.939751434326171875e+01 6.854004692286252975e-03 1.659584343433380127e-01
2.370696961879730225e-01 -6.125792860984802246e-01 -4.978620147705078125e+01 3.019151976332068443e-03 1.672396212816238403e-01
2.406712174415588379e-01 -4.532305598258972168e-01 -5.017002105712890625e+01 2.312259050086140633e-03 1.684987097978591919e-01
2.442727535963058472e-01 -2.963986098766326904e-01 -5.054908370971679688e+01 4.519482143223285675e-03 1.697363704442977905e-01
2.478743046522140503e-01 -1.812576353549957275e-01 -5.092347335815429688e+01 8.738327771425247192e-03 1.709549278020858765e-01
2.514758110046386719e-01 -1.319582760334014893e-01 -5.129325485229492188e+01 1.369925588369369507e-02 1.721574068069458008e-01
2.550773620605468750e-01 -1.534893363714218140e-01 -5.165856170654296875e+01 1.812913268804550171e-02 1.733466982841491699e-01
2.586789131164550781e-01 -2.327038049697875977e-01 -5.201946258544921875e+01 2.105998061597347260e-02 1.745246946811676025e-01
2.622804343700408936e-01 -3.437770903110504150e-01 -5.237605667114257812e+01 2.201733551919460297e-02 1.756923496723175049e-01
2.658819556236267090e-01 -4.561271667480468750e-01 -5.272846984863281250e+01 2.106208913028240204e-02 1.768498122692108154e-01
2.694834768772125244e-01 -5.425845384597778320e-01 -5.307681655883789062e+01 1.869916729629039764e-02 1.779965162277221680e-01
2.730850279331207275e-01 -5.855500102043151855e-01 -5.342119216918945312e+01 1.569588482379913330e-02 1.791312545537948608e-01
2.766865789890289307e-01 -5.801959633827209473e-01 -5.376168060302734375e+01 1.286610402166843414e-02 1.802524477243423462e-01
2.802881002426147461e-01 -5.340841412544250488e-01 -5.409835815429687500e+01 1.087502390146255493e-02 1.813589185476303101e-01
2.838896214962005615e-01 -4.637823402881622314e-01 -5.443130874633789062e+01 1.010561455041170120e-02 1.824502944946289062e-01
2.874911725521087646e-01 -3.897024691104888916e-01 -5.476062011718750000e+01 1.060743350535631180e-02 1.835272759199142456e-01
2.910926938056945801e-01 -3.306602239608764648e-01 -5.508636093139648438e+01 1.212804391980171204e-02 1.845909953117370605e-01
2.946942448616027832e-01 -2.995527684688568115e-01 -5.540863037109375000e+01 1.420892961323261261e-02 1.856430768966674805e-01
2.982957363128662109e-01 -3.008836805820465088e-01 -5.572747802734375000e+01 1.631644181907176971e-02 1.866846084594726562e-01
3.018972873687744141e-01 -3.307940363883972168e-01 -5.604302597045898438e+01 1.797455921769142151e-02 1.877167075872421265e-01
3.054988384246826172e-01 -3.790188729763031006e-01 -5.635535430908203125e+01 1.886873319745063782e-02 1.887399554252624512e-01
3.091003596782684326e-01 -4.321606755256652832e-01 -5.666451263427734375e+01 1.890072599053382874e-02 1.897546052932739258e-01
3.127018809318542480e-01 -4.773374795913696289e-01 -5.697058486938476562e+01 1.818692497909069061e-02 1.907606273889541626e-01
3.163034319877624512e-01 -5.051868557929992676e-01 -5.727365112304687500e+01 1.700652018189430237e-02 1.917576044797897339e-01
3.199049532413482666e-01 -5.116778016090393066e-01 -5.757372665405273438e+01 1.571700163185596466e-02 1.927445977926254272e-01
3.235065042972564697e-01 -4.984139204025268555e-01 -5.787088775634765625e+01 1.466019637882709503e-02 1.937211006879806519e-01
3.271080255508422852e-01 -4.715104103088378906e-01 -5.816515350341796875e+01 1.408211700618267059e-02 1.946867704391479492e-01
3.307095468044281006e-01 -4.395081102848052979e-01 -5.845658874511718750e+01 1.408448256552219391e-02 1.956419646739959717e-01
3.343110978603363037e-01 -4.110692143440246582e-01 -5.874524307250976562e+01 1.461646053940057755e-02 1.965871751308441162e-01
3.379126191139221191e-01 -3.928794264793395996e-01 -5.903114700317382812e+01 1.550465822219848633e-02 1.975230127573013306e-01
3.415141701698303223e-01 -3.882431089878082275e-01 -5.931436538696289062e+01 1.651001162827014923e-02 1.984499990940093994e-01
3.451156914234161377e-01 -3.968542218208312988e-01 -5.959494400024414062e+01 1.739442534744739532e-02 1.993686556816101074e-01
3.487172126770019531e-01 -4.152915775775909424e-01 -5.987294769287109375e+01 1.797928102314472198e-02 2.002795189619064331e-01
3.523187637329101562e-01 -4.382275342941284180e-01 -6.014842987060546875e+01 1.818195730447769165e-02 2.011830359697341919e-01
3.559203147888183594e-01 -4.600646495819091797e-01 -6.042144775390625000e+01 1.802381873130798340e-02 2.020793706178665161e-01
3.595218360424041748e-01 -4.761795401573181152e-01 -6.069202804565429688e+01 1.761125773191452026e-02 2.029682993888854980e-01
3.631233572959899902e-01 -4.839541018009185791e-01 -6.096022415161132812e+01 1.709810644388198853e-02 2.038495242595672607e-01
3.667248785495758057e-01 -4.831097126007080078e-01 -6.122607803344726562e+01 1.664134301245212555e-02 2.047227323055267334e-01
3.703264296054840088e-01 -4.754607975482940674e-01 -6.148962783813476562e+01 1.636199466884136200e-02 2.055879682302474976e-01
3.739279806613922119e-01 -4.641494154930114746e-01 -6.175091171264648438e+01 1.632048748433589935e-02 2.064453065395355225e-01
3.775295019149780273e-01 -4.527362883090972900e-01 -6.200993728637695312e+01 1.651048101484775543e-02 2.072949111461639404e-01
3.811310231685638428e-01 -4.442924559116363525e-01 -6.226676177978515625e+01 1.687029190361499786e-02 2.081370353698730469e-01
3.847325444221496582e-01 -4.407618343830108643e-01 -6.252141571044921875e+01 1.730628497898578644e-02 2.089718431234359741e-01
3.883340954780578613e-01 -4.426270127296447754e-01 -6.277393722534179688e+01 1.772063970565795898e-02 2.097996175289154053e-01
3.919356465339660645e-01 -4.490445256233215332e-01 -6.302436828613281250e+01 1.803566329181194305e-02 2.106207460165023804e-01
3.955371677875518799e-01 -4.582380354404449463e-01 -6.327272415161132812e+01 1.820934005081653595e-02 2.114354968070983887e-01
3.991386890411376953e-01 -4.680055975914001465e-01 -6.351906204223632812e+01 1.823961734771728516e-02 2.122440189123153687e-01
4.027402102947235107e-01 -4.763319194316864014e-01 -6.376340103149414062e+01 1.815848797559738159e-02 2.130462080240249634e-01
4.063417613506317139e-01 -4.818755686283111572e-01 -6.400579071044921875e+01 1.801900193095207214e-02 2.138420939445495605e-01
4.099433124065399170e-01 -4.841105341911315918e-01 -6.424626159667968750e+01 1.787937991321086884e-02 2.146315723657608032e-01
4.135448336601257324e-01 -4.833403825759887695e-01 -6.448483276367187500e+01 1.778853498399257660e-02 2.154146581888198853e-01
4.171463847160339355e-01 -4.805491566658020020e-01 -6.472153472900390625e+01 1.777606271207332611e-02 2.161916047334671021e-01
4.207478761672973633e-01 -4.770311713218688965e-01 -6.495637512207031250e+01 1.784840226173400879e-02 2.169623672962188721e-01
4.382790625095367432e-01 -4.788157045841217041e-01 -6.607432556152343750e+01 1.865133084356784821e-02 2.206303328275680542e-01
4.488104581832885742e-01 -4.915007054805755615e-01 -6.672667694091796875e+01 1.881920918822288513e-02 2.227719724178314209e-01
4.640229642391204834e-01 -4.958127737045288086e-01 -6.764505004882812500e+01 1.879252120852470398e-02 2.257870137691497803e-01
4.797510504722595215e-01 -4.974970519542694092e-01 -6.856637573242187500e+01 1.925189234316349030e-02 2.288110703229904175e-01
4.960123002529144287e-01 -5.075552463531494141e-01 -6.949063873291015625e+01 1.950502954423427582e-02 2.318455725908279419e-01
5.128246545791625977e-01 -5.126618742942810059e-01 -7.041770935058593750e+01 1.971289515495300293e-02 2.348898351192474365e-01
5.302069187164306641e-01 -5.180884599685668945e-01 -7.134740447998046875e+01 2.003787271678447723e-02 2.379424422979354858e-01
5.481783747673034668e-01 -5.241056680679321289e-01 -7.227952575683593750e+01 2.028424479067325592e-02 2.410030215978622437e-01
5.667588710784912109e-01 -5.301842689514160156e-01 -7.321398925781250000e+01 2.055383473634719849e-02 2.440717071294784546e-01
5.859692692756652832e-01 -5.367349386215209961e-01 -7.415084075927734375e+01 2.083136513829231262e-02 2.471484243869781494e-01
6.058307290077209473e-01 -5.427375435829162598e-01 -7.509008026123046875e+01 2.109199203550815582e-02 2.502330839633941650e-01
6.263654828071594238e-01 -5.498970746994018555e-01 -7.603187561035156250e+01 2.136969566345214844e-02 2.533267736434936523e-01
6.475961804389953613e-01 -5.566055178642272949e-01 -7.697618865966796875e+01 2.163567021489143372e-02 2.564288973808288574e-01
6.695465445518493652e-01 -5.631289482116699219e-01 -7.792288970947265625e+01 2.190938405692577362e-02 2.595389485359191895e-01
6.922408938407897949e-01 -5.696389675140380859e-01 -7.887171173095703125e+01 2.218046784400939941e-02 2.626560628414154053e-01
7.157044410705566406e-01 -5.756959319114685059e-01 -7.982242584228515625e+01 2.245181985199451447e-02 2.657791972160339355e-01
7.399632930755615234e-01 -5.819547772407531738e-01 -8.077498626708984375e+01 2.272489480674266815e-02 2.689084708690643311e-01
7.650445103645324707e-01 -5.883957743644714355e-01 -8.172959136962890625e+01 2.299706637859344482e-02 2.720447182655334473e-01
7.909757494926452637e-01 -5.950366258621215820e-01 -8.268641662597656250e+01 2.327020838856697083e-02 2.751885652542114258e-01
8.177859783172607422e-01 -6.018559336662292480e-01 -8.364552307128906250e+01 2.354400046169757843e-02 2.783403694629669189e-01
8.455049395561218262e-01 -6.085196137428283691e-01 -8.460665893554687500e+01 2.381793782114982605e-02 2.814988493919372559e-01
8.741633892059326172e-01 -6.151642203330993652e-01 -8.556943511962890625e+01 2.409223839640617371e-02 2.846627235412597656e-01
9.037932157516479492e-01 -6.219175457954406738e-01 -8.653375244140625000e+01 2.436693012714385986e-02 2.878317236900329590e-01
9.344274401664733887e-01 -6.288639307022094727e-01 -8.749979400634765625e+01 2.464188821613788605e-02 2.910064756870269775e-01
9.660999178886413574e-01 -6.357298493385314941e-01 -8.846775817871093750e+01 2.491732500493526459e-02 2.941878437995910645e-01
9.988459944725036621e-01 -6.422883272171020508e-01 -8.943759918212890625e+01 2.519309520721435547e-02 2.973753809928894043e-01
1.032702088356018066e+00 -6.486443877220153809e-01 -9.040904235839843750e+01 2.546923793852329254e-02 3.005680441856384277e-01
1.067705631256103516e+00 -6.553195714950561523e-01 -9.138191986083984375e+01 2.574568800628185272e-02 3.037656843662261963e-01
1.103895664215087891e+00 -6.624855399131774902e-01 -9.235646820068359375e+01 2.602250501513481140e-02 3.069691061973571777e-01
1.141312241554260254e+00 -6.697179675102233887e-01 -9.333274078369140625e+01 2.629973180592060089e-02 3.101785182952880859e-01
1.179997205734252930e+00 -6.765735149383544922e-01 -9.431049346923828125e+01 2.657727338373661041e-02 3.133926093578338623e-01
1.219993233680725098e+00 -6.832554936408996582e-01 -9.528942871093750000e+01 2.685505151748657227e-02 3.166104555130004883e-01
1.261345148086547852e+00 -6.901123523712158203e-01 -9.626979827880859375e+01 2.713315747678279877e-02 3.198332190513610840e-01
1.304098606109619141e+00 -6.969549059867858887e-01 -9.725179290771484375e+01 2.741163596510887146e-02 3.230614662170410156e-01
1.348301172256469727e+00 -7.036656737327575684e-01 -9.823521423339843750e+01 2.769043296575546265e-02 3.262943923473358154e-01
1.394001960754394531e+00 -7.106420397758483887e-01 -9.921986389160156250e+01 2.796952985227108002e-02 3.295315206050872803e-01
1.441251873970031738e+00 -7.179512381553649902e-01 -1.002058868408203125e+02 2.824897877871990204e-02 3.327734470367431641e-01
1.490103244781494141e+00 -7.250643372535705566e-01 -1.011932220458984375e+02 2.852870151400566101e-02 3.360197246074676514e-01
1.540610432624816895e+00 -7.319476604461669922e-01 -1.021816024780273438e+02 2.880865521728992462e-02 3.392692804336547852e-01
1.592829585075378418e+00 -7.388772368431091309e-01 -1.031711807250976562e+02 2.908889390528202057e-02 3.425228297710418701e-01
1.646818637847900391e+00 -7.457109689712524414e-01 -1.041620864868164062e+02 2.936944365501403809e-02 3.457807898521423340e-01
1.702637791633605957e+00 -7.526081800460815430e-01 -1.051541671752929688e+02 2.965027652680873871e-02 3.490427434444427490e-01
1.760349035263061523e+00 -7.598492503166198730e-01 -1.061474609375000000e+02 2.993142977356910706e-02 3.523088991641998291e-01
1.820016145706176758e+00 -7.670781016349792480e-01 -1.071418075561523438e+02 3.021283447742462158e-02 3.555786013603210449e-01
1.881705880165100098e+00 -7.742068171501159668e-01 -1.081371307373046875e+02 3.049446083605289459e-02 3.588514328002929688e-01
1.945486426353454590e+00 -7.812227010726928711e-01 -1.091334533691406250e+02 3.077632002532482147e-02 3.621275424957275391e-01
2.011428833007812500e+00 -7.880707383155822754e-01 -1.101308441162109375e+02 3.105843067169189453e-02 3.654071390628814697e-01
2.079606533050537109e+00 -7.951084375381469727e-01 -1.111293258666992188e+02 3.134083002805709839e-02 3.686905503273010254e-01
2.150094985961914062e+00 -8.023117780685424805e-01 -1.121288681030273438e+02 3.162350505590438843e-02 3.719775378704071045e-01
2.222972631454467773e+00 -8.096249699592590332e-01 -1.131292800903320312e+02 3.190638497471809387e-02 3.752675056457519531e-01
2.298320770263671875e+00 -8.168087005615234375e-01 -1.141305770874023438e+02 3.218948841094970703e-02 3.785603046417236328e-01
2.376222610473632812e+00 -8.237997889518737793e-01 -1.151326904296875000e+02 3.247278556227684021e-02 3.818556964397430420e-01
2.456764936447143555e+00 -8.307710886001586914e-01 -1.161357879638671875e+02 3.275632113218307495e-02 3.851543962955474854e-01
2.540037155151367188e+00 -8.379301428794860840e-01 -1.171398391723632812e+02 3.304011002182960510e-02 3.884564042091369629e-01
2.626132011413574219e+00 -8.452581167221069336e-01 -1.181447525024414062e+02 3.332412987947463989e-02 3.917613327503204346e-01
2.715145111083984375e+00 -8.525512814521789551e-01 -1.191503753662109375e+02 3.360832482576370239e-02 3.950686752796173096e-01
2.807175159454345703e+00 -8.596323132514953613e-01 -1.201567230224609375e+02 3.389268741011619568e-02 3.983781635761260986e-01
2.902324676513671875e+00 -8.666375279426574707e-01 -1.211639328002929688e+02 3.417726606130599976e-02 4.016905725002288818e-01
3.000699520111083984e+00 -8.738158345222473145e-01 -1.221720428466796875e+02 3.446209430694580078e-02 4.050061106681823730e-01
3.102408409118652344e+00 -8.811768293380737305e-01 -1.231808471679687500e+02 3.474710881710052490e-02 4.083240330219268799e-01
3.207565069198608398e+00 -8.884823918342590332e-01 -1.241903076171875000e+02 3.503228351473808289e-02 4.116441309452056885e-01
3.316285610198974609e+00 -8.955683708190917969e-01 -1.252003784179687500e+02 3.531760349869728088e-02 4.149661064147949219e-01
3.428691387176513672e+00 -9.026369452476501465e-01 -1.262112579345703125e+02 3.560313209891319275e-02 4.182907044887542725e-01
3.544907331466674805e+00 -9.099239110946655273e-01 -1.272229385375976562e+02 3.588888794183731079e-02 4.216181933879852295e-01
3.665062427520751953e+00 -9.173209667205810547e-01 -1.282351837158203125e+02 3.617479652166366577e-02 4.249475896358489990e-01
3.789290189743041992e+00 -9.245340824127197266e-01 -1.292479705810546875e+02 3.646082431077957153e-02 4.282786548137664795e-01
3.917728424072265625e+00 -9.316031336784362793e-01 -1.302613983154296875e+02 3.674702346324920654e-02 4.316117763519287109e-01
4.050520420074462891e+00 -9.388411045074462891e-01 -1.312756195068359375e+02 3.703342750668525696e-02 4.349476397037506104e-01
4.187813282012939453e+00 -9.462566971778869629e-01 -1.322903900146484375e+02 3.731999546289443970e-02 4.382854402065277100e-01
4.329759597778320312e+00 -9.535341262817382812e-01 -1.333055877685546875e+02 3.760666772723197937e-02 4.416246116161346436e-01
4.476517677307128906e+00 -9.606335163116455078e-01 -1.343214111328125000e+02 3.789349272847175598e-02 4.449656903743743896e-01
4.628249645233154297e+00 -9.678831100463867188e-01 -1.353379058837890625e+02 3.818050399422645569e-02 4.483091533184051514e-01
4.785124301910400391e+00 -9.753051996231079102e-01 -1.363548889160156250e+02 3.846765309572219849e-02 4.516542851924896240e-01
4.947316646575927734e+00 -9.825741648674011230e-01 -1.373722839355468750e+02 3.875490278005599976e-02 4.550006985664367676e-01
5.115006923675537109e+00 -9.897047877311706543e-01 -1.383902587890625000e+02 3.904230147600173950e-02 4.583490490913391113e-01
5.288380622863769531e+00 -9.970281124114990234e-01 -1.394088592529296875e+02 3.932988271117210388e-02 4.616994857788085938e-01
5.467630863189697266e+00 -1.004448413848876953e+00 -1.404278411865234375e+02 3.961756080389022827e-02 4.650512933731079102e-01
5.652956962585449219e+00 -1.011648893356323242e+00 -1.414472351074218750e+02 3.990533575415611267e-02 4.684042334556579590e-01
5.844564437866210938e+00 -1.018852591514587402e+00 -1.424671783447265625e+02 4.019326344132423401e-02 4.717592000961303711e-01
6.042666912078857422e+00 -1.026278972625732422e+00 -1.434876556396484375e+02 4.048134386539459229e-02 4.751159548759460449e-01
6.247483253479003906e+00 -1.033596515655517578e+00 -1.445083770751953125e+02 4.076948016881942749e-02 4.784734845161437988e-01
6.459242343902587891e+00 -1.040769577026367188e+00 -1.455296173095703125e+02 4.105775430798530579e-02 4.818326234817504883e-01
6.678179264068603516e+00 -1.048144459724426270e+00 -1.465513916015625000e+02 4.134618118405342102e-02 4.851936995983123779e-01
6.904536724090576172e+00 -1.055538892745971680e+00 -1.475734100341796875e+02 4.163467139005661011e-02 4.885554909706115723e-01
7.138567447662353516e+00 -1.062729001045227051e+00 -1.485958709716796875e+02 4.192326962947845459e-02 4.919187426567077637e-01
7.380529403686523438e+00 -1.070077061653137207e+00 -1.496188201904296875e+02 4.221200942993164062e-02 4.952836930751800537e-01
7.630693435668945312e+00 -1.077490806579589844e+00 -1.506420593261718750e+02 4.250083118677139282e-02 4.986495673656463623e-01
7.889336585998535156e+00 -1.084695458412170410e+00 -1.516656341552734375e+02 4.278972372412681580e-02 5.020164251327514648e-01
8.156746864318847656e+00 -1.092053771018981934e+00 -1.526896972656250000e+02 4.307876899838447571e-02 5.053851604461669922e-01
8.433219909667968750e+00 -1.099463820457458496e+00 -1.537139739990234375e+02 4.336786642670631409e-02 5.087544918060302734e-01
8.719065666198730469e+00 -1.106678843498229980e+00 -1.547386474609375000e+02 4.365706071257591248e-02 5.121250152587890625e-01
9.014598846435546875e+00 -1.114075660705566406e+00 -1.557637329101562500e+02 4.394637793302536011e-02 5.154970884323120117e-01
9.320150375366210938e+00 -1.121448755264282227e+00 -1.567890014648437500e+02 4.423574358224868774e-02 5.188697576522827148e-01
9.636057853698730469e+00 -1.128688812255859375e+00 -1.578146820068359375e+02 4.452520981431007385e-02 5.222436189651489258e-01
9.962672233581542969e+00 -1.136131286621093750e+00 -1.588406524658203125e+02 4.481476545333862305e-02 5.256187319755554199e-01
1.030035877227783203e+01 -1.143430233001708984e+00 -1.598668670654296875e+02 4.510437697172164917e-02 5.289943814277648926e-01
1.064949035644531250e+01 -1.150755047798156738e+00 -1.608934936523437500e+02 4.539410024881362915e-02 5.323715209960937500e-01
1.101045608520507812e+01 -1.158178806304931641e+00 -1.619203033447265625e+02 4.568387940526008606e-02 5.357492566108703613e-01
1.138365650177001953e+01 -1.165434241294860840e+00 -1.629474182128906250e+02 4.597372561693191528e-02 5.391279458999633789e-01
1.176950645446777344e+01 -1.172867059707641602e+00 -1.639748535156250000e+02 4.626367986202239990e-02 5.425078272819519043e-01
1.216843605041503906e+01 -1.180177807807922363e+00 -1.650024566650390625e+02 4.655366018414497375e-02 5.458881258964538574e-01
1.258088588714599609e+01 -1.187539458274841309e+00 -1.660304260253906250e+02 4.684374481439590454e-02 5.492697358131408691e-01
1.300731754302978516e+01 -1.194935083389282227e+00 -1.670585632324218750e+02 4.713387787342071533e-02 5.526518821716308594e-01
1.344820213317871094e+01 -1.202232480049133301e+00 -1.680870361328125000e+02 4.742408543825149536e-02 5.560351014137268066e-01
1.390402984619140625e+01 -1.209671378135681152e+00 -1.691156463623046875e+02 4.771433770656585693e-02 5.594188570976257324e-01
1.437530803680419922e+01 -1.216957569122314453e+00 -1.701445159912109375e+02 4.800465703010559082e-02 5.628033876419067383e-01
1.486256122589111328e+01 -1.224399328231811523e+00 -1.711736450195312500e+02 4.829504713416099548e-02 5.661888718605041504e-01
1.536632919311523438e+01 -1.231699347496032715e+00 -1.722029571533203125e+02 4.858547449111938477e-02 5.695747733116149902e-01
1.588717269897460938e+01 -1.239127755165100098e+00 -1.732325286865234375e+02 4.887598380446434021e-02 5.729616880416870117e-01
1.642567062377929688e+01 -1.246444225311279297e+00 -1.742622528076171875e+02 4.916651174426078796e-02 5.763490796089172363e-01
1.698241996765136719e+01 -1.253868818283081055e+00 -1.752922515869140625e+02 4.945712164044380188e-02 5.797374248504638672e-01
1.755804252624511719e+01 -1.261193633079528809e+00 -1.763223876953125000e+02 4.974776133894920349e-02 5.831261873245239258e-01
1.815317344665527344e+01 -1.268616914749145508e+00 -1.773527679443359375e+02 5.003846436738967896e-02 5.865158438682556152e-01
1.876847648620605469e+01 -1.275944232940673828e+00 -1.783832550048828125e+02 5.032918229699134827e-02 5.899057388305664062e-01
1.940463638305664062e+01 -1.283372879028320312e+00 -1.794140014648437500e+02 5.061997473239898682e-02 5.932964682579040527e-01
2.006235885620117188e+01 -1.290699005126953125e+00 -1.804448699951171875e+02 5.091078951954841614e-02 5.966876745223999023e-01
2.074237442016601562e+01 -1.298131108283996582e+00 -1.814759368896484375e+02 5.120165646076202393e-02 6.000795960426330566e-01
2.144544029235839844e+01 -1.305466294288635254e+00 -1.825072326660156250e+02 5.149256810545921326e-02 6.034721136093139648e-01
2.217233657836914062e+01 -1.312882661819458008e+00 -1.835386047363281250e+02 5.178349465131759644e-02 6.068650484085083008e-01
2.292386817932128906e+01 -1.320249438285827637e+00 -1.845701751708984375e+02 5.207446590065956116e-02 6.102585196495056152e-01
2.370087814331054688e+01 -1.327628612518310547e+00 -1.856018981933593750e+02 5.236547067761421204e-02 6.136525869369506836e-01
2.450422096252441406e+01 -1.335039615631103516e+00 -1.866337890625000000e+02 5.265651270747184753e-02 6.170471310615539551e-01
2.533479309082031250e+01 -1.342387437820434570e+00 -1.876657867431640625e+02 5.294757336378097534e-02 6.204420924186706543e-01
2.619352149963378906e+01 -1.349809765815734863e+00 -1.886979827880859375e+02 5.323866754770278931e-02 6.238376498222351074e-01
2.708135223388671875e+01 -1.357181787490844727e+00 -1.897303009033203125e+02 5.352977663278579712e-02 6.272336840629577637e-01
2.799927711486816406e+01 -1.364558339118957520e+00 -1.907627105712890625e+02 5.382090434432029724e-02 6.306298971176147461e-01
2.894831657409667969e+01 -1.371977567672729492e+00 -1.917952880859375000e+02 5.411206185817718506e-02 6.340268254280090332e-01
2.992952346801757812e+01 -1.379342913627624512e+00 -1.928280181884765625e+02 5.440324172377586365e-02 6.374241709709167480e-01
3.094398880004882812e+01 -1.386732101440429688e+00 -1.938608551025390625e+02 5.469442531466484070e-02 6.408218145370483398e-01
3.199283790588378906e+01 -1.394146800041198730e+00 -1.948937835693359375e+02 5.498562753200531006e-02 6.442198753356933594e-01
3.307723999023437500e+01 -1.401519775390625000e+00 -1.959268951416015625e+02 5.527684092521667480e-02 6.476185917854309082e-01
3.419839477539062500e+01 -1.408903121948242188e+00 -1.969600372314453125e+02 5.556804686784744263e-02 6.510172486305236816e-01
3.535755538940429688e+01 -1.416316986083984375e+00 -1.979933624267578125e+02 5.585928261280059814e-02 6.544166207313537598e-01
3.655599975585937500e+01 -1.423707842826843262e+00 -1.990267486572265625e+02 5.615049600601196289e-02 6.578161120414733887e-01
3.779507446289062500e+01 -1.431083440780639648e+00 -2.000603332519531250e+02 5.644173920154571533e-02 6.612163186073303223e-01
3.907614135742187500e+01 -1.438480257987976074e+00 -2.010939178466796875e+02 5.673295259475708008e-02 6.646165251731872559e-01
4.040063095092773438e+01 -1.445888519287109375e+00 -2.021276397705078125e+02 5.702416598796844482e-02 6.680171489715576172e-01
4.177001571655273438e+01 -1.453281521797180176e+00 -2.031614990234375000e+02 5.731538310647010803e-02 6.714181900024414062e-01
4.318581390380859375e+01 -1.460662841796875000e+00 -2.041954040527343750e+02 5.760656297206878662e-02 6.748195290565490723e-01
4.464960098266601562e+01 -1.468051314353942871e+00 -2.052294006347656250e+02 5.789773911237716675e-02 6.782211065292358398e-01
4.616300582885742188e+01 -1.475451588630676270e+00 -2.062635345458984375e+02 5.818889290094375610e-02 6.816230416297912598e-01
4.772770690917968750e+01 -1.482853412628173828e+00 -2.072977142333984375e+02 5.848002061247825623e-02 6.850252151489257812e-01
4.934544372558593750e+01 -1.490248918533325195e+00 -2.083320007324218750e+02 5.877111852169036865e-02 6.884278059005737305e-01
5.101800918579101562e+01 -1.497637391090393066e+00 -2.093663177490234375e+02 5.906217545270919800e-02 6.918304562568664551e-01
5.274726867675781250e+01 -1.505024075508117676e+00 -2.104007873535156250e+02 5.935320258140563965e-02 6.952334642410278320e-01
5.453514480590820312e+01 -1.512412071228027344e+00 -2.114353332519531250e+02 5.964418128132820129e-02 6.986367702484130859e-01
5.638362121582031250e+01 -1.519802212715148926e+00 -2.124699249267578125e+02 5.993511900305747986e-02 7.020403742790222168e-01
5.829475021362304688e+01 -1.527193665504455566e+00 -2.135045776367187500e+02 6.022598966956138611e-02 7.054441571235656738e-01
6.027065658569335938e+01 -1.534584999084472656e+00 -2.145393524169921875e+02 6.051679700613021851e-02 7.088481783866882324e-01
6.231353759765625000e+01 -1.541975378990173340e+00 -2.155741577148437500e+02 6.080754101276397705e-02 7.122524976730346680e-01
6.442565917968750000e+01 -1.549364209175109863e+00 -2.166090393066406250e+02 6.109820306301116943e-02 7.156569361686706543e-01
6.660937500000000000e+01 -1.556752920150756836e+00 -2.176439819335937500e+02 6.138878688216209412e-02 7.190616726875305176e-01
6.886711120605468750e+01 -1.564138531684875488e+00 -2.186790313720703125e+02 6.167928874492645264e-02 7.224667668342590332e-01
7.120137023925781250e+01 -1.571521878242492676e+00 -2.197141418457031250e+02 6.196968629956245422e-02 7.258719205856323242e-01
7.361474609375000000e+01 -1.578903079032897949e+00 -2.207492523193359375e+02 6.225996464490890503e-02 7.292771935462951660e-01
7.610992431640625000e+01 -1.586282610893249512e+00 -2.217844696044921875e+02 6.255012750625610352e-02 7.326828241348266602e-01
7.868968200683593750e+01 -1.593660354614257812e+00 -2.228197631835937500e+02 6.284017860889434814e-02 7.360885739326477051e-01
8.135688018798828125e+01 -1.601036787033081055e+00 -2.238551025390625000e+02 6.313008069992065430e-02 7.394945621490478516e-01
8.411447906494140625e+01 -1.608412265777587891e+00 -2.248904724121093750e+02 6.341981887817382812e-02 7.429006695747375488e-01
8.696555328369140625e+01 -1.615785479545593262e+00 -2.259259338378906250e+02 6.370940804481506348e-02 7.463071346282958984e-01
8.991325378417968750e+01 -1.623157024383544922e+00 -2.269613647460937500e+02 6.399878859519958496e-02 7.497134208679199219e-01
9.296087646484375000e+01 -1.630524277687072754e+00 -2.279969177246093750e+02 6.428801268339157104e-02 7.531201243400573730e-01
9.611179351806640625e+01 -1.637884974479675293e+00 -2.290324859619140625e+02 6.457700580358505249e-02 7.565268874168395996e-01
9.936951446533203125e+01 -1.645241737365722656e+00 -2.300681457519531250e+02 6.486579030752182007e-02 7.599339485168457031e-01
1.027376556396484375e+02 -1.652597904205322266e+00 -2.311038208007812500e+02 6.515432894229888916e-02 7.633411288261413574e-01
1.062199630737304688e+02 -1.659952521324157715e+00 -2.321395568847656250e+02 6.544259935617446899e-02 7.667483687400817871e-01
1.098202972412109375e+02 -1.667299628257751465e+00 -2.331753234863281250e+02 6.573058664798736572e-02 7.701557278633117676e-01
1.135426788330078125e+02 -1.674639344215393066e+00 -2.342111511230468750e+02 6.601828336715698242e-02 7.735633850097656250e-01
1.173912124633789062e+02 -1.681976914405822754e+00 -2.352469940185546875e+02 6.630562990903854370e-02 7.769709825515747070e-01
1.213702011108398438e+02 -1.689310550689697266e+00 -2.362828826904296875e+02 6.659264117479324341e-02 7.803788781166076660e-01
1.254840545654296875e+02 -1.696633458137512207e+00 -2.373188323974609375e+02 6.687926501035690308e-02 7.837868332862854004e-01
1.297373504638671875e+02 -1.703953266143798828e+00 -2.383547973632812500e+02 6.716548651456832886e-02 7.871949076652526855e-01
1.341348266601562500e+02 -1.711267113685607910e+00 -2.393908538818359375e+02 6.745128333568572998e-02 7.906032800674438477e-01
1.386813354492187500e+02 -1.718569397926330566e+00 -2.404269104003906250e+02 6.773658096790313721e-02 7.940117120742797852e-01
1.433819427490234375e+02 -1.725867867469787598e+00 -2.414629211425781250e+02 6.802136451005935669e-02 7.974197864532470703e-01
1.482418975830078125e+02 -1.733153700828552246e+00 -2.424990692138671875e+02 6.830563396215438843e-02 8.008285760879516602e-01
1.532665710449218750e+02 -1.740434169769287109e+00 -2.435352325439453125e+02 6.858929991722106934e-02 8.042371869087219238e-01
1.584615631103515625e+02 -1.747700929641723633e+00 -2.445714111328125000e+02 6.887234747409820557e-02 8.076460361480712891e-01
1.638326416015625000e+02 -1.754960298538208008e+00 -2.456076354980468750e+02 6.915470957756042480e-02 8.110549449920654297e-01
1.693857574462890625e+02 -1.762204527854919434e+00 -2.466438751220703125e+02 6.943634152412414551e-02 8.144639134407043457e-01
1.751271057128906250e+02 -1.769439101219177246e+00 -2.476801452636718750e+02 6.971720606088638306e-02 8.178730010986328125e-01
1.810630645751953125e+02 -1.776658773422241211e+00 -2.487164611816406250e+02 6.999722868204116821e-02 8.212821483612060547e-01
1.872002258300781250e+02 -1.783864378929138184e+00 -2.497528228759765625e+02 7.027635723352432251e-02 8.246915936470031738e-01
1.935453948974609375e+02 -1.791055321693420410e+00 -2.507891693115234375e+02 7.055450975894927979e-02 8.281009793281555176e-01
2.001056365966796875e+02 -1.798228502273559570e+00 -2.518255462646484375e+02 7.083162665367126465e-02 8.315103650093078613e-01
2.068882293701171875e+02 -1.805383324623107910e+00 -2.528619537353515625e+02 7.110764086246490479e-02 8.349198102951049805e-01
2.139007263183593750e+02 -1.812520146369934082e+00 -2.538983917236328125e+02 7.138244807720184326e-02 8.383293747901916504e-01
2.211509246826171875e+02 -1.819636702537536621e+00 -2.549348602294921875e+02 7.165599614381790161e-02 8.417391777038574219e-01
2.286468658447265625e+02 -1.826730728149414062e+00 -2.559713897705078125e+02 7.192817330360412598e-02 8.451489806175231934e-01
2.363968658447265625e+02 -1.833800315856933594e+00 -2.570078430175781250e+02 7.219885289669036865e-02 8.485587835311889648e-01
2.444095611572265625e+02 -1.840844869613647461e+00 -2.580444030761718750e+02 7.246796786785125732e-02 8.519686460494995117e-01
2.526938629150390625e+02 -1.847862243652343750e+00 -2.590809631347656250e+02 7.273539155721664429e-02 8.553787469863891602e-01
2.612589416503906250e+02 -1.854850530624389648e+00 -2.601175231933593750e+02 7.300098240375518799e-02 8.587887287139892578e-01
2.701143493652343750e+02 -1.861807465553283691e+00 -2.611541442871093750e+02 7.326465845108032227e-02 8.621990084648132324e-01
2.792699279785156250e+02 -1.868730783462524414e+00 -2.621907958984375000e+02 7.352623343467712402e-02 8.656092882156372070e-01
2.887357788085937500e+02 -1.875617384910583496e+00 -2.632273864746093750e+02 7.378553599119186401e-02 8.690193295478820801e-01
2.985225219726562500e+02 -1.882465720176696777e+00 -2.642640686035156250e+02 7.404246181249618530e-02 8.724297881126403809e-01
3.086409912109375000e+02 -1.889272689819335938e+00 -2.653007202148437500e+02 7.429682463407516479e-02 8.758400678634643555e-01
3.191023864746093750e+02 -1.896034717559814453e+00 -2.663374023437500000e+02 7.454841583967208862e-02 8.792505264282226562e-01
3.299183959960937500e+02 -1.902749180793762207e+00 -2.673740844726562500e+02 7.479704171419143677e-02 8.826609849929809570e-01
3.411010437011718750e+02 -1.909412741661071777e+00 -2.684108581542968750e+02 7.504253089427947998e-02 8.860715627670288086e-01
3.526626892089843750e+02 -1.916020870208740234e+00 -2.694475708007812500e+02 7.528459280729293823e-02 8.894820809364318848e-01
3.646162414550781250e+02 -1.922570705413818359e+00 -2.704843750000000000e+02 7.552303373813629150e-02 8.928927779197692871e-01
3.769749450683593750e+02 -1.929057359695434570e+00 -2.715211181640625000e+02 7.575757801532745361e-02 8.963034749031066895e-01
3.897525329589843750e+02 -1.935475945472717285e+00 -2.725578918457031250e+02 7.598794251680374146e-02 8.997140526771545410e-01
4.029632568359375000e+02 -1.941823124885559082e+00 -2.735947265625000000e+02 7.621385157108306885e-02 9.031249880790710449e-01
4.166217346191406250e+02 -1.948092103004455566e+00 -2.746315612792968750e+02 7.643494755029678345e-02 9.065358042716979980e-01
4.307431640625000000e+02 -1.954278230667114258e+00 -2.756683349609375000e+02 7.665093988180160522e-02 9.099465608596801758e-01
4.453432922363281250e+02 -1.960375785827636719e+00 -2.767052307128906250e+02 7.686145603656768799e-02 9.133576154708862305e-01
4.604382324218750000e+02 -1.966377735137939453e+00 -2.777420349121093750e+02 7.706607133150100708e-02 9.167684316635131836e-01
4.760448303222656250e+02 -1.972277998924255371e+00 -2.787789306640625000e+02 7.726440578699111938e-02 9.201794266700744629e-01
4.921804504394531250e+02 -1.978068828582763672e+00 -2.798158264160156250e+02 7.745603471994400024e-02 9.235904812812805176e-01
5.088629150390625000e+02 -1.983742713928222656e+00 -2.808526916503906250e+02 7.764043658971786499e-02 9.270012974739074707e-01
5.261109008789062500e+02 -1.989291906356811523e+00 -2.818895874023437500e+02 7.781716436147689819e-02 9.304124712944030762e-01
5.439434814453125000e+02 -1.994706511497497559e+00 -2.829264831542968750e+02 7.798564434051513672e-02 9.338234663009643555e-01
5.623804931640625000e+02 -1.999978542327880859e+00 -2.839634094238281250e+02 7.814533263444900513e-02 9.372345805168151855e-01
5.814425048828125000e+02 -2.005097389221191406e+00 -2.850003967285156250e+02 7.829562574625015259e-02 9.406459927558898926e-01
6.011505126953125000e+02 -2.010051727294921875e+00 -2.860372924804687500e+02 7.843583077192306519e-02 9.440569281578063965e-01
6.215266113281250000e+02 -2.014831304550170898e+00 -2.870743103027343750e+02 7.856532931327819824e-02 9.474682807922363281e-01
6.425933227539062500e+02 -2.019423246383666992e+00 -2.881112365722656250e+02 7.868332415819168091e-02 9.508794546127319336e-01
6.643740844726562500e+02 -2.023814678192138672e+00 -2.891482238769531250e+02 7.878907769918441772e-02 9.542906880378723145e-01
6.868931274414062500e+02 -2.027992486953735352e+00 -2.901852111816406250e+02 7.888174802064895630e-02 9.577019810676574707e-01
7.101754150390625000e+02 -2.031940937042236328e+00 -2.912221679687500000e+02 7.896045595407485962e-02 9.611130952835083008e-01
7.342469482421875000e+02 -2.035646438598632812e+00 -2.922592468261718750e+02 7.902429252862930298e-02 9.645243883132934570e-01
7.591342773437500000e+02 -2.039090156555175781e+00 -2.932962036132812500e+02 7.907222956418991089e-02 9.679356813430786133e-01
7.848652954101562500e+02 -2.042256116867065430e+00 -2.943332824707031250e+02 7.910326868295669556e-02 9.713471531867980957e-01
8.114683227539062500e+02 -2.045124292373657227e+00 -2.953702087402343750e+02 7.911624759435653687e-02 9.747582674026489258e-01
8.389731445312500000e+02 -2.047676324844360352e+00 -2.964072875976562500e+02 7.911004126071929932e-02 9.781695604324340820e-01
8.674102172851562500e+02 -2.049890518188476562e+00 -2.974443359375000000e+02 7.908340543508529663e-02 9.815808534622192383e-01
8.968111572265625000e+02 -2.051744937896728516e+00 -2.984813232421875000e+02 7.903500646352767944e-02 9.849920272827148438e-01
9.272087402343750000e+02 -2.053215503692626953e+00 -2.995184631347656250e+02 7.896353304386138916e-02 9.884034991264343262e-01
9.586365356445312500e+02 -2.054277896881103516e+00 -3.005554809570312500e+02 7.886747270822525024e-02 9.918146729469299316e-01
9.911296386718750000e+02 -2.054905891418457031e+00 -3.015924987792968750e+02 7.874534279108047485e-02 9.952260255813598633e-01
1.024724121093750000e+03 -2.055072307586669922e+00 -3.026296081542968750e+02 7.859554886817932129e-02 9.986373186111450195e-01
1.059457275390625000e+03 -2.054746866226196289e+00 -3.036667175292968750e+02 7.841642946004867554e-02 1.002048611640930176e+00
1.095367675781250000e+03 -2.053899288177490234e+00 -3.047037963867187500e+02 7.820621132850646973e-02 1.005459785461425781e+00
1.132495239257812500e+03 -2.052497386932373047e+00 -3.057408447265625000e+02 7.796310633420944214e-02 1.008870959281921387e+00
1.170881347656250000e+03 -2.050507783889770508e+00 -3.067779541015625000e+02 7.768522202968597412e-02 1.012282252311706543e+00
1.210568481445312500e+03 -2.047894954681396484e+00 -3.078150329589843750e+02 7.737059146165847778e-02 1.015693426132202148e+00
1.251600952148437500e+03 -2.044622421264648438e+00 -3.088522033691406250e+02 7.701721787452697754e-02 1.019104838371276855e+00
1.294024047851562500e+03 -2.040649890899658203e+00 -3.098892517089843750e+02 7.662295550107955933e-02 1.022515773773193359e+00
1.337885131835937500e+03 -2.035939455032348633e+00 -3.109263610839843750e+02 7.618568092584609985e-02 1.025926947593688965e+00
1.383232910156250000e+03 -2.030447721481323242e+00 -3.119634704589843750e+02 7.570319622755050659e-02 1.029337882995605469e+00
1.430117675781250000e+03 -2.024133205413818359e+00 -3.130005798339843750e+02 7.517325878143310547e-02 1.032748937606811523e+00
1.478591796875000000e+03 -2.016951322555541992e+00 -3.140377197265625000e+02 7.459359616041183472e-02 1.036160111427307129e+00
1.528708862304687500e+03 -2.008855581283569336e+00 -3.150748901367187500e+02 7.396190613508224487e-02 1.039570927619934082e+00
1.580524658203125000e+03 -1.999799609184265137e+00 -3.161119995117187500e+02 7.327590137720108032e-02 1.042981863021850586e+00
1.634096557617187500e+03 -1.989735126495361328e+00 -3.171490783691406250e+02 7.253327220678329468e-02 1.046392440795898438e+00
1.689484497070312500e+03 -1.978614807128906250e+00 -3.181861877441406250e+02 7.173181325197219849e-02 1.049803376197814941e+00
1.746749755859375000e+03 -1.966389775276184082e+00 -3.192233276367187500e+02 7.086930423974990845e-02 1.053214073181152344e+00
1.805956054687500000e+03 -1.953010916709899902e+00 -3.202604980468750000e+02 6.994362920522689819e-02 1.056624531745910645e+00
1.867169067382812500e+03 -1.938428401947021484e+00 -3.212975769042968750e+02 6.895282119512557983e-02 1.060035109519958496e+00
1.930457031250000000e+03 -1.922595024108886719e+00 -3.223347167968750000e+02 6.789503246545791626e-02 1.063445687294006348e+00
1.995890014648437500e+03 -1.905463576316833496e+00 -3.233718566894531250e+02 6.676856428384780884e-02 1.066855907440185547e+00
2.063541015625000000e+03 -1.886988162994384766e+00 -3.244090270996093750e+02 6.557203084230422974e-02 1.070266246795654297e+00
2.133484863281250000e+03 -1.867125034332275391e+00 -3.254461059570312500e+02 6.430419534444808960e-02 1.073676347732543945e+00
2.205799804687500000e+03 -1.845834732055664062e+00 -3.264833679199218750e+02 6.296426802873611450e-02 1.077086806297302246e+00
2.280565429687500000e+03 -1.823078036308288574e+00 -3.275203857421875000e+02 6.155169755220413208e-02 1.080496549606323242e+00
2.357865478515625000e+03 -1.798823118209838867e+00 -3.285575561523437500e+02 6.006646901369094849e-02 1.083906412124633789e+00
2.437785644531250000e+03 -1.773042082786560059e+00 -3.295946960449218750e+02 5.850895866751670837e-02 1.087316274642944336e+00
2.520414550781250000e+03 -1.745713472366333008e+00 -3.306318359375000000e+02 5.688006430864334106e-02 1.090725898742675781e+00
2.605844482421875000e+03 -1.716821789741516113e+00 -3.316690063476562500e+02 5.518135055899620056e-02 1.094135642051696777e+00
2.694169921875000000e+03 -1.686359882354736328e+00 -3.327061462402343750e+02 5.341494828462600708e-02 1.097544908523559570e+00
2.785489013671875000e+03 -1.654328823089599609e+00 -3.337432250976562500e+02 5.158371478319168091e-02 1.100954055786132812e+00
2.879903320312500000e+03 -1.620741248130798340e+00 -3.347803344726562500e+02 4.969121888279914856e-02 1.104363083839416504e+00
2.977518066406250000e+03 -1.585619807243347168e+00 -3.358175354003906250e+02 4.774182289838790894e-02 1.107772231101989746e+00
3.078441406250000000e+03 -1.548997521400451660e+00 -3.368546142578125000e+02 4.574076086282730103e-02 1.111181020736694336e+00
3.182785644531250000e+03 -1.510922312736511230e+00 -3.378917846679687500e+02 4.369399696588516235e-02 1.114589929580688477e+00
3.290666503906250000e+03 -1.471454381942749023e+00 -3.389289245605468750e+02 4.160837829113006592e-02 1.117998600006103516e+00
3.402203857421875000e+03 -1.430667281150817871e+00 -3.399659729003906250e+02 3.949163109064102173e-02 1.121406912803649902e+00
3.517521972656250000e+03 -1.388650655746459961e+00 -3.410031127929687500e+02 3.735222294926643372e-02 1.124815344810485840e+00
3.636748779296875000e+03 -1.345507502555847168e+00 -3.420402832031250000e+02 3.519941121339797974e-02 1.128223538398742676e+00
3.760016601562500000e+03 -1.301356196403503418e+00 -3.430773315429687500e+02 3.304311260581016541e-02 1.131631612777709961e+00
3.887463134765625000e+03 -1.256329774856567383e+00 -3.441145019531250000e+02 3.089381568133831024e-02 1.135039687156677246e+00
4.019229003906250000e+03 -1.210573434829711914e+00 -3.451516113281250000e+02 2.876246906816959381e-02 1.138447403907775879e+00
4.155461425781250000e+03 -1.164246916770935059e+00 -3.461887207031250000e+02 2.666028961539268494e-02 1.141855239868164062e+00
4.296311035156250000e+03 -1.117519617080688477e+00 -3.472257385253906250e+02 2.459865063428878784e-02 1.145262598991394043e+00
4.441935058593750000e+03 -1.070571303367614746e+00 -3.482629089355468750e+02 2.258880808949470520e-02 1.148670196533203125e+00
4.592494628906250000e+03 -1.023587942123413086e+00 -3.492998962402343750e+02 2.064173482358455658e-02 1.152077436447143555e+00
4.748158203125000000e+03 -9.767614006996154785e-01 -3.503370666503906250e+02 1.876787468791007996e-02 1.155484914779663086e+00
4.909097656250000000e+03 -9.302835464477539062e-01 -3.513741760253906250e+02 1.697689108550548553e-02 1.158892154693603516e+00
5.075491699218750000e+03 -8.843459486961364746e-01 -3.524112243652343750e+02 1.527748908847570419e-02 1.162299156188964844e+00
5.247526367187500000e+03 -8.391351103782653809e-01 -3.534483337402343750e+02 1.367715001106262207e-02 1.165706396102905273e+00
5.425391601562500000e+03 -7.948294878005981445e-01 -3.544853820800781250e+02 1.218198332935571671e-02 1.169113516807556152e+00
5.609285644531250000e+03 -7.515963912010192871e-01 -3.555224304199218750e+02 1.079655531793832779e-02 1.172520399093627930e+00
5.799413085937500000e+03 -7.095888853073120117e-01 -3.565594787597656250e+02 9.523801505565643311e-03 1.175927519798278809e+00
5.995985351562500000e+03 -6.689430475234985352e-01 -3.575966186523437500e+02 8.364948444068431854e-03 1.179334759712219238e+00
6.199219726562500000e+03 -6.297757029533386230e-01 -3.586336059570312500e+02 7.319523487240076065e-03 1.182741641998291016e+00
6.409343261718750000e+03 -5.921832919120788574e-01 -3.596707458496093750e+02 6.385426502674818039e-03 1.186149001121520996e+00
6.626588378906250000e+03 -5.562401413917541504e-01 -3.607077331542968750e+02 5.559017416089773178e-03 1.189555883407592773e+00
6.851197265625000000e+03 -5.219990015029907227e-01 -3.617448425292968750e+02 4.835290834307670593e-03 1.192963123321533203e+00
7.083419433593750000e+03 -4.894908070564270020e-01 -3.627818908691406250e+02 4.208051133900880814e-03 1.196370363235473633e+00
7.323512695312500000e+03 -4.587255716323852539e-01 -3.638189392089843750e+02 3.670160891488194466e-03 1.199777722358703613e+00
7.571744140625000000e+03 -4.296942055225372314e-01 -3.648559875488281250e+02 3.213756252080202103e-03 1.203185081481933594e+00
7.828389160156250000e+03 -4.023703336715698242e-01 -3.658930358886718750e+02 2.830494195222854614e-03 1.206592559814453125e+00
8.093733398437500000e+03 -3.767123520374298096e-01 -3.669301452636718750e+02 2.511777449399232864e-03 1.210000276565551758e+00
8.368071289062500000e+03 -3.526656925678253174e-01 -3.679671630859375000e+02 2.248973120003938675e-03 1.213407874107360840e+00
8.651708007812500000e+03 -3.301654160022735596e-01 -3.690042114257812500e+02 2.033623633906245232e-03 1.216815471649169922e+00
8.944958984375000000e+03 -3.091382682323455811e-01 -3.700412902832031250e+02 1.857625320553779602e-03 1.220223546028137207e+00
9.248149414062500000e+03 -2.895049452781677246e-01 -3.710783691406250000e+02 1.713398611173033714e-03 1.223631620407104492e+00
9.561616210937500000e+03 -2.711825370788574219e-01 -3.721154174804687500e+02 1.594041124917566776e-03 1.227039694786071777e+00
9.885708007812500000e+03 -2.540862262248992920e-01 -3.731524047851562500e+02 1.493458286859095097e-03 1.230447769165039062e+00
1.022078515625000000e+04 -2.381313443183898926e-01 -3.741895141601562500e+02 1.406466588377952576e-03 1.233856081962585449e+00
1.056721972656250000e+04 -2.232351154088973999e-01 -3.752265319824218750e+02 1.328859361819922924e-03 1.237264513969421387e+00
1.092539746093750000e+04 -2.093181908130645752e-01 -3.762636718750000000e+02 1.257422845810651779e-03 1.240673303604125977e+00
1.129571484375000000e+04 -1.963058114051818848e-01 -3.773007202148437500e+02 1.189898815937340260e-03 1.244081974029541016e+00
1.167858398437500000e+04 -1.841290295124053955e-01 -3.783377990722656250e+02 1.124888192862272263e-03 1.247490644454956055e+00
1.207443164062500000e+04 -1.727250069379806519e-01 -3.793749389648437500e+02 1.061704242601990700e-03 1.250899791717529297e+00
