# Power spectra at z = 1000 [Mpc^3] from CAMB transfer functions.
# k[1/Mpc]  P_b  P_cdm  P_m
7.012464720901334658e-06 1.156412545242346823e-04 1.156412909040227532e-04 1.156412909040227532e-04
7.742809430055785924e-06 1.272432418772950768e-04 1.272432709811255336e-04 1.272432709811255336e-04
8.549220183340366930e-06 1.400092733092606068e-04 1.400093024130910635e-04 1.400093024130910635e-04
9.439617315365467221e-06 1.540560188004747033e-04 1.540560333523899317e-04 1.540560333523899317e-04
1.042274925566744059e-05 1.695120008662343025e-04 1.695120736258104444e-04 1.695120736258104444e-04
1.150827483797911555e-05 1.865187368821352720e-04 1.865188096417114139e-04 1.865188096417114139e-04
1.270685606868937612e-05 2.052315976470708847e-04 2.052317286143079400e-04 2.052316849585622549e-04
1.403026908519677818e-05 2.258219174109399319e-04 2.258220774820074439e-04 2.258220774820074439e-04
1.549151602375786752e-05 2.484779688529670238e-04 2.484781725797802210e-04 2.484781143721193075e-04
1.710495052975602448e-05 2.734070585574954748e-04 2.734073495958000422e-04 2.734072913881391287e-04
1.888642145786434412e-05 3.008371568284928799e-04 3.008375642821192741e-04 3.008375351782888174e-04
2.085343476210255176e-05 3.310192842036485672e-04 3.310198080725967884e-04 3.310197498649358749e-04
2.302531174791511148e-05 3.642293449956923723e-04 3.642300725914537907e-04 3.642299270723015070e-04
2.542338734201621264e-05 4.007713578175753355e-04 4.007722600363194942e-04 4.007720854133367538e-04
2.807122109516058117e-05 4.409792600199580193e-04 4.409805696923285723e-04 4.409803950693458319e-04
3.099482273682951927e-05 4.852212732657790184e-04 4.852230194956064224e-04 4.852227866649627686e-04
3.422292502364143729e-05 5.339016206562519073e-04 5.339039489626884460e-04 5.339035997167229652e-04
3.778722384595312178e-05 5.874658236280083656e-04 5.874688504263758659e-04 5.874683847650885582e-04
4.172274930169805884e-05 6.464036414399743080e-04 6.464080070145428181e-04 6.464071921072900295e-04
4.606815127772279084e-05 7.112544262781739235e-04 7.112600142136216164e-04 7.112590828910470009e-04
5.086613236926496029e-05 7.826109067536890507e-04 7.826184155419468880e-04 7.826171349734067917e-04
5.616381167783401906e-05 8.611256489530205727e-04 8.611356606706976891e-04 8.611339144408702850e-04
6.201324868015944958e-05 9.475169936195015907e-04 9.475303231738507748e-04 9.475282859057188034e-04
6.847190525149926543e-05 1.042574644088745117e-03 1.042592572048306465e-03 1.042589778080582619e-03
7.560322410427033901e-05 1.147167291492223740e-03 1.147191505879163742e-03 1.147187547758221626e-03
8.347725815838202834e-05 1.262251753360033035e-03 1.262284116819500923e-03 1.262278878130018711e-03
9.217137267114594579e-05 1.388879609294235706e-03 1.388922682963311672e-03 1.388915814459323883e-03
1.017709873849526048e-04 1.528208376839756966e-03 1.528266468085348606e-03 1.528257271274924278e-03
1.123703914345242083e-04 1.681510708294808865e-03 1.681588357314467430e-03 1.681575900875031948e-03
1.240737183252349496e-04 1.850186497904360294e-03 1.850291038863360882e-03 1.850274275057017803e-03
1.369959354633465409e-04 2.035777317360043526e-03 2.035917481407523155e-03 2.035894664004445076e-03
1.512640010332688689e-04 2.239975845441222191e-03 2.240163506940007210e-03 2.240133006125688553e-03
1.670180790824815631e-04 2.464645542204380035e-03 2.464897232130169868e-03 2.464856253936886787e-03
1.844129437813535333e-04 2.711834153160452843e-03 2.712172456085681915e-03 2.712117973715066910e-03
2.036194637184962630e-04 2.983795013278722763e-03 2.984249033033847809e-03 2.984174527227878571e-03
2.248263481305912137e-04 3.283002879470586777e-03 3.283611498773097992e-03 3.283512312918901443e-03
2.482419076841324568e-04 3.612179541960358620e-03 3.612996311858296394e-03 3.612862667068839073e-03
2.740961790550500154e-04 3.974313847720623016e-03 3.975410014390945435e-03 3.975229803472757339e-03
3.026431659236550331e-04 4.372688475996255875e-03 4.374158103018999100e-03 4.373919218778610229e-03
3.341633419040590525e-04 4.810907877981662750e-03 4.812880419194698334e-03 4.812559112906455994e-03
3.689662844408303499e-04 5.292930640280246735e-03 5.295576062053442001e-03 5.295145325362682343e-03
4.073939344380050898e-04 5.823093000799417496e-03 5.826639942824840546e-03 5.826062057167291641e-03
4.498238558880984783e-04 6.406149826943874359e-03 6.410909816622734070e-03 6.410134024918079376e-03
4.966728156432509422e-04 7.047310005873441696e-03 7.053693756461143494e-03 7.052655331790447235e-03
5.484010325744748116e-04 7.752264849841594696e-03 7.760828360915184021e-03 7.759431842714548111e-03
6.055167759768664837e-04 8.527235127985477448e-03 8.538720197975635529e-03 8.536849170923233032e-03
6.685810512863099575e-04 9.379004128277301788e-03 9.394408203661441803e-03 9.391897358000278473e-03
7.382135372608900070e-04 1.031495165079832077e-02 1.033561211079359055e-02 1.033224165439605713e-02
8.150980575010180473e-04 1.134308800101280212e-02 1.137079112231731415e-02 1.136627141386270523e-02
8.999902056530117989e-04 1.247207913547754288e-02 1.250922773033380508e-02 1.250317227095365524e-02
9.937237482517957687e-04 1.371126249432563782e-02 1.376107707619667053e-02 1.375295314937829971e-02
1.097219646908342838e-03 1.507065258920192719e-02 1.513743400573730469e-02 1.512654125690460205e-02
1.211494556628167629e-03 1.656091026961803436e-02 1.665043458342552185e-02 1.663582772016525269e-02
1.337671186774969101e-03 1.819329336285591125e-02 1.831328310072422028e-02 1.829370297491550446e-02
1.476989127695560455e-03 1.997956819832324982e-02 2.014036290347576141e-02 2.011411637067794800e-02
1.630816725082695484e-03 2.193182334303855896e-02 2.214725315570831299e-02 2.211207523941993713e-02
1.800665515474975109e-03 2.406227029860019684e-02 2.435082010924816132e-02 2.430368214845657349e-02
1.988204196095466614e-03 2.638284489512443542e-02 2.676920965313911438e-02 2.670606039464473724e-02
2.195274690166115761e-03 2.890475280582904816e-02 2.942186407744884491e-02 2.933728322386741638e-02
2.423911588266491890e-03 3.163767978549003601e-02 3.232944756746292114e-02 3.221620991826057434e-02
2.676361007615923882e-03 3.458889946341514587e-02 3.551377356052398682e-02 3.536221757531166077e-02
2.955102594569325447e-03 3.776197880506515503e-02 3.899755701422691345e-02 3.879485279321670532e-02
3.262875368818640709e-03 4.115495458245277405e-02 4.280417785048484802e-02 4.253320768475532532e-02
3.602702170610427856e-03 4.475819319486618042e-02 4.695708304643630981e-02 4.659515246748924255e-02
3.977921791374683380e-03 4.855137690901756287e-02 5.147924274206161499e-02 5.099625512957572937e-02
4.392221104353666306e-03 5.249992758035659790e-02 5.639209970831871033e-02 5.574833601713180542e-02
4.849668592214584351e-03 5.655037984251976013e-02 6.171424686908721924e-02 6.085733324289321899e-02
5.354759283363819122e-03 6.062521040439605713e-02 6.745968759059906006e-02 6.632102280855178833e-02
5.912455264478921890e-03 6.461649388074874878e-02 7.363555580377578735e-02 7.212559133768081665e-02
6.528235040605068207e-03 6.837967783212661743e-02 8.023905754089355469e-02 7.824176549911499023e-02
7.208147086203098297e-03 7.172726839780807495e-02 8.725363761186599731e-02 8.461974561214447021e-02
7.958873175084590912e-03 7.442484050989151001e-02 9.464468806982040405e-02 9.118408709764480591e-02
8.787785656750202179e-03 7.619063556194305420e-02 1.023536548018455505e-01 9.782717376947402954e-02
9.703029878437519073e-03 7.670299708843231201e-02 1.102922782301902771e-01 1.044035851955413818e-01
1.071359589695930481e-02 7.561966031789779663e-02 1.183358803391456604e-01 1.107251048088073730e-01
1.182941254228353500e-02 7.261476665735244751e-02 1.263171434402465820e-01 1.165581867098808289e-01
1.306143961846828461e-02 6.743854284286499023e-02 1.340216249227523804e-01 1.216268017888069153e-01
1.442178245633840561e-02 6.000158563256263733e-02 1.411858946084976196e-01 1.256223320960998535e-01
1.592380553483963013e-02 5.047745257616043091e-02 1.475013047456741333e-01 1.282247304916381836e-01
1.758226193487644196e-02 3.940231725573539734e-02 1.526251584291458130e-01 1.291365325450897217e-01
1.941344700753688812e-02 2.772761508822441101e-02 1.562018841505050659e-01 1.281303167343139648e-01
2.143534831702709198e-02 1.675988361239433289e-02 1.578950285911560059e-01 1.251052767038345337e-01
2.366783097386360168e-02 7.918430492281913757e-03 1.574281454086303711e-01 1.201415136456489563e-01
2.613282389938831329e-02 2.291023265570402145e-03 1.546311080455780029e-01 1.135350316762924194e-01
2.885454706847667694e-02 1.004191872198134661e-04 1.494816690683364868e-01 1.057911217212677002e-01
3.174000233411788940e-02 3.556456067599356174e-04 1.424501240253448486e-01 9.787263721227645874e-02
3.462545573711395264e-02 1.233486342243850231e-03 1.345027238130569458e-01 9.075557440519332886e-02
3.751091286540031433e-02 1.554730930365622044e-03 1.261910349130630493e-01 8.463338762521743774e-02
4.039636626839637756e-02 1.147983479313552380e-03 1.179169714450836182e-01 7.947268337011337280e-02
4.328181967139244080e-02 4.636094672605395317e-04 1.099539771676063538e-01 7.510165870189666748e-02
4.616727307438850403e-02 3.413043668842874467e-05 1.024721339344978333e-01 7.128585875034332275e-02
4.905273020267486572e-02 9.704946569399908185e-05 9.556002914905548096e-02 6.778570264577865601e-02
5.193818733096122742e-02 5.195508128963410854e-04 8.924488723278045654e-02 6.439919769763946533e-02
5.482363700866699219e-02 9.686986450105905533e-04 8.351035416126251221e-02 6.098939105868339539e-02
5.770909413695335388e-02 1.157427323050796986e-03 7.831250131130218506e-02 5.749622732400894165e-02
6.059455126523971558e-02 1.003548037260770798e-03 7.359317690134048462e-02 5.393281206488609314e-02
6.419607996940612793e-02 5.306300008669495583e-04 6.827999651432037354e-02 4.949529841542243958e-02
6.779761612415313721e-02 1.216806704178452492e-04 6.350415945053100586e-02 4.525458067655563354e-02
7.139915227890014648e-02 6.946393114048987627e-07 5.917379260063171387e-02 4.140369966626167297e-02
7.500068843364715576e-02 9.273898467654362321e-05 5.522006005048751831e-02 3.807397559285163879e-02
7.860221713781356812e-02 1.863849465735256672e-04 5.159457027912139893e-02 3.530769050121307373e-02
8.220375329256057739e-02 1.603285636520013213e-04 4.826422780752182007e-02 3.306078910827636719e-02
8.580528199672698975e-02 5.979902198305353522e-05 4.520573467016220093e-02 3.122558258473873138e-02
8.940681070089340210e-02 6.162058525660540909e-07 4.240058362483978271e-02 2.966308593750000000e-02
9.300835430622100830e-02 3.634668973973020911e-05 3.983154520392417908e-02 2.823643758893013000e-02
9.660988301038742065e-02 1.189758986583910882e-04 3.748055547475814819e-02 2.683929167687892914e-02
1.002114191651344299e-01 1.642362331040203571e-04 3.532806783914566040e-02 2.541344054043292999e-02
1.038129478693008423e-01 1.354787527816370130e-04 3.335362672805786133e-02 2.395210042595863342e-02
1.074144914746284485e-01 6.542870687553659081e-05 3.153697773814201355e-02 2.248940616846084595e-02
1.110160201787948608e-01 1.152413278759922832e-05 2.985935658216476440e-02 2.108073048293590546e-02
1.146175488829612732e-01 1.170608356915181503e-06 2.830443345010280609e-02 1.978133246302604675e-02
1.182190850377082825e-01 1.783678817446343601e-05 2.685867622494697571e-02 1.862967014312744141e-02
1.218206211924552917e-01 2.929390029748901725e-05 2.551126293838024139e-02 1.763892173767089844e-02
1.254221498966217041e-01 2.138498712156433612e-05 2.425367943942546844e-02 1.679697446525096893e-02
1.290236860513687134e-01 5.530322141567012295e-06 2.307911217212677002e-02 1.607262343168258667e-02
1.326252222061157227e-01 3.550317444478423567e-07 2.198181860148906708e-02 1.542525552213191986e-02
1.362267583608627319e-01 1.119413900596555322e-05 2.095663733780384064e-02 1.481529977172613144e-02
1.398282945156097412e-01 2.702614438021555543e-05 1.999854482710361481e-02 1.421288028359413147e-02
1.434298157691955566e-01 3.347477831994183362e-05 1.910253427922725677e-02 1.360287237912416458e-02
1.470313519239425659e-01 2.620002305775415152e-05 1.826359517872333527e-02 1.298545114696025848e-02
1.506328880786895752e-01 1.247927411895943806e-05 1.747682690620422363e-02 1.237254310399293900e-02
1.542344242334365845e-01 2.416762981738429517e-06 1.673764549195766449e-02 1.178184617310762405e-02
1.578359454870223999e-01 6.811301744846787187e-08 1.604186743497848511e-02 1.123041380196809769e-02
1.614374816417694092e-01 2.188242433476261795e-06 1.538584195077419281e-02 1.072979904711246490e-02
1.650390177965164185e-01 3.535948962962720543e-06 1.476643513888120651e-02 1.028358004987239838e-02
1.686405539512634277e-01 2.206334556831279770e-06 1.418097876012325287e-02 9.887436404824256897e-03
1.722420901060104370e-01 2.661013525084854336e-07 1.362719479948282242e-02 9.531212970614433289e-03
1.758436113595962524e-01 4.786848535331955645e-07 1.310309767723083496e-02 9.202053770422935486e-03
1.794451624155044556e-01 3.203907681381679140e-06 1.260688435286283493e-02 8.887689560651779175e-03
1.830466836690902710e-01 6.298223979683825746e-06 1.213686913251876831e-02 8.579059503972530365e-03
1.866482198238372803e-01 7.389080110442591831e-06 1.169141475111246109e-02 8.271748200058937073e-03
1.902497559785842896e-01 5.919102477491833270e-06 1.126893050968647003e-02 7.965979166328907013e-03
1.938512772321701050e-01 3.216301593056414276e-06 1.086789462715387344e-02 7.665476296097040176e-03
1.974528282880783081e-01 1.017069052977603860e-06 1.048684492707252502e-02 7.375612389296293259e-03
2.010543644428253174e-01 8.558829733829043107e-08 1.012443657964468002e-02 7.101524621248245239e-03
2.046558856964111328e-01 3.599710041157777596e-08 9.779414162039756775e-03 6.846643984317779541e-03
2.082574218511581421e-01 1.275332408567919629e-07 9.450661949813365936e-03 6.611959077417850494e-03
2.118589431047439575e-01 4.820853050091500336e-08 9.137168526649475098e-03 6.396059412509202957e-03
2.154604941606521606e-01 1.915066860647129943e-08 8.838024921715259552e-03 6.195743568241596222e-03
2.190620303153991699e-01 3.484389026198186912e-07 8.552414365112781525e-03 6.006987765431404114e-03
2.226635515689849854e-01 1.012168581837613601e-06 8.279582485556602478e-03 5.825933534651994705e-03
2.262650877237319946e-01 1.650627382332459092e-06 8.018834516406059265e-03 5.649674683809280396e-03
2.298666387796401978e-01 1.891585384328209329e-06 7.769512943923473358e-03 5.476684775203466415e-03
2.334681600332260132e-01 1.641888843550987076e-06 7.530993781983852386e-03 5.306826904416084290e-03
2.370696961879730225e-01 1.105576529880636372e-06 7.302678655833005905e-03 5.141024012118577957e-03
2.406712174415588379e-01 5.781346885669336189e-07 7.084010634571313858e-03 4.980750381946563721e-03
2.442727535963058472e-01 2.363549072015302954e-07 6.874464452266693115e-03 4.827465862035751343e-03
2.478743046522140503e-01 8.454987465711383265e-08 6.673541851341724396e-03 4.682173952460289001e-03
2.514758110046386719e-01 4.289238475507772819e-08 6.480782758444547653e-03 4.545187111943960190e-03
2.550773620605468750e-01 5.558019466889163596e-08 6.295761559158563614e-03 4.416109528392553329e-03
2.586789131164550781e-01 1.224306913627515314e-07 6.118078250437974930e-03 4.293985199183225632e-03
2.622804343700408936e-01 2.562195788868848467e-07 5.947357509285211563e-03 4.177559167146682739e-03
2.658819556236267090e-01 4.327669387294008629e-07 5.783257540315389633e-03 4.065589979290962219e-03
2.694834768772125244e-01 5.878720230612088926e-07 5.625455640256404877e-03 3.957072738558053970e-03
2.730850279331207275e-01 6.576227633559028618e-07 5.473637022078037262e-03 3.851385321468114853e-03
2.766865789890289307e-01 6.204810460985754617e-07 5.327516235411167145e-03 3.748324234038591385e-03
2.802881002426147461e-01 5.055361498307320289e-07 5.186818540096282959e-03 3.648028243333101273e-03
2.838896214962005615e-01 3.667183250399830285e-07 5.051283631473779678e-03 3.550837282091379166e-03
2.874911725521087646e-01 2.492033956968953134e-07 4.920671228319406509e-03 3.457134822383522987e-03
2.910926938056945801e-01 1.727594565181789221e-07 4.794751293957233429e-03 3.367207478731870651e-03
2.946942448616027832e-01 1.365892927651657374e-07 4.673311952501535416e-03 3.281163983047008514e-03
2.982957363128662109e-01 1.328178456105888472e-07 4.556149244308471680e-03 3.198893973603844643e-03
3.018972873687744141e-01 1.547945061020072899e-07 4.443072248250246048e-03 3.120112931355834007e-03
3.054988384246826172e-01 1.960336248885141686e-07 4.333904013037681580e-03 3.044424811378121376e-03
3.091003596782684326e-01 2.459526058373739943e-07 4.228469915688037872e-03 2.971401903778314590e-03
3.127018809318542480e-01 2.896962882914522197e-07 4.126607906073331833e-03 2.900669816881418228e-03
3.163034319877624512e-01 3.134019834760692902e-07 4.028166178613901138e-03 2.831959864124655724e-03
3.199049532413482666e-01 3.106472377112368122e-07 3.932991530746221542e-03 2.765120007097721100e-03
3.235065042972564697e-01 2.849038764907163568e-07 3.840946825221180916e-03 2.700118580833077431e-03
3.271080255508422852e-01 2.465515365202008979e-07 3.751896787434816360e-03 2.636999590322375298e-03
3.307095468044281006e-01 2.072172122780102654e-07 3.665717551484704018e-03 2.575839636847376823e-03
3.343110978603363037e-01 1.754063134740135865e-07 3.582289908081293106e-03 2.516706706956028938e-03
3.379126191139221191e-01 1.550994284116313793e-07 3.501499304547905922e-03 2.459620824083685875e-03
3.415141701698303223e-01 1.466644903302949388e-07 3.423239104449748993e-03 2.404544269666075706e-03
3.451156914234161377e-01 1.484403782114895876e-07 3.347409656271338463e-03 2.351383911445736885e-03
3.487172126770019531e-01 1.575115931018444826e-07 3.273915965110063553e-03 2.300006337463855743e-03
3.523187637329101562e-01 1.700052081332614762e-07 3.202664665877819061e-03 2.250256482511758804e-03
3.559203147888183594e-01 1.816749488625646336e-07 3.133571473881602287e-03 2.201991388574242592e-03
3.595218360424041748e-01 1.887679417222898337e-07 3.066550008952617645e-03 2.155088353902101517e-03
3.631233572959899902e-01 1.891719705326977419e-07 3.001522039994597435e-03 2.109465189278125763e-03
3.667248785495758057e-01 1.829496198979541077e-07 2.938413061201572418e-03 2.065073465928435326e-03
3.703264296054840088e-01 1.720234905633333256e-07 2.877147169783711433e-03 2.021892229095101357e-03
3.739279806613922119e-01 1.591904776887531625e-07 2.817657543346285820e-03 1.979920314624905586e-03
3.775295019149780273e-01 1.471152302201517159e-07 2.759876428171992302e-03 1.939155976288020611e-03
3.811310231685638428e-01 1.376544815911984188e-07 2.703740727156400681e-03 1.899591414257884026e-03
3.847325444221496582e-01 1.316629578695938108e-07 2.649190835654735565e-03 1.861203811131417751e-03
3.883340954780578613e-01 1.290773781192910974e-07 2.596169244498014450e-03 1.823954400606453419e-03
3.919356465339660645e-01 1.291769393674258026e-07 2.544621238484978676e-03 1.787790097296237946e-03
3.955371677875518799e-01 1.308373640540594351e-07 2.494494430720806122e-03 1.752652577124536037e-03
3.991386890411376953e-01 1.327713050613965606e-07 2.445739926770329475e-03 1.718480954878032207e-03
4.027402102947235107e-01 1.338386397264912375e-07 2.398308599367737770e-03 1.685220864601433277e-03
4.063417613506317139e-01 1.333205830178485485e-07 2.352154813706874847e-03 1.652827369980514050e-03
4.099433124065399170e-01 1.310042136992706219e-07 2.307235496118664742e-03 1.621267525479197502e-03
4.135448336601257324e-01 1.271666150159944664e-07 2.263508038595318794e-03 1.590515719726681709e-03
4.171463847160339355e-01 1.224370862473733723e-07 2.220930298790335655e-03 1.560554606840014458e-03
4.207478761672973633e-01 1.175438484324331512e-07 2.179465256631374359e-03 1.531370915472507477e-03
4.382790625095367432e-01 1.046252080527665385e-07 1.992347184568643570e-03 1.399841974489390850e-03
4.488104581832885742e-01 1.025770188789465465e-07 1.890604849904775620e-03 1.328418380580842495e-03
4.640229642391204834e-01 9.434113223960594041e-08 1.756053301505744457e-03 1.233859220519661903e-03
4.797510504722595215e-01 8.584414246115557034e-08 1.630617189221084118e-03 1.145690912380814552e-03
4.960123002529144287e-01 8.075325297340896213e-08 1.513721654191613197e-03 1.063578645698726177e-03
5.128246545791625977e-01 7.445937910688371630e-08 1.404821523465216160e-03 9.870534995570778847e-04
5.302069187164306641e-01 6.872726743267776328e-08 1.303399680182337761e-03 9.157860768027603626e-04
5.481783747673034668e-01 6.356567183729566750e-08 1.208970090374350548e-03 8.494351059198379517e-04
5.667588710784912109e-01 5.878990450014498492e-08 1.121081528253853321e-03 7.876808522269129753e-04
5.859692692756652832e-01 5.445433970407975721e-08 1.039309659972786903e-03 7.302262820303440094e-04
6.058307290077209473e-01 5.032183381104005093e-08 9.632562869228422642e-04 6.767879240214824677e-04
6.263654828071594238e-01 4.668778785799077014e-08 8.925487054511904716e-04 6.271096062846481800e-04
6.475961804389953613e-01 4.323142022144565999e-08 8.268320234492421150e-04 5.809363792650401592e-04
6.695465445518493652e-01 3.999301156909496058e-08 7.657702662982046604e-04 5.380332004278898239e-04
6.922408938407897949e-01 3.698550798958422092e-08 7.090465514920651913e-04 4.981780657544732094e-04
7.157044410705566406e-01 3.414149318814452272e-08 6.563658826053142548e-04 4.611626500263810158e-04
7.399632930755615234e-01 3.153105865294492105e-08 6.074546836316585541e-04 4.267963522579520941e-04
7.650445103645324707e-01 2.913150254357788072e-08 5.620596930384635925e-04 3.949011734221130610e-04
7.909757494926452637e-01 2.692620526545397297e-08 5.199434817768633366e-04 3.653099120128899813e-04
8.177859783172607422e-01 2.489640671399229177e-08 4.808802914340049028e-04 3.378642431925982237e-04
8.455049395561218262e-01 2.300194879012451565e-08 4.446564125828444958e-04 3.124131180811673403e-04
8.741633892059326172e-01 2.124523490465435316e-08 4.110708832740783691e-04 2.888158487621694803e-04
9.037932157516479492e-01 1.962496654073220270e-08 3.799394471570849419e-04 2.669428067747503519e-04
9.344274401664733887e-01 1.813512184867249744e-08 3.510921669658273458e-04 2.466749283485114574e-04
9.660999178886413574e-01 1.675005556478481594e-08 3.243703104089945555e-04 2.279002364957705140e-04
9.988459944725036621e-01 1.545236472111355397e-08 2.996230032294988632e-04 2.105126040987670422e-04
1.032702088356018066e+00 1.424334428179463430e-08 2.767084224615246058e-04 1.944124960573390126e-04
1.067705631256103516e+00 1.313919817391706601e-08 2.554954262450337410e-04 1.795081916498020291e-04
1.103895664215087891e+00 1.213610278938404008e-08 2.358636702410876751e-04 1.657152897678315639e-04
1.141312241554260254e+00 1.120919090880079239e-08 2.176999987568706274e-04 1.529538276372477412e-04
1.179997205734252930e+00 1.033913399339780881e-08 2.008973388001322746e-04 1.411483681295067072e-04
1.219993233680725098e+00 9.529815159226018295e-09 1.853564463090151548e-04 1.302293239859864116e-04
1.261345148086547852e+00 8.786614102973544504e-09 1.709866046439856291e-04 1.201331542688421905e-04
1.304098606109619141e+00 8.099443782327853114e-09 1.577033981448039412e-04 1.108004580601118505e-04
1.348301172256469727e+00 7.461778750439407304e-09 1.454266603104770184e-04 1.021748175844550133e-04
1.394001960754394531e+00 6.878208669292007471e-09 1.340821036137640476e-04 9.420426067663356662e-05
1.441251873970031738e+00 6.344937464319855280e-09 1.236015523318201303e-04 8.684084605192765594e-05
1.490103244781494141e+00 5.848632689264832152e-09 1.139210944529622793e-04 8.003948460100218654e-05
1.540610432624816895e+00 5.386731061207683524e-09 1.049809943651780486e-04 7.375824498012661934e-05
1.592829585075378418e+00 4.961050681373535554e-09 9.672659507486969233e-05 6.795876106480136514e-05
1.646818637847900391e+00 4.567032085844857647e-09 8.910710312193259597e-05 6.260535155888646841e-05
1.702637791633605957e+00 4.204310233291153054e-09 8.207480277633294463e-05 5.766453614342026412e-05
1.760349035263061523e+00 3.873250165042918525e-09 7.558573997812345624e-05 5.310542837833054364e-05
1.820016145706176758e+00 3.567498518819434139e-09 6.959892925806343555e-05 4.889920819550752640e-05
1.881705880165100098e+00 3.284448490958880029e-09 6.407641194527968764e-05 4.501916191657073796e-05
1.945486426353454590e+00 3.022470274061106466e-09 5.898317249375395477e-05 4.144071499467827380e-05
2.011428833007812500e+00 2.779756425042023693e-09 5.428680378827266395e-05 3.814106457866728306e-05
2.079606533050537109e+00 2.557365652577914261e-09 4.995713243260979652e-05 3.509909947752021253e-05
2.150094985961914062e+00 2.353370609498028898e-09 4.596622966346330941e-05 3.229515641578473151e-05
2.222972631454467773e+00 2.165886581195763938e-09 4.228808029438368976e-05 2.971096182591281831e-05
2.298320770263671875e+00 1.992380704862739549e-09 3.889875370077788830e-05 2.732967732299584895e-05
2.376222610473632812e+00 1.831634732774034546e-09 3.577608367777429521e-05 2.513572144380304962e-05
2.456764936447143555e+00 1.683534867069624852e-09 3.289966844022274017e-05 2.311478056071791798e-05
2.540037155151367188e+00 1.547886152586386288e-09 3.025050500582437962e-05 2.125351602444425225e-05
2.626132011413574219e+00 1.423527518085165866e-09 2.781096554826945066e-05 1.953954051714390516e-05
2.715145111083984375e+00 1.308856689696824560e-09 2.556477011239621788e-05 1.796140713850036263e-05
2.807175159454345703e+00 1.202653310272694398e-09 2.349693022551946342e-05 1.650857302593067288e-05
2.902324676513671875e+00 1.104724201006490603e-09 2.159362884412985295e-05 1.517133023298811167e-05
3.000699520111083984e+00 1.015038497698128594e-09 1.984204209293238819e-05 1.394069113302975893e-05
3.102408409118652344e+00 9.328949834852551248e-10 1.823026468628086150e-05 1.280829474126221612e-05
3.207565069198608398e+00 8.571721110683938605e-10 1.674733903200831264e-05 1.176641490019392222e-05
3.316285610198974609e+00 7.871034934936460559e-10 1.538316246296744794e-05 1.080796027963515371e-05
3.428691387176513672e+00 7.226441112173631609e-10 1.412844721926376224e-05 9.926414350047707558e-06
3.544907331466674805e+00 6.637006499943254312e-10 1.297456947213504463e-05 9.115718967223074287e-06
3.665062427520751953e+00 6.096331772731389265e-10 1.191352657770039514e-05 8.370254363398998976e-06
3.789290189743041992e+00 5.596746954772413574e-10 1.093798346119001508e-05 7.684848242206498981e-06
3.917728424072265625e+00 5.135889491469924906e-10 1.004119076242204756e-05 7.054775323922513053e-06
4.050520420074462891e+00 4.714132972871709626e-10 9.216919352184049785e-06 6.475652753579197451e-06
4.187813282012939453e+00 4.328120639662813574e-10 8.459371201752219349e-06 5.943416454101679847e-06
4.329759597778320312e+00 3.972078777003673622e-10 7.763223038637079298e-06 5.454314759845146909e-06
4.476517677307128906e+00 3.643549073562013518e-10 7.123602699721232057e-06 5.004925242246827111e-06
4.628249645233154297e+00 3.342865706468245435e-10 6.535999546031234786e-06 4.592084678733954206e-06
4.785124301910400391e+00 3.067736342732274579e-10 5.996231720928335562e-06 4.212854946672450751e-06
4.947316646575927734e+00 2.814048438715133216e-10 5.500461156771052629e-06 3.864533937303349376e-06
5.115006923675537109e+00 2.580334279578266887e-10 5.045168563810875639e-06 3.544651917763985693e-06
5.288380622863769531e+00 2.366701001843551921e-10 4.627104772225720808e-06 3.250927875342313200e-06
5.467630863189697266e+00 2.170939678025618491e-10 4.243252988089807332e-06 2.981240641020121984e-06
5.652956962585449219e+00 1.990287934461321129e-10 3.890856532962061465e-06 2.733651399466907606e-06
5.844564437866210938e+00 1.824495693414363018e-10 3.567383373592747375e-06 2.506384362277458422e-06
6.042666912078857422e+00 1.673072930197250230e-10 3.270491788498475216e-06 2.297794253536267206e-06
6.247483253479003906e+00 1.533733695602279568e-10 2.998016270794323646e-06 2.106357214870513417e-06
6.459242343902587891e+00 1.405468241788554451e-10 2.747986854956252500e-06 1.930690132212475874e-06
6.678179264068603516e+00 1.288302936552909728e-10 2.518579321986180730e-06 1.769512437022058293e-06
6.904536724090576172e+00 1.180831821212535715e-10 2.308106331838644110e-06 1.621637920834473334e-06
7.138567447662353516e+00 1.081803605029740822e-10 2.115031520588672720e-06 1.485986331317690201e-06
7.380529403686523438e+00 9.912826115510142699e-11 1.937937668117228895e-06 1.361563136015320197e-06
7.630693435668945312e+00 9.083606783422126796e-11 1.775512146195978858e-06 1.247445879926090129e-06
7.889336585998535156e+00 8.319757383024040109e-11 1.626557491363200825e-06 1.142792257269320544e-06
8.156746864318847656e+00 7.621613756780831750e-11 1.489972873969236389e-06 1.046830334416881669e-06
8.433219909667968750e+00 6.982079497896975795e-11 1.364738977827073541e-06 9.588433158569387160e-07
8.719065666198730469e+00 6.393370555191069116e-11 1.249925844604149461e-06 8.781771612120792270e-07
9.014598846435546875e+00 5.855715912161940651e-11 1.144677867159771267e-06 8.042318313528085127e-07
9.320150375366210938e+00 5.362573926581681860e-11 1.048203557729721069e-06 7.364507155216415413e-07
9.636057853698730469e+00 4.909380887929692960e-11 9.597831649443833157e-07 6.743277936038793996e-07
9.962672233581542969e+00 4.495720115627044322e-11 8.787504270912904758e-07 6.173958126964862458e-07
1.030035877227783203e+01 4.115526322512330637e-11 8.044943342611077242e-07 5.652244681186857633e-07
1.064949035644531250e+01 3.767348585870244904e-11 7.364562861766899005e-07 5.174221087145269848e-07
1.101045608520507812e+01 3.448935581573664422e-11 6.741188940395659301e-07 4.736249366033007391e-07
1.138365650177001953e+01 3.156263791992408585e-11 6.170107553771231323e-07 4.335015830747579457e-07
1.176950645446777344e+01 2.889077692358466010e-11 5.646978138429403771e-07 3.967475379340612562e-07
1.216843605041503906e+01 2.643749455466526399e-11 5.167806307326827664e-07 3.630816536315251142e-07
1.258088588714599609e+01 2.419276411147475159e-11 4.728950386834185338e-07 3.322483337342418963e-07
1.300731754302978516e+01 2.213816976959215310e-11 4.327037004259182140e-07 3.040106264506903244e-07
1.344820213317871094e+01 2.025321403642532658e-11 3.958999741371371783e-07 2.781528962714219233e-07
1.390402984619140625e+01 1.853172129639979460e-11 3.622000406267034123e-07 2.544759070133295609e-07
1.437530803680419922e+01 1.695101871368454027e-11 3.313453191822191002e-07 2.327978165794775123e-07
1.486256122589111328e+01 1.550796817351152157e-11 3.030976074569480261e-07 2.129514484749961412e-07
1.536632919311523438e+01 1.418345649262242603e-11 2.772387119875929784e-07 1.947833823123801267e-07
1.588717269897460938e+01 1.297384335380291631e-11 2.535685439397639129e-07 1.781531580036244122e-07
1.642567062377929688e+01 1.186440789363585324e-11 2.319033427511385526e-07 1.629315278250942356e-07
1.698241996765136719e+01 1.085096856118239472e-11 2.120751076972737792e-07 1.490005274717987049e-07
1.755804252624511719e+01 9.921825513958815179e-12 1.939290967811757582e-07 1.362514296943118097e-07
1.815317344665527344e+01 9.073041797036385248e-12 1.773241393721036729e-07 1.245850853592855856e-07
1.876847648620605469e+01 8.295054747253782779e-12 1.621302487819775706e-07 1.139100689329097804e-07
1.940463638305664062e+01 7.584472980215473115e-12 1.482287217413613689e-07 1.041430905956985953e-07
2.006235885620117188e+01 6.933197505692989537e-12 1.355104330968970316e-07 9.520744015389936976e-08
2.074237442016601562e+01 6.338473149125611883e-12 1.238755515942102647e-07 8.703296572321050917e-08
2.144544029235839844e+01 5.793521912211829772e-12 1.132326090669266705e-07 7.955537739690043963e-08
2.217233657836914062e+01 5.295743878142022965e-12 1.034975269931237563e-07 7.271569302247371525e-08
2.292386817932128906e+01 4.840064113387221312e-12 9.459369465503186802e-08 6.646000372256821720e-08
2.370087814331054688e+01 4.423399146968876039e-12 8.645055515899002785e-08 6.073875624679203611e-08
2.450422096252441406e+01 4.042547546712071949e-12 7.900369780600158265e-08 5.550672455001404160e-08
2.533479309082031250e+01 3.693911496127633143e-12 7.219397701874186168e-08 5.072232411862387380e-08
2.619352149963378906e+01 3.375511458889035588e-12 6.596734181130159413e-08 4.634757999610883417e-08
2.708135223388671875e+01 3.084143400736150120e-12 6.027426024957094342e-08 4.234772887912185979e-08
2.799927711486816406e+01 2.817776394159476894e-12 5.506926470388862072e-08 3.869077502827167336e-08
2.894831657409667969e+01 2.574424614459891458e-12 5.031089500562302419e-08 3.534761816581521998e-08
2.992952346801757812e+01 2.351768519509578326e-12 4.596109448584684287e-08 3.229152767403320468e-08
3.094398880004882812e+01 2.148320367087452887e-12 4.198499681251632865e-08 2.949798272311454639e-08
3.199283790588378906e+01 1.962433037253075163e-12 3.835074124935999862e-08 2.694461898045119597e-08
3.307723999023437500e+01 1.792421571410185432e-12 3.502916712250225828e-08 2.461092485361859872e-08
3.419839477539062500e+01 1.637072530487337918e-12 3.199351183980070346e-08 2.247812247446745459e-08
3.535755538940429688e+01 1.495169114386352138e-12 2.921935760014093830e-08 2.052904690685863898e-08
3.655599975585937500e+01 1.365448010735847983e-12 2.668433296548755607e-08 1.874798094547713845e-08
3.779507446289062500e+01 1.246886708466954374e-12 2.436795298876859306e-08 1.712052899449645338e-08
3.907614135742187500e+01 1.138593993393888226e-12 2.225148065804205544e-08 1.563353180245030671e-08
4.040063095092773438e+01 1.039667700888924351e-12 2.031778478794876719e-08 1.427494833450282385e-08
4.177001571655273438e+01 9.492665984864312456e-13 1.855117837123998470e-08 1.303375718464394595e-08
4.318581390380859375e+01 8.666676859676869515e-13 1.693731555008071155e-08 1.189988640959427357e-08
4.464960098266601562e+01 7.912233693750658770e-13 1.546307082378461928e-08 1.086410517103786333e-08
4.616300582885742188e+01 7.223212371114395847e-13 1.411644490190155921e-08 9.917984655771761027e-09
4.772770690917968750e+01 6.593875835972373700e-13 1.288645190555826048e-08 9.053811922399290779e-09
4.934544372558593750e+01 6.019019375795575666e-13 1.176305364225527228e-08 8.264533946089613892e-09
5.101800918579101562e+01 5.493959779299950608e-13 1.073706901166815442e-08 7.543691005196251353e-09
5.274726867675781250e+01 5.014444805565010377e-13 9.800104727730740706e-09 6.885394032707381484e-09
5.453514480590820312e+01 4.576570242567634672e-13 8.944478047112625063e-09 6.284244680188066923e-09
5.638362121582031250e+01 4.176743586409292774e-13 8.163165254870818899e-09 5.735308672427663623e-09
5.829475021362304688e+01 3.811674554547034299e-13 7.449754146904297158e-09 5.234077615767773750e-09
6.027065658569335938e+01 3.478351233345694515e-13 6.798380081107779915e-09 4.776430806430198572e-09
6.231353759765625000e+01 3.174024899247479548e-13 6.203671798488130662e-09 4.358598815201730758e-09
6.442565917968750000e+01 2.896184811071456089e-13 5.660729662793073658e-09 3.977136397992353523e-09
6.660937500000000000e+01 2.642546012739110939e-13 5.165073257984431621e-09 3.628896294571859471e-09
6.886711120605468750e+01 2.411001086277675398e-13 4.712607193368967273e-09 3.311002139128049748e-09
7.120137023925781250e+01 2.199640480610859372e-13 4.299588240996854438e-09 3.020820038557303633e-09
7.361474609375000000e+01 2.006715106583900621e-13 3.922592917149358982e-09 2.755950356814196311e-09
7.610992431640625000e+01 1.830626579144012389e-13 3.578498830592025115e-09 2.514194852309969974e-09
7.868968200683593750e+01 1.669913800338498899e-13 3.264449377482492309e-09 2.293548240217546663e-09
8.135688018798828125e+01 1.523242117293030495e-13 2.977832647133027422e-09 2.092176432100245620e-09
8.411447906494140625e+01 1.389392344664647228e-13 2.716265656843575016e-09 1.908403213235487783e-09
8.696555328369140625e+01 1.267247483165145905e-13 2.477571481307450085e-09 1.740700472652179087e-09
8.991325378417968750e+01 1.155790144580920442e-13 2.259757270195450474e-09 1.587667997071662285e-09
9.296087646484375000e+01 1.054086695316189259e-13 2.061008252951523900e-09 1.448030362283247996e-09
9.611179351806640625e+01 9.612858333776438946e-14 1.879662647752411431e-09 1.320619502642728094e-09
9.936951446533203125e+01 8.766152680052957669e-14 1.714204223013382489e-09 1.204371269380999365e-09
1.027376556396484375e+02 7.993699289738503966e-14 1.563247198355099954e-09 1.098311330771650773e-09
1.062199630737304688e+02 7.289011923336183307e-14 1.425527584864028086e-09 1.001551730439587118e-09
1.098202972412109375e+02 6.646126113644609812e-14 1.299889418326927171e-09 9.132801737088414029e-10
1.135426788330078125e+02 6.059649987734741505e-14 1.185277653803495923e-09 8.327560863108374178e-10
1.173912124633789062e+02 5.524703619390856912e-14 1.080729727931384332e-09 7.593021766894025859e-10
1.213702011108398438e+02 5.036766901993228185e-14 9.853655669189720356e-10 6.923009943093916263e-10
1.254840545654296875e+02 4.591692084605740465e-14 8.983820909413964273e-10 6.311878242293289532e-10
1.297373504638671875e+02 4.185775939182997951e-14 8.190462197354975160e-10 5.754475784769397251e-10
1.341348266601562500e+02 3.815575107387822462e-14 7.466885998397287949e-10 5.246104661793538071e-10
1.386813354492187500e+02 3.477942692414574821e-14 6.806978869455804215e-10 4.782463869368314135e-10
1.433819427490234375e+02 3.170058752175256012e-14 6.205162494943294860e-10 4.359636818218604049e-10
1.482418975830078125e+02 2.889284270819400535e-14 5.656349832960927415e-10 3.974051088206920213e-10
1.532665710449218750e+02 2.633268901324967159e-14 5.155889604147034788e-10 3.622434852079692291e-10
1.584615631103515625e+02 2.399816626072904385e-14 4.699538536101499631e-10 3.301810214129119458e-10
1.638326416015625000e+02 2.186967241416676311e-14 4.283427224027747116e-10 3.009458238167894706e-10
1.693857574462890625e+02 1.992894036102234312e-14 3.904022105594151526e-10 2.742893689955394620e-10
1.751271057128906250e+02 1.815961558915019786e-14 3.558097150246908313e-10 2.499852824744408508e-10
1.810630645751953125e+02 1.654654637318984239e-14 3.242711932305297751e-10 2.278268407263084327e-10
1.872002258300781250e+02 1.507602433192291314e-14 2.955180267161239271e-10 2.076253474703193547e-10
1.935453948974609375e+02 1.373551761289478271e-14 2.693051059932116686e-10 1.892085793597786392e-10
2.001056365966796875e+02 1.251355484890078612e-14 2.454090264336628024e-10 1.724195647367920969e-10
2.068882293701171875e+02 1.139970906436022294e-14 2.236257984344902638e-10 1.571150293200318515e-10
2.139007263183593750e+02 1.038447316147311089e-14 2.037692653500400297e-10 1.431641749594092516e-10
2.211509246826171875e+02 9.459146417805253809e-15 1.856696879576347214e-10 1.304477359465039399e-10
2.286468658447265625e+02 8.615797216838562422e-15 1.691723011676415922e-10 1.188569381804782665e-10
2.363968658447265625e+02 7.847194438302326769e-15 1.541356348111477814e-10 1.082924652728856074e-10
2.444095611572265625e+02 7.146750706965750155e-15 1.404310556729626569e-10 9.866383404721901229e-11
2.526938629150390625e+02 6.508444465606801760e-15 1.279407829679612973e-10 8.988840921597684996e-11
2.612589416503906250e+02 5.926793293474378124e-15 1.165577495632064142e-10 8.189089684140782310e-11
2.701143493652343750e+02 5.396787837718417316e-15 1.061841378713346273e-10 7.460257411828763452e-11
2.792699279785156250e+02 4.913863437786165911e-15 9.673073453342340144e-11 6.796076895687619412e-11
2.887357788085937500e+02 4.473856926741869022e-15 8.811619489623723211e-11 6.190835344366263371e-11
2.985225219726562500e+02 4.072973173465353758e-15 8.026636993951896670e-11 5.639319566874689826e-11
3.086409912109375000e+02 3.707750777817665419e-15 7.311358463102379801e-11 5.136779196446283891e-11
3.191023864746093750e+02 3.375031153938492720e-15 6.659620771509722204e-11 4.678879159114579522e-11
3.299183959960937500e+02 3.071936083873065548e-15 6.065794394549683943e-11 4.261668795635387141e-11
3.411010437011718750e+02 2.795841883067263708e-15 5.524756693797705509e-11 3.881545432293798115e-11
3.526626892089843750e+02 2.544352507071541598e-15 5.031823221979259131e-11 3.535219686434665221e-11
3.646162414550781250e+02 2.315289810662034785e-15 4.582738702407773701e-11 3.219700894785404444e-11
3.769749450683593750e+02 2.106661995863274781e-15 4.173609374769071678e-11 2.932255480092571531e-11
3.897525329589843750e+02 1.916655565135190128e-15 3.800896403172160376e-11 2.670394287640487363e-11
4.029632568359375000e+02 1.743619333626226977e-15 3.461368344725990198e-11 2.431848472594921873e-11
4.166217346191406250e+02 1.586043994503496569e-15 3.152079292023657331e-11 2.214548162904339534e-11
4.307431640625000000e+02 1.442556719117736499e-15 2.870343546179654481e-11 2.016606846788615570e-11
4.453432922363281250e+02 1.311905486893786502e-15 2.613717402233373122e-11 1.836306801061837746e-11
4.604382324218750000e+02 1.192948497418747783e-15 2.379967750654188308e-11 1.672079488757027832e-11
4.760448303222656250e+02 1.084646017749865687e-15 2.167063750668773991e-11 1.522497405925804514e-11
4.921804504394531250e+02 9.860486298323865514e-16 1.973150115519572978e-11 1.386258035446230608e-11
5.088629150390625000e+02 8.962935247304134635e-16 1.796539306209155029e-11 1.262175260141606969e-11
5.261109008789062500e+02 8.145925382865262972e-16 1.635691755652590729e-11 1.149167826869357256e-11
5.439434814453125000e+02 7.402275983196902193e-16 1.489204939919552828e-11 1.046249632069562452e-11
5.623804931640625000e+02 6.725457483066905710e-16 1.355800974961463012e-11 9.525231298157521564e-12
5.814425048828125000e+02 6.109503064757459013e-16 1.234314647019507660e-11 8.671697908357867135e-12
6.011505126953125000e+02 5.548982188285477967e-16 1.123683958381693770e-11 7.894435105626484983e-12
6.215266113281250000e+02 5.038950298821365595e-16 1.022942754808076060e-11 7.186655784363615851e-12
6.425933227539062500e+02 4.574896945920992747e-16 9.312086692025989265e-12 6.542157007100035671e-12
6.643740844726562500e+02 4.152712960998991999e-16 8.476792184852754986e-12 5.955301356219688813e-12
6.868931274414062500e+02 3.768660811175603750e-16 7.716225228215911613e-12 5.420948412382387005e-12
7.101754150390625000e+02 3.419325365486617068e-16 7.023718412435542291e-12 4.934414422202992867e-12
7.342469482421875000e+02 3.101607012740673248e-16 6.393204108473549141e-12 4.491432399611472448e-12
7.591342773437500000e+02 2.812670574844634537e-16 5.819141175866793247e-12 4.088115696659899712e-12
7.848652954101562500e+02 2.549941336336643879e-16 5.296494146045382934e-12 3.720921140648592029e-12
8.114683227539062500e+02 2.311069839579254657e-16 4.820666001797979661e-12 3.386620628029191060e-12
8.389731445312500000e+02 2.093920899800895993e-16 4.387482564760514236e-12 3.082280524563385526e-12
8.674102172851562500e+02 1.896543561896024818e-16 3.993124841200623720e-12 2.805219381438184278e-12
8.968111572265625000e+02 1.717165674120307525e-16 3.634124468368526983e-12 2.552999912169839902e-12
9.272087402343750000e+02 1.554169006497794375e-16 3.307321430612297775e-12 2.323400803347364096e-12
9.586365356445312500e+02 1.406084750958387208e-16 3.009833051195731635e-12 2.114398066355160921e-12
9.911296386718750000e+02 1.271571551420770034e-16 2.739037946106193111e-12 1.924149641702177504e-12
1.024724121093750000e+03 1.149410342185386703e-16 2.492548919000303620e-12 1.750978051787144274e-12
1.059457275390625000e+03 1.038487671973291836e-16 2.268188024553974280e-12 1.593352619982946194e-12
1.095367675781250000e+03 9.377929907737416501e-17 2.063974859078943069e-12 1.449882314902284364e-12
1.132495239257812500e+03 8.464041576398620296e-17 1.878103141755849137e-12 1.319299162104436984e-12
1.170881347656250000e+03 7.634826761283202215e-17 1.708931390495549429e-12 1.200448377855489746e-12
1.210568481445312500e+03 6.882648269231582665e-17 1.554962322097841465e-12 1.092279044989652448e-12
1.251600952148437500e+03 6.200550503908925748e-17 1.414833636532997208e-12 9.938333793077513967e-13
1.294024047851562500e+03 5.582193291356135015e-17 1.287303380212434512e-12 9.042388691114788823e-13
1.337885131835937500e+03 5.021824086721271693e-17 1.171242573413944221e-12 8.227025831419876312e-13
1.383232910156250000e+03 4.514184337414213672e-17 1.065621983015185847e-12 7.485011959199039389e-13
1.430117675781250000e+03 4.054504850895225218e-17 9.695047499189146656e-13 6.809765425164204800e-13
1.478591796875000000e+03 3.638431348419827191e-17 8.820373359648414624e-13 6.195291133402613948e-13
1.528708862304687500e+03 3.262004943576340802e-17 8.024441571288787323e-13 5.636136631188837232e-13
1.580524658203125000e+03 2.921621775871995020e-17 7.300170667620675680e-13 5.127332477865287341e-13
1.634096557617187500e+03 2.613999923508424452e-17 6.641129703457981925e-13 4.664354297766182267e-13
1.689484497070312500e+03 2.336154091654925221e-17 6.041456397654076937e-13 4.243087001545853276e-13
1.746749755859375000e+03 2.085364675893545483e-17 5.495814307115987063e-13 3.859779520738043646e-13
1.805956054687500000e+03 1.859156751831526579e-17 4.999348374515322213e-13 3.511020413207027735e-13
1.867169067382812500e+03 1.655274928810681424e-17 4.547633970786169044e-13 3.193702897627548332e-13
1.930457031250000000e+03 1.471668626092491062e-17 4.136648434818063214e-13 2.904999916834849483e-13
1.995890014648437500e+03 1.306470566162178288e-17 3.762727705369089959e-13 2.642335677517648751e-13
2.063541015625000000e+03 1.157978494037170228e-17 3.422535963405054504e-13 2.403369116135006811e-13
2.133484863281250000e+03 1.024643927610767612e-17 3.113036900741911195e-13 2.185965032033485023e-13
2.205799804687500000e+03 9.050561930663225077e-18 2.831470409699055057e-13 1.988185142779222425e-13
2.280565429687500000e+03 7.979293554235599784e-18 2.575316262326543537e-13 1.808259623850907993e-13
2.357865478515625000e+03 7.020928713976562344e-18 2.342289773596406555e-13 1.644581010002560406e-13
2.437785644531250000e+03 6.164809601283673273e-18 2.130306022730954485e-13 1.495686848028768279e-13
2.520414550781250000e+03 5.401214776007903112e-18 1.937469417756867984e-13 1.360243027156288198e-13
2.605844482421875000e+03 4.721279343524521064e-18 1.762053366714463887e-13 1.237038764608996977e-13
2.694169921875000000e+03 4.116932089006540961e-18 1.602488215908526303e-13 1.124969800474218129e-13
2.785489013671875000e+03 3.580804901147646710e-18 1.457343496097732172e-13 1.023031960252322736e-13
2.879903320312500000e+03 3.106192653902483468e-18 1.325320468604715418e-13 9.303119391382633219e-14
2.977518066406250000e+03 2.686970695220555480e-18 1.205234371505492508e-13 8.459776797272930415e-14
3.078441406250000000e+03 2.317555349171976671e-18 1.096007846653791751e-13 7.692726121909243542e-14
3.182785644531250000e+03 1.992860075375005335e-18 9.966617917252229564e-14 6.995084714375363055e-14
3.290666503906250000e+03 1.708244700785948695e-18 9.063036372812874331e-14 6.360583175608891526e-14
3.402203857421875000e+03 1.459478299969174583e-18 8.241214514200650987e-14 5.783516569303481791e-14
3.517521972656250000e+03 1.242711174353861208e-18 7.493779089016300299e-14 5.258702747887832041e-14
3.636748779296875000e+03 1.054436284937936871e-18 6.814007366164054336e-14 4.781420688527125706e-14
3.760016601562500000e+03 8.914652640503159280e-19 6.195781734885663639e-14 4.347370174354742156e-14
3.887463134765625000e+03 7.509018421737205204e-19 5.633545320233961096e-14 3.952649093989270279e-14
4.019229003906250000e+03 6.301182215984345335e-19 5.122235575689797205e-14 3.593700247865420916e-14
4.155461425781250000e+03 5.267368784488274273e-19 4.657247691338718687e-14 3.267286614871967032e-14
4.296311035156250000e+03 4.386092110837927125e-19 4.234393936289500282e-14 2.970467296616041697e-14
4.441935058593750000e+03 3.637998753638977272e-19 3.849867405664002262e-14 2.700566007797500223e-14
4.592494628906250000e+03 3.005699825451911534e-19 3.500194586752124193e-14 2.455143971154608029e-14
4.748158203125000000e+03 2.473637351424314577e-19 3.182227566308690192e-14 2.231988567222547432e-14
4.909097656250000000e+03 2.027932791841195131e-19 2.893094225016150378e-14 2.029081485894600884e-14
5.075491699218750000e+03 1.656270461357404307e-19 2.630185193177193154e-14 1.844590425499267883e-14
5.247526367187500000e+03 1.347765826334480662e-19 2.391126406847254166e-14 1.676845884097510203e-14
5.425391601562500000e+03 1.092855127927662661e-19 2.173758440230603300e-14 1.524332519746689901e-14
5.609285644531250000e+03 8.831772503546584404e-20 1.976116346296200033e-14 1.385668228786772135e-14
5.799413085937500000e+03 7.114690308493695731e-20 1.796413732558285042e-14 1.259598640126168012e-14
5.995985351562500000e+03 5.714581785466566591e-20 1.633025481604256229e-14 1.144981868648684009e-14
6.199219726562500000e+03 4.577643359262597435e-20 1.484472335095028683e-14 1.040778943741218002e-14
6.409343261718750000e+03 3.658021112730220796e-20 1.349410729369667633e-14 9.460451695576972686e-15
6.626588378906250000e+03 2.916906704208774980e-20 1.226616532412801164e-14 8.599217393929006747e-15
6.851197265625000000e+03 2.321673189970584889e-20 1.114978352294336908e-14 7.816273500562808535e-15
7.083419433593750000e+03 1.845077731970386015e-20 1.013483730532421800e-14 7.104511714985019960e-15
7.323512695312500000e+03 1.464520204909581102e-20 9.212130434562218473e-15 6.457473834489300610e-15
7.571744140625000000e+03 1.161374504721521997e-20 8.373292531072603490e-15 5.869278062289916623e-15
7.828389160156250000e+03 9.203840766453637091e-21 7.610715544923134929e-15 5.334586820269745025e-15
8.093733398437500000e+03 7.291230361375545326e-21 6.917479640451218784e-15 4.848537715795072506e-15
8.368071289062500000e+03 5.775257906778032010e-21 6.287283739562230314e-15 4.406709660397705244e-15
8.651708007812500000e+03 4.574798310319812510e-21 5.714410793378676620e-15 4.005087717907657857e-15
8.944958984375000000e+03 3.624751084543899738e-21 5.193654513890259145e-15 3.640019482256369801e-15
9.248149414062500000e+03 2.873085639958106267e-21 4.720281257471247230e-15 3.308179925609394320e-15
9.561616210937500000e+03 2.278367821133054704e-21 4.289984708617800013e-15 3.006549375509769834e-15
9.885708007812500000e+03 1.807701042848423274e-21 3.898853269179497136e-15 2.732382174658971527e-15
1.022078515625000000e+04 1.435031236266904839e-21 3.543328977261396909e-15 2.483180422895546469e-15
1.056721972656250000e+04 1.139769762850955168e-21 3.220172990631435701e-15 2.256675977744984456e-15
1.092539746093750000e+04 9.056697735111706093e-22 2.926445893204404278e-15 2.050802925848932250e-15
1.129571484375000000e+04 7.199230953984421124e-22 2.659469790317558167e-15 1.863684453954511135e-15
1.167858398437500000e+04 5.724377615325176135e-22 2.416813909170514342e-15 1.693615484738898204e-15
1.207443164062500000e+04 4.552583684306201212e-22 2.196265376188570942e-15 1.539043936205368359e-15
