# CLASS v3 transfer functions at z = 1000, Newtonian gauge,
# normalised to unit primordial curvature (output_format='class').
# theta convention: d(delta)/dtau = -theta, theta in 1/Mpc (c=1).
# cosmology: h=0.71, Omega_b=0.044, Omega_cdm=0.226, A_s=2.1e-09, n_s=0.965, k_pivot=0.05/Mpc
# k[1/Mpc]  delta_b  delta_cdm  theta_b[1/Mpc]  theta_cdm[1/Mpc]
7.001567159278637416e-06 -1.074297243798322476e+00 -1.074297243799358981e+00 3.942866943777710768e-09 3.942875004953274962e-09
8.814450819199376791e-06 -1.074287458806164164e+00 -1.074287458804660256e+00 6.249076566781954243e-09 6.249059090482342464e-09
1.109673612730001088e-05 -1.074287377810527522e+00 -1.074287377807961574e+00 9.904123969948874471e-09 9.904094394864347451e-09
1.396996309863237939e-05 -1.074290338753996599e+00 -1.074290338750500062e+00 1.569696137091635528e-08 1.569692525684121218e-08
1.758714154669508992e-05 -1.074290469517041213e+00 -1.074290469512150015e+00 2.487795625992807940e-08 2.487790793121000916e-08
2.214089941395542389e-05 -1.074290978335077362e+00 -1.074290978327878232e+00 3.942893421663128423e-08 3.942885422128776279e-08
2.787374091220707055e-05 -1.074297600333005143e+00 -1.074297600328082414e+00 6.249065723295334378e-08 6.249060290686425675e-08
3.509096075614421531e-05 -1.074307853154121251e+00 -1.074307853164256921e+00 9.904083506936875941e-08 9.904096788510491366e-08
4.417690222018182968e-05 -1.074321432445536129e+00 -1.074321432519850683e+00 1.569682905539744760e-07 1.569691101514851288e-07
5.561542481933306759e-05 -1.074346239699335293e+00 -1.074346239970988881e+00 2.487757014063951363e-07 2.487786504440167436e-07
7.001567159278642837e-05 -1.074382616113864986e+00 -1.074382616884217656e+00 3.942780667712199844e-07 3.942864964194192300e-07
8.814450819199383229e-05 -1.074426149510248951e+00 -1.074426151410973196e+00 6.248802376776033098e-07 6.249004312385843185e-07
1.109673612730001867e-04 -1.074497603148799607e+00 -1.074497607915799069e+00 9.903464244763329175e-07 9.903963952076397774e-07
1.396996309863238921e-04 -1.074612214815900302e+00 -1.074612226593522069e+00 1.569541931555579420e-06 1.569665067766299271e-06
1.758714154669510144e-04 -1.074795802149800972e+00 -1.074795831688822867e+00 2.487418162583095494e-06 2.487726672890478644e-06
2.214089941395543744e-04 -1.075090494653313300e+00 -1.075090569107897798e+00 3.941941769972808563e-06 3.942719578834123359e-06
2.787374091220708411e-04 -1.075552735382756975e+00 -1.075552921896718139e+00 6.246693970302541311e-06 6.248641338630801117e-06
3.509096075614423428e-04 -1.076287358048176879e+00 -1.076287826149946669e+00 9.898167653072726912e-06 9.903054875349591668e-06
4.417690222018183510e-04 -1.077450900114254040e+00 -1.077452075232966822e+00 1.568207213410570896e-05 1.569434002264630598e-05
5.561542481933307979e-04 -1.079295144081870994e+00 -1.079298094980128742e+00 2.484067042855266604e-05 2.487147774884206338e-05
7.001567159278644734e-04 -1.082215034126102760e+00 -1.082222443789558897e+00 3.933533357742311865e-05 3.941268091153006254e-05
8.814450819199386210e-04 -1.086838043202916104e+00 -1.086856649618491044e+00 6.225571472924251195e-05 6.244991489344183314e-05
1.109673612730002193e-03 -1.093795176221917353e+00 -1.093842370010360776e+00 9.841759530233087092e-05 9.890582402867304434e-05
1.396996309863239409e-03 -1.105279418264303315e+00 -1.105398360847867911e+00 1.554244891608676357e-04 1.566501381922181255e-04
1.758714154669510686e-03 -1.123498181624353442e+00 -1.123797036881031275e+00 2.449611021562699627e-04 2.480348439613880838e-04
2.214089941395544665e-03 -1.152161312845604524e+00 -1.152910979786645251e+00 3.848138810378772196e-04 3.925135359531460545e-04
2.787374091220709820e-03 -1.197031536464968404e+00 -1.198909312878317479e+00 6.013431885774405067e-04 6.205984299904835234e-04
3.509096075614425055e-03 -1.266762311183824208e+00 -1.271456936971488760e+00 9.318144299208895717e-04 9.798424324038059862e-04
4.417690222018186112e-03 -1.373864040586580959e+00 -1.385568296987873982e+00 1.424310533842890062e-03 1.543618529459262314e-03
5.561542481933311015e-03 -1.535203405224994100e+00 -1.564253132867062357e+00 2.128839878202611318e-03 2.423266013841362827e-03
7.001567159278647770e-03 -1.770539156202337150e+00 -1.842132904382758563e+00 3.064240932999875468e-03 3.783250726164601695e-03
8.814450819199390330e-03 -2.095190810226156497e+00 -2.269673906481935344e+00 4.128848850150828274e-03 5.855603662627565688e-03
1.109673612727944680e-02 -2.498989167851321636e+00 -2.916747645753256624e+00 4.904729323760021430e-03 8.941964416424894729e-03
1.396996297688904085e-02 -2.899682048752847408e+00 -3.872109531779233560e+00 4.336912751262963356e-03 1.337593833099039869e-02
1.758705096444570029e-02 -3.068249227828113046e+00 -5.232493336308115417e+00 5.491944050803617512e-04 1.940003570547947642e-02
2.212859272072568648e-02 -2.592159836850981947e+00 -7.069916740947108202e+00 -7.952477853449742631e-03 2.691180871508588174e-02
2.747100405022169164e-02 -1.235255678943949942e+00 -9.253845193030109328e+00 -1.684221883067223841e-02 3.481783613479769862e-02
3.195658209821249790e-02 4.392023793822551203e-02 -1.101571030959912001e+01 -1.634179113675052891e-02 4.044642906925725867e-02
3.521302855128768949e-02 7.164674651251111692e-01 -1.223083537304328061e+01 -9.343594948617634302e-03 4.405490185034965228e-02
3.790140550590514329e-02 9.769798423840939661e-01 -1.319038091925256850e+01 1.977525062472989506e-04 4.683482772998085603e-02
4.030314412171467214e-02 9.463348028741089824e-01 -1.401546739093610583e+01 1.049906272632076566e-02 4.923416801955948080e-02
4.254392903857504016e-02 6.983550316509197220e-01 -1.476013764319101895e+01 2.039664730581077987e-02 5.144600761629096464e-02
4.469037670230553705e-02 2.908008329834695926e-01 -1.545323375629160445e+01 2.895342888716210053e-02 5.357031577382927873e-02
4.678247078137148102e-02 -2.229676830832238166e-01 -1.611226044221037768e+01 3.537171821256805682e-02 5.566469586029954703e-02
4.884649484071944964e-02 -7.898907900486376032e-01 -1.674884988200350122e+01 3.899522049051010880e-02 5.776385269711147019e-02
5.090098363913862778e-02 -1.356308669129882905e+00 -1.737122246733975928e+01 3.934698351583703485e-02 5.988799689540140470e-02
5.295977227605631887e-02 -1.869058345888254813e+00 -1.798540260990647610e+01 3.618318074494995124e-02 6.204685765417854854e-02
5.503369170227283280e-02 -2.277891880130840541e+00 -1.859586282078750941e+01 2.954849568277035515e-02 6.424181046189862687e-02
5.713157392883911473e-02 -2.538909834769439211e+00 -1.920588158342238572e+01 1.982627487442803829e-02 6.646715867592986604e-02
5.926087937366650987e-02 -2.618701992480414020e+00 -1.981775903098209568e+01 7.763015221177672377e-03 6.871127007909137718e-02
6.142810511398891227e-02 -2.498639503053512012e+00 -2.043296935804286818e+01 -5.530438872145708451e-03 7.095788431383627526e-02
6.363905987773943451e-02 -2.179017949193948311e+00 -2.105228842781815857e+01 -1.863271509394196640e-02 7.318799699118293256e-02
6.589905462699456595e-02 -1.682073139036795784e+00 -2.167592200757471943e+01 -2.991645861723655694e-02 7.538223544400732279e-02
6.821303777471893204e-02 -1.053164935040980854e+00 -2.230364522083571899e+01 -3.771506495325929048e-02 7.752373367646807345e-02
7.058569295623144668e-02 -3.592749264781098240e-01 -2.293495272619207626e+01 -4.055000513427572256e-02 7.960121842622272514e-02
7.302151078341848067e-02 3.159268530013708554e-01 -2.356922316225802305e+01 -3.739814742690635713e-02 8.161178510531903740e-02
7.552484208759156770e-02 8.808743478549641015e-01 -2.420587701089956667e+01 -2.796392471442955829e-02 8.356265946397847810e-02
7.809993771898864068e-02 1.248545722822278936e+00 -2.484453714734407370e+01 -1.291241856146261961e-02 8.547164422570073528e-02
8.075097841899980811e-02 1.351396692359694063e+00 -2.548516376693742203e+01 6.011932845074667575e-03 8.736566994860982260e-02
8.348209727421543325e-02 1.156857745101260937e+00 -2.612815396549986957e+01 2.604754661794819737e-02 8.927758476964242629e-02
8.629739659865950929e-02 6.803230294532901512e-01 -2.677438098684915602e+01 4.371471496157464803e-02 9.124156066985265878e-02
8.920096065048471745e-02 -8.369942248301572019e-03 -2.742515584654943694e+01 5.538060212588363090e-02 9.328775067762537510e-02
9.219686529621883009e-02 -7.884773883007412110e-01 -2.808206669221182850e+01 5.803658079482850590e-02 9.543679758971193583e-02
9.528918554088634807e-02 -1.504740509086541334e+00 -2.874674964255044074e+01 5.017666497269653719e-02 9.769522071222971893e-02
9.848200171411913839e-02 -1.996575135883427388e+00 -2.942055852310163644e+01 3.253339792591604385e-02 1.000521252169700587e-01
1.017794050192163818e-01 -2.136757930857103638e+00 -3.010427944816517254e+01 8.430555959061166588e-03 1.024790973062652127e-01
1.051855030991714346e-01 -1.870961305072544656e+00 -3.079792858860234617e+01 -1.654181199493376386e-02 1.049342586357255580e-01
1.087044262405384015e-01 -1.246596287986583285e+00 -3.150072842791038497e+01 -3.565686333518371109e-02 1.073712018616040376e-01
1.123403348153496212e-01 -4.176488222642638082e-01 -3.221129559672130682e+01 -4.289742211147519468e-02 1.097520286537858603e-01
1.160974285481344848e-01 3.839111751376257375e-01 -3.292797066692935459e+01 -3.508898985850763402e-02 1.120599858010788569e-01
1.199799581863299908e-01 9.108007887481096576e-01 -3.364925560321997722e+01 -1.360698428376878356e-02 1.143067114615436419e-01
1.239922401465639590e-01 9.835692889850876641e-01 -3.437427556149547314e+01 1.520237301849164911e-02 1.165302956976168314e-01
1.281386747065189069e-01 5.674784892392810143e-01 -3.510302068311445112e+01 4.150001047331358661e-02 1.187828160949213480e-01
1.324237683139079247e-01 -1.918068629797519409e-01 -3.583642160991411885e+01 5.529386180480908020e-02 1.211133382217593757e-01
1.368521605935290320e-01 -1.001089216813751070e+00 -3.657597572311090062e+01 5.067683403767144629e-02 1.235497754744087351e-01
1.414286566548768054e-01 -1.525594014497310136e+00 -3.732316573142024652e+01 2.915376450581893403e-02 1.260867405972213862e-01
1.461582653423090239e-01 -1.535947190256980344e+00 -3.807881162896966742e+01 8.269085983802354489e-05 1.286850466972038476e-01
1.510462441347523999e-01 -1.031138794551339943e+00 -3.884273339365824285e+01 -2.281813676319613751e-02 1.312881695700034435e-01
1.560981515015199550e-01 -2.653595350743127579e-01 -3.961376540210522279e+01 -2.802104238411727566e-02 1.338500112748815529e-01
1.613199076661060438e-01 3.608254121542918691e-01 -4.039030707470240600e+01 -1.276465198007653915e-02 1.363586832946066252e-01
1.667178649344015773e-01 5.113734955209704447e-01 -4.117102767364972493e+01 1.434355673829399054e-02 1.388401163619546463e-01
1.722988890245290006e-01 1.195561965758916573e-01 -4.195559517746637113e+01 3.732193595986112861e-02 1.413424621836403827e-01
1.780704532139522622e-01 -5.491096154965912080e-01 -4.274479858981314351e+01 4.225454152470970587e-02 1.439088560984494447e-01
1.840407476237926332e-01 -1.048366380001666043e+00 -4.354009579854249523e+01 2.679098901412320377e-02 1.465510965168793089e-01
1.902188066280314782e-01 -1.050243392652212782e+00 -4.434279048161756265e+01 2.747875940793198003e-03 1.492420237967748697e-01
1.966146582580214075e-01 -5.917749827654804617e-01 -4.515335245871685999e+01 -1.162883556680588751e-02 1.519391285789631341e-01
2.032395006422066386e-01 -6.236300812717843201e-02 -4.597133680521224619e+01 -5.609134981198136624e-03 1.546188461823553295e-01
2.101059120786731571e-01 1.030503433476369635e-01 -4.679603231610078495e+01 1.458183396117997306e-02 1.572911047779431692e-01
2.172281034296310032e-01 -1.999618576038739992e-01 -4.762737490187925715e+01 3.034289308014002928e-02 1.599907409175365114e-01
2.246222243635875027e-01 -6.433512650224165741e-01 -4.846620815574186025e+01 2.765253038912646871e-02 1.627471238381120733e-01
2.323067388640138731e-01 -7.830463762318746745e-01 -4.931396333718302571e+01 1.134392588247030119e-02 1.655549367094270863e-01
2.403028908373950057e-01 -5.194710021906078223e-01 -5.017196152047289814e+01 4.993755080853115981e-04 1.683872861894152584e-01
2.486352882931500419e-01 -2.036802217278954608e-01 -5.104119760947646967e+01 6.888497003263581615e-03 1.712323241503181659e-01
2.573326455192320728e-01 -2.152951241124374804e-01 -5.192251031143846518e+01 2.058350471640721033e-02 1.741072748773500323e-01
2.664287386463627949e-01 -4.857161546060258517e-01 -5.281743199335859629e+01 2.319126883983114659e-02 1.770450621859157858e-01
2.759636537157618696e-01 -6.101130853270007037e-01 -5.372791725933697649e+01 1.366758863320498806e-02 1.800493484499074148e-01
2.859854423232925380e-01 -4.466380698242242153e-01 -5.465625040841960924e+01 8.846125416343332895e-03 1.831026308006985515e-01
2.965523556403012462e-01 -3.141922871705186138e-01 -5.560510264462162411e+01 1.542300874735587531e-02 1.862071442743271354e-01
3.077359161141278165e-01 -4.267575355617219124e-01 -5.657808438476289581e+01 1.994498213522415478e-02 1.893976954808091751e-01
3.196252305697432350e-01 -5.285230987620508358e-01 -5.757967554038585689e+01 1.570285434248524029e-02 1.926963753447744621e-01
3.323331913366004420e-01 -4.411888835205499126e-01 -5.861507857145297606e+01 1.410333396828549260e-02 1.960994726767010254e-01
3.460056346838693564e-01 -4.127481210265261380e-01 -5.969080697296097782e+01 1.787826427523460729e-02 1.996255022114696298e-01
3.608352900096661320e-01 -4.915722056311013777e-01 -6.081605590893328639e+01 1.757067631504265551e-02 2.033240190122053148e-01
3.770837961305831265e-01 -4.645077910302290447e-01 -6.200302988102907165e+01 1.651663245633140653e-02 2.072256500359341280e-01
3.951179233651516132e-01 -4.642365516523384583e-01 -6.326800055429764313e+01 1.837888969306083684e-02 2.113781158524949133e-01
4.154721458274142076e-01 -4.887995119842192260e-01 -6.463500195244209579e+01 1.786503220034968073e-02 2.158707215343463881e-01
4.389631309222531974e-01 -4.837045788165038607e-01 -6.613973018559454431e+01 1.884169184969334415e-02 2.208131264576004005e-01
4.669138509778602009e-01 -4.979912791987127774e-01 -6.783854028087588972e+01 1.898506091716567479e-02 2.263954612348461071e-01
5.016273351665004876e-01 -5.108257931310786759e-01 -6.982517853622174187e+01 1.968081851136820742e-02 2.329233489203640373e-01
5.474687711054407879e-01 -5.234823070037223358e-01 -7.226511625075048073e+01 2.040516239846334318e-02 2.409416069170950692e-01
6.134215182299465052e-01 -5.421735894570306469e-01 -7.546325548199530431e+01 2.133755481617054250e-02 2.514510335503756244e-01
7.177958386496081644e-01 -5.699410978446095566e-01 -7.992875697323169959e+01 2.262967345793692395e-02 2.661283675712867169e-01
8.837839785810287507e-01 -6.082918869823529251e-01 -8.591220177459690888e+01 2.435013246961895139e-02 2.857970183074719506e-01
1.110835490954998450e+00 -6.523894070878890616e-01 -9.257178112537316395e+01 2.625844125840768109e-02 3.076916549378123089e-01
1.398425728140052726e+00 -6.978438981099470695e-01 -9.935257794644954288e+01 2.819609195420471476e-02 3.299874330354350960e-01
1.760513564084405180e+00 -7.445859063503950104e-01 -1.061988176460317845e+02 3.014886358207702344e-02 3.525014659895551739e-01
2.216355263571806233e+00 -7.919740972700897164e-01 -1.130983389080590484e+02 3.211425914249897012e-02 3.751916246356231111e-01
2.790225962874303356e+00 -8.399951044472134809e-01 -1.200438477248990239e+02 3.409103501112407952e-02 3.980343204376443067e-01
3.512686369310308976e+00 -8.884546351940320053e-01 -1.270253734425045167e+02 3.607667404238093511e-02 4.209938909392569317e-01
4.422210133987739766e+00 -9.373303630103925199e-01 -1.340460094728602201e+02 3.807320303632642788e-02 4.440894458226286035e-01
5.567232713970854618e+00 -9.864494448529209647e-01 -1.410903128817684831e+02 4.007555389392433720e-02 4.672594046835176207e-01
7.008730736989718046e+00 -1.035792460027912920e+00 -1.481581701252074481e+02 4.208424806530110251e-02 4.905077378869018845e-01
8.823469229219218946e+00 -1.085329662341466106e+00 -1.552472080332580333e+02 4.409880762275823068e-02 5.138276605584306544e-01
1.110808963284796924e+01 -1.134978369662371867e+00 -1.623501173370360107e+02 4.611685611874849489e-02 5.371909578696439924e-01
1.398425631527964974e+01 -1.184849690067615757e+00 -1.694788981736267317e+02 4.814302410919751862e-02 5.606510238903329446e-01
1.760513564034861744e+01 -1.234704856715432619e+00 -1.766072909788308607e+02 5.016783404512577260e-02 5.840984772581829798e-01
2.216355263571805523e+01 -1.284670473135580249e+00 -1.837498254310036998e+02 5.219673577305387197e-02 6.075973292564511574e-01
2.790225962874305310e+01 -1.334651542487288900e+00 -1.908959971429238180e+02 5.422581398003331610e-02 6.311041646398543037e-01
3.512686369310311818e+01 -1.384668018533023570e+00 -1.980485096890784860e+02 5.625583834285063922e-02 6.546312040601337534e-01
4.422210133987742608e+01 -1.434730178792174682e+00 -2.052090746602810896e+02 5.828708946150216313e-02 6.781871931095218020e-01
5.567232713970858526e+01 -1.484691867901639650e+00 -2.123627620500104172e+02 6.031337050545559908e-02 7.017095109449988932e-01
7.008730736989723198e+01 -1.534708184622992189e+00 -2.195285065162481430e+02 6.234044421179182893e-02 7.252797490640787714e-01
8.823469229219224985e+01 -1.584655441042375879e+00 -2.266959908523365073e+02 6.436243499106317212e-02 7.488542749791057274e-01
1.110808963284797670e+02 -1.634532515831625954e+00 -2.338704562941446738e+02 6.637786815536678153e-02 7.724556715193853229e-01
1.398425631527966004e+02 -1.684076300920472224e+00 -2.410314427890742195e+02 6.837378797822557530e-02 7.959983194828416098e-01
1.760513564034862952e+02 -1.733281067729490976e+00 -2.481928967881823951e+02 7.034628036777260118e-02 8.195415995701946787e-01
2.216355263571806518e+02 -1.781804196010004837e+00 -2.553399390568541776e+02 7.227529772445653866e-02 8.430228747764001440e-01
2.790225962874307015e+02 -1.829592679435047664e+00 -2.625052811192122704e+02 7.414901859903184900e-02 8.665801618201179890e-01
3.512686369310313808e+02 -1.875439019884495240e+00 -2.696154220445097849e+02 7.590270422040028275e-02 8.899046915221014986e-01
4.422210133987745735e+02 -1.919262650774594015e+00 -2.767620015114779903e+02 7.750798982604358012e-02 9.133818715728302395e-01
5.567232713970861369e+02 -1.959452138520098030e+00 -2.839255595310880835e+02 7.885953576063853276e-02 9.369293080596697854e-01
7.008730736989725756e+02 -1.993015404748139208e+00 -2.910265696080900284e+02 7.977393736970037064e-02 9.602132777659846408e-01
8.823469229219227827e+02 -2.016831118491243746e+00 -2.981207152357371797e+02 8.002937617882004140e-02 9.834681505316875683e-01
1.110808963284797983e+03 -2.024656486495596486e+00 -3.051343703254574962e+02 7.923374269855061602e-02 1.006383491497137017e+00
1.398425631527966289e+03 -2.008917899630117798e+00 -3.121717130547971806e+02 7.688817698504353537e-02 1.029399078916350296e+00
1.760513564034863293e+03 -1.956791581256850820e+00 -3.191599603665816289e+02 7.224831090826248914e-02 1.052205278319849224e+00
2.216355263571807427e+03 -1.851707955467142064e+00 -3.260220487804698450e+02 6.446828329149718873e-02 1.074480994350765828e+00
2.790225962874307697e+03 -1.676403346358995128e+00 -3.327422904595562727e+02 5.294485470062447463e-02 1.096156363385464738e+00
3.512686369310314149e+03 -1.422099858296451469e+00 -3.395033380699539975e+02 3.807918506632146372e-02 1.117999129759535748e+00
4.422210133987746303e+03 -1.101892455462948783e+00 -3.461865586413076699e+02 2.218776801598280196e-02 1.139510187461699964e+00
5.567232713970863188e+03 -7.676065725247475102e-01 -3.526112462744138725e+02 9.533812197018680032e-03 1.159934565117840544e+00
7.008730736989728030e+03 -4.916700322514104826e-01 -3.587967561700157830e+02 3.260511989137614922e-03 1.179357459641833250e+00
8.823469229219230328e+03 -3.099005677262245406e-01 -3.650070962635272735e+02 1.788032490552931338e-03 1.198889683085428981e+00
1.110808963284798301e+04 -1.988166318312637737e-01 -3.706539753753228865e+02 1.229047824511062762e-03 1.216068723884870639e+00
1.398425631527966834e+04 -1.272965679354273738e-01 -3.760710270331450715e+02 7.484899615285426277e-04 1.232292404051556156e+00
