    0.52658E-05    0.24496E+02
    0.53487E-05    0.24870E+02
    0.54330E-05    0.25249E+02
    0.55185E-05    0.25634E+02
    0.56054E-05    0.26025E+02
    0.56937E-05    0.26422E+02
    0.57833E-05    0.26826E+02
    0.58744E-05    0.27235E+02
    0.59669E-05    0.27650E+02
    0.60609E-05    0.28072E+02
    0.61563E-05    0.28500E+02
    0.62533E-05    0.28935E+02
    0.63518E-05    0.29377E+02
    0.64518E-05    0.29825E+02
    0.65534E-05    0.30280E+02
    0.66566E-05    0.30742E+02
    0.67614E-05    0.31211E+02
    0.68679E-05    0.31687E+02
    0.69761E-05    0.32170E+02
    0.70859E-05    0.32661E+02
    0.71975E-05    0.33159E+02
    0.73108E-05    0.33665E+02
    0.74260E-05    0.34179E+02
    0.75429E-05    0.34700E+02
    0.76617E-05    0.35230E+02
    0.77823E-05    0.35767E+02
    0.79049E-05    0.36313E+02
    0.80294E-05    0.36867E+02
    0.81558E-05    0.37429E+02
    0.82843E-05    0.38000E+02
    0.84147E-05    0.38580E+02
    0.85472E-05    0.39168E+02
    0.86818E-05    0.39766E+02
    0.88186E-05    0.40373E+02
    0.89574E-05    0.40988E+02
    0.90985E-05    0.41614E+02
    0.92418E-05    0.42249E+02
    0.93873E-05    0.42893E+02
    0.95351E-05    0.43548E+02
    0.96853E-05    0.44212E+02
    0.98378E-05    0.44886E+02
    0.99927E-05    0.45571E+02
    0.10150E-04    0.46266E+02
    0.10310E-04    0.46972E+02
    0.10472E-04    0.47689E+02
    0.10637E-04    0.48416E+02
    0.10805E-04    0.49155E+02
    0.10975E-04    0.49905E+02
    0.11148E-04    0.50666E+02
    0.11323E-04    0.51439E+02
    0.11502E-04    0.52224E+02
    0.11683E-04    0.53021E+02
    0.11867E-04    0.53829E+02
    0.12054E-04    0.54651E+02
    0.12243E-04    0.55484E+02
    0.12436E-04    0.56331E+02
    0.12632E-04    0.57190E+02
    0.12831E-04    0.58063E+02
    0.13033E-04    0.58949E+02
    0.13238E-04    0.59848E+02
    0.13447E-04    0.60761E+02
    0.13658E-04    0.61688E+02
    0.13874E-04    0.62629E+02
    0.14092E-04    0.63584E+02
    0.14314E-04    0.64554E+02
    0.14539E-04    0.65539E+02
    0.14768E-04    0.66539E+02
    0.15001E-04    0.67554E+02
    0.15237E-04    0.68585E+02
    0.15477E-04    0.69631E+02
    0.15721E-04    0.70693E+02
    0.15968E-04    0.71772E+02
    0.16220E-04    0.72867E+02
    0.16475E-04    0.73978E+02
    0.16735E-04    0.75107E+02
    0.16998E-04    0.76253E+02
    0.17266E-04    0.77416E+02
    0.17538E-04    0.78597E+02
    0.17814E-04    0.79796E+02
    0.18094E-04    0.81013E+02
    0.18379E-04    0.82249E+02
    0.18669E-04    0.83504E+02
    0.18963E-04    0.84778E+02
    0.19261E-04    0.86071E+02
    0.19565E-04    0.87384E+02
    0.19873E-04    0.88717E+02
    0.20186E-04    0.90071E+02
    0.20504E-04    0.91445E+02
    0.20827E-04    0.92840E+02
    0.21155E-04    0.94256E+02
    0.21488E-04    0.95694E+02
    0.21826E-04    0.97154E+02
    0.22170E-04    0.98636E+02
    0.22519E-04    0.10014E+03
    0.22874E-04    0.10167E+03
    0.23234E-04    0.10322E+03
    0.23600E-04    0.10479E+03
    0.23971E-04    0.10639E+03
    0.24349E-04    0.10802E+03
    0.24732E-04    0.10966E+03
    0.25122E-04    0.11134E+03
    0.25517E-04    0.11304E+03
    0.25919E-04    0.11476E+03
    0.26327E-04    0.11651E+03
    0.26742E-04    0.11829E+03
    0.27163E-04    0.12009E+03
    0.27591E-04    0.12192E+03
    0.28025E-04    0.12378E+03
    0.28467E-04    0.12567E+03
    0.28915E-04    0.12759E+03
    0.29370E-04    0.12954E+03
    0.29833E-04    0.13151E+03
    0.30303E-04    0.13352E+03
    0.30780E-04    0.13556E+03
    0.31264E-04    0.13762E+03
    0.31757E-04    0.13972E+03
    0.32257E-04    0.14185E+03
    0.32765E-04    0.14402E+03
    0.33281E-04    0.14621E+03
    0.33805E-04    0.14845E+03
    0.34337E-04    0.15071E+03
    0.34878E-04    0.15301E+03
    0.35427E-04    0.15534E+03
    0.35985E-04    0.15771E+03
    0.36552E-04    0.16012E+03
    0.37127E-04    0.16256E+03
    0.37712E-04    0.16504E+03
    0.38306E-04    0.16756E+03
    0.38909E-04    0.17011E+03
    0.39522E-04    0.17271E+03
    0.40144E-04    0.17534E+03
    0.40777E-04    0.17802E+03
    0.41419E-04    0.18073E+03
    0.42071E-04    0.18349E+03
    0.42733E-04    0.18629E+03
    0.43406E-04    0.18913E+03
    0.44090E-04    0.19202E+03
    0.44784E-04    0.19495E+03
    0.45490E-04    0.19792E+03
    0.46206E-04    0.20094E+03
    0.46934E-04    0.20400E+03
    0.47673E-04    0.20712E+03
    0.48423E-04    0.21028E+03
    0.49186E-04    0.21348E+03
    0.49961E-04    0.21674E+03
    0.50747E-04    0.22005E+03
    0.51546E-04    0.22340E+03
    0.52358E-04    0.22681E+03
    0.53183E-04    0.23027E+03
    0.54020E-04    0.23378E+03
    0.54871E-04    0.23735E+03
    0.55735E-04    0.24097E+03
    0.56613E-04    0.24464E+03
    0.57504E-04    0.24838E+03
    0.58410E-04    0.25216E+03
    0.59330E-04    0.25601E+03
    0.60264E-04    0.25992E+03
    0.61213E-04    0.26388E+03
    0.62177E-04    0.26790E+03
    0.63156E-04    0.27199E+03
    0.64151E-04    0.27614E+03
    0.65161E-04    0.28035E+03
    0.66187E-04    0.28463E+03
    0.67229E-04    0.28897E+03
    0.68288E-04    0.29338E+03
    0.69363E-04    0.29785E+03
    0.70456E-04    0.30239E+03
    0.71565E-04    0.30701E+03
    0.72692E-04    0.31169E+03
    0.73837E-04    0.31644E+03
    0.75000E-04    0.32127E+03
    0.76181E-04    0.32617E+03
    0.77380E-04    0.33114E+03
    0.78599E-04    0.33619E+03
    0.79837E-04    0.34132E+03
    0.81094E-04    0.34652E+03
    0.82371E-04    0.35181E+03
    0.83668E-04    0.35717E+03
    0.84986E-04    0.36262E+03
    0.86324E-04    0.36815E+03
    0.87683E-04    0.37377E+03
    0.89064E-04    0.37947E+03
    0.90467E-04    0.38525E+03
    0.91891E-04    0.39113E+03
    0.93339E-04    0.39709E+03
    0.94808E-04    0.40315E+03
    0.96301E-04    0.40929E+03
    0.97818E-04    0.41553E+03
    0.99358E-04    0.42187E+03
    0.10092E-03    0.42830E+03
    0.10251E-03    0.43483E+03
    0.10413E-03    0.44146E+03
    0.10577E-03    0.44819E+03
    0.10743E-03    0.45503E+03
    0.10912E-03    0.46197E+03
    0.11084E-03    0.46901E+03
    0.11259E-03    0.47616E+03
    0.11436E-03    0.48342E+03
    0.11616E-03    0.49079E+03
    0.11799E-03    0.49827E+03
    0.11985E-03    0.50587E+03
    0.12174E-03    0.51358E+03
    0.12365E-03    0.52141E+03
    0.12560E-03    0.52935E+03
    0.12758E-03    0.53742E+03
    0.12959E-03    0.54562E+03
    0.13163E-03    0.55393E+03
    0.13370E-03    0.56237E+03
    0.13581E-03    0.57095E+03
    0.13795E-03    0.57965E+03
    0.14012E-03    0.58848E+03
    0.14232E-03    0.59745E+03
    0.14457E-03    0.60655E+03
    0.14684E-03    0.61580E+03
    0.14915E-03    0.62518E+03
    0.15150E-03    0.63471E+03
    0.15389E-03    0.64438E+03
    0.15631E-03    0.65420E+03
    0.15877E-03    0.66416E+03
    0.16127E-03    0.67428E+03
    0.16381E-03    0.68456E+03
    0.16639E-03    0.69498E+03
    0.16901E-03    0.70557E+03
    0.17168E-03    0.71632E+03
    0.17438E-03    0.72723E+03
    0.17713E-03    0.73831E+03
    0.17991E-03    0.74955E+03
    0.18275E-03    0.76097E+03
    0.18563E-03    0.77256E+03
    0.18855E-03    0.78432E+03
    0.19152E-03    0.79626E+03
    0.19453E-03    0.80839E+03
    0.19760E-03    0.82069E+03
    0.20071E-03    0.83319E+03
    0.20387E-03    0.84587E+03
    0.20708E-03    0.85875E+03
    0.21034E-03    0.87182E+03
    0.21365E-03    0.88509E+03
    0.21702E-03    0.89856E+03
    0.22044E-03    0.91224E+03
    0.22391E-03    0.92612E+03
    0.22743E-03    0.94021E+03
    0.23102E-03    0.95451E+03
    0.23465E-03    0.96903E+03
    0.23835E-03    0.98378E+03
    0.24210E-03    0.99874E+03
    0.24591E-03    0.10139E+04
    0.24979E-03    0.10293E+04
    0.25372E-03    0.10450E+04
    0.25772E-03    0.10609E+04
    0.26177E-03    0.10770E+04
    0.26590E-03    0.10934E+04
    0.27008E-03    0.11100E+04
    0.27434E-03    0.11269E+04
    0.27866E-03    0.11440E+04
    0.28305E-03    0.11614E+04
    0.28750E-03    0.11790E+04
    0.29203E-03    0.11969E+04
    0.29663E-03    0.12151E+04
    0.30130E-03    0.12336E+04
    0.30605E-03    0.12523E+04
    0.31086E-03    0.12713E+04
    0.31576E-03    0.12906E+04
    0.32073E-03    0.13102E+04
    0.32578E-03    0.13301E+04
    0.33091E-03    0.13503E+04
    0.33612E-03    0.13708E+04
    0.34142E-03    0.13916E+04
    0.34679E-03    0.14127E+04
    0.35226E-03    0.14341E+04
    0.35780E-03    0.14558E+04
    0.36344E-03    0.14779E+04
    0.36916E-03    0.15003E+04
    0.37497E-03    0.15230E+04
    0.38088E-03    0.15461E+04
    0.38688E-03    0.15695E+04
    0.39297E-03    0.15933E+04
    0.39916E-03    0.16174E+04
    0.40544E-03    0.16419E+04
    0.41183E-03    0.16667E+04
    0.41831E-03    0.16919E+04
    0.42490E-03    0.17175E+04
    0.43159E-03    0.17435E+04
    0.43839E-03    0.17699E+04
    0.44529E-03    0.17966E+04
    0.45231E-03    0.18238E+04
    0.45943E-03    0.18513E+04
    0.46666E-03    0.18793E+04
    0.47401E-03    0.19076E+04
    0.48148E-03    0.19364E+04
    0.48906E-03    0.19656E+04
    0.49676E-03    0.19953E+04
    0.50458E-03    0.20254E+04
    0.51253E-03    0.20559E+04
    0.52060E-03    0.20869E+04
    0.52880E-03    0.21183E+04
    0.53713E-03    0.21502E+04
    0.54558E-03    0.21826E+04
    0.55418E-03    0.22154E+04
    0.56290E-03    0.22487E+04
    0.57177E-03    0.22826E+04
    0.58077E-03    0.23169E+04
    0.58992E-03    0.23517E+04
    0.59921E-03    0.23870E+04
    0.60864E-03    0.24228E+04
    0.61823E-03    0.24592E+04
    0.62796E-03    0.24960E+04
    0.63785E-03    0.25335E+04
    0.64790E-03    0.25714E+04
    0.65810E-03    0.26099E+04
    0.66846E-03    0.26490E+04
    0.67899E-03    0.26886E+04
    0.68968E-03    0.27288E+04
    0.70054E-03    0.27696E+04
    0.71158E-03    0.28110E+04
    0.72278E-03    0.28530E+04
    0.73416E-03    0.28955E+04
    0.74573E-03    0.29387E+04
    0.75747E-03    0.29825E+04
    0.76940E-03    0.30269E+04
    0.78151E-03    0.30720E+04
    0.79382E-03    0.31177E+04
    0.80632E-03    0.31640E+04
    0.81902E-03    0.32111E+04
    0.83192E-03    0.32587E+04
    0.84502E-03    0.33071E+04
    0.85833E-03    0.33561E+04
    0.87184E-03    0.34059E+04
    0.88557E-03    0.34563E+04
    0.89952E-03    0.35074E+04
    0.91368E-03    0.35593E+04
    0.92807E-03    0.36119E+04
    0.94269E-03    0.36652E+04
    0.95753E-03    0.37193E+04
    0.97261E-03    0.37741E+04
    0.98793E-03    0.38297E+04
    0.10035E-02    0.38860E+04
    0.10193E-02    0.39431E+04
    0.10353E-02    0.40010E+04
    0.10516E-02    0.40598E+04
    0.10682E-02    0.41193E+04
    0.10850E-02    0.41796E+04
    0.11021E-02    0.42408E+04
    0.11195E-02    0.43028E+04
    0.11371E-02    0.43656E+04
    0.11550E-02    0.44293E+04
    0.11732E-02    0.44939E+04
    0.11917E-02    0.45593E+04
    0.12104E-02    0.46256E+04
    0.12295E-02    0.46928E+04
    0.12489E-02    0.47609E+04
    0.12685E-02    0.48299E+04
    0.12885E-02    0.48998E+04
    0.13088E-02    0.49707E+04
    0.13294E-02    0.50424E+04
    0.13503E-02    0.51152E+04
    0.13716E-02    0.51888E+04
    0.13932E-02    0.52635E+04
    0.14151E-02    0.53391E+04
    0.14374E-02    0.54157E+04
    0.14601E-02    0.54933E+04
    0.14831E-02    0.55719E+04
    0.15064E-02    0.56515E+04
    0.15301E-02    0.57321E+04
    0.15542E-02    0.58137E+04
    0.15787E-02    0.58964E+04
    0.16036E-02    0.59801E+04
    0.16288E-02    0.60649E+04
    0.16545E-02    0.61507E+04
    0.16805E-02    0.62376E+04
    0.17070E-02    0.63256E+04
    0.17339E-02    0.64147E+04
    0.17612E-02    0.65048E+04
    0.17889E-02    0.65961E+04
    0.18171E-02    0.66885E+04
    0.18457E-02    0.67820E+04
    0.18748E-02    0.68766E+04
    0.19043E-02    0.69723E+04
    0.19343E-02    0.70692E+04
    0.19647E-02    0.71672E+04
    0.19957E-02    0.72664E+04
    0.20271E-02    0.73667E+04
    0.20590E-02    0.74682E+04
    0.20914E-02    0.75709E+04
    0.21244E-02    0.76748E+04
    0.21578E-02    0.77798E+04
    0.21918E-02    0.78860E+04
    0.22263E-02    0.79935E+04
    0.22614E-02    0.81021E+04
    0.22970E-02    0.82119E+04
    0.23332E-02    0.83229E+04
    0.23699E-02    0.84352E+04
    0.24072E-02    0.85486E+04
    0.24451E-02    0.86633E+04
    0.24836E-02    0.87792E+04
    0.25228E-02    0.88963E+04
    0.25625E-02    0.90146E+04
    0.26028E-02    0.91342E+04
    0.26438E-02    0.92550E+04
    0.26855E-02    0.93770E+04
    0.27278E-02    0.95002E+04
    0.27707E-02    0.96247E+04
    0.28143E-02    0.97504E+04
    0.28587E-02    0.98773E+04
    0.29037E-02    0.10005E+05
    0.29494E-02    0.10135E+05
    0.29958E-02    0.10265E+05
    0.30430E-02    0.10397E+05
    0.30909E-02    0.10530E+05
    0.31396E-02    0.10665E+05
    0.31891E-02    0.10800E+05
    0.32393E-02    0.10937E+05
    0.32903E-02    0.11074E+05
    0.33421E-02    0.11213E+05
    0.33947E-02    0.11354E+05
    0.34482E-02    0.11495E+05
    0.35025E-02    0.11638E+05
    0.35577E-02    0.11781E+05
    0.36137E-02    0.11926E+05
    0.36706E-02    0.12072E+05
    0.37284E-02    0.12219E+05
    0.37871E-02    0.12367E+05
    0.38467E-02    0.12516E+05
    0.39073E-02    0.12667E+05
    0.39689E-02    0.12818E+05
    0.40314E-02    0.12971E+05
    0.40948E-02    0.13124E+05
    0.41593E-02    0.13278E+05
    0.42248E-02    0.13434E+05
    0.42914E-02    0.13590E+05
    0.43589E-02    0.13748E+05
    0.44276E-02    0.13906E+05
    0.44973E-02    0.14065E+05
    0.45681E-02    0.14225E+05
    0.46401E-02    0.14386E+05
    0.47131E-02    0.14548E+05
    0.47874E-02    0.14710E+05
    0.48627E-02    0.14873E+05
    0.49393E-02    0.15037E+05
    0.50171E-02    0.15202E+05
    0.50961E-02    0.15367E+05
    0.51764E-02    0.15533E+05
    0.52579E-02    0.15700E+05
    0.53407E-02    0.15867E+05
    0.54248E-02    0.16035E+05
    0.55102E-02    0.16203E+05
    0.55970E-02    0.16372E+05
    0.56851E-02    0.16541E+05
    0.57746E-02    0.16710E+05
    0.58656E-02    0.16880E+05
    0.59580E-02    0.17049E+05
    0.60518E-02    0.17220E+05
    0.61471E-02    0.17390E+05
    0.62439E-02    0.17560E+05
    0.63422E-02    0.17731E+05
    0.64421E-02    0.17901E+05
    0.65435E-02    0.18072E+05
    0.66466E-02    0.18242E+05
    0.67512E-02    0.18412E+05
    0.68576E-02    0.18582E+05
    0.69656E-02    0.18751E+05
    0.70752E-02    0.18921E+05
    0.71867E-02    0.19090E+05
    0.72998E-02    0.19258E+05
    0.74148E-02    0.19426E+05
    0.75316E-02    0.19593E+05
    0.76502E-02    0.19759E+05
    0.77706E-02    0.19925E+05
    0.78930E-02    0.20089E+05
    0.80173E-02    0.20253E+05
    0.81436E-02    0.20416E+05
    0.82718E-02    0.20577E+05
    0.84021E-02    0.20738E+05
    0.85344E-02    0.20897E+05
    0.86688E-02    0.21055E+05
    0.88053E-02    0.21211E+05
    0.89440E-02    0.21366E+05
    0.90848E-02    0.21519E+05
    0.92279E-02    0.21670E+05
    0.93732E-02    0.21819E+05
    0.95208E-02    0.21967E+05
    0.96707E-02    0.22112E+05
    0.98230E-02    0.22256E+05
    0.99777E-02    0.22396E+05
    0.10135E-01    0.22535E+05
    0.10294E-01    0.22671E+05
    0.10457E-01    0.22805E+05
    0.10621E-01    0.22935E+05
    0.10788E-01    0.23063E+05
    0.10958E-01    0.23188E+05
    0.11131E-01    0.23310E+05
    0.11306E-01    0.23429E+05
    0.11484E-01    0.23544E+05
    0.11665E-01    0.23656E+05
    0.11849E-01    0.23765E+05
    0.12035E-01    0.23869E+05
    0.12225E-01    0.23970E+05
    0.12417E-01    0.24067E+05
    0.12613E-01    0.24160E+05
    0.12812E-01    0.24248E+05
    0.13013E-01    0.24333E+05
    0.13218E-01    0.24412E+05
    0.13426E-01    0.24488E+05
    0.13638E-01    0.24558E+05
    0.13853E-01    0.24624E+05
    0.14071E-01    0.24684E+05
    0.14292E-01    0.24739E+05
    0.14517E-01    0.24790E+05
    0.14746E-01    0.24834E+05
    0.14978E-01    0.24873E+05
    0.15214E-01    0.24907E+05
    0.15454E-01    0.24935E+05
    0.15697E-01    0.24957E+05
    0.15944E-01    0.24972E+05
    0.16195E-01    0.24982E+05
    0.16450E-01    0.24985E+05
    0.16710E-01    0.24983E+05
    0.16973E-01    0.24973E+05
    0.17240E-01    0.24957E+05
    0.17511E-01    0.24934E+05
    0.17787E-01    0.24905E+05
    0.18067E-01    0.24868E+05
    0.18352E-01    0.24825E+05
    0.18641E-01    0.24775E+05
    0.18934E-01    0.24717E+05
    0.19233E-01    0.24652E+05
    0.19535E-01    0.24581E+05
    0.19843E-01    0.24501E+05
    0.20156E-01    0.24415E+05
    0.20473E-01    0.24321E+05
    0.20795E-01    0.24220E+05
    0.21123E-01    0.24112E+05
    0.21455E-01    0.23996E+05
    0.21793E-01    0.23873E+05
    0.22136E-01    0.23742E+05
    0.22485E-01    0.23605E+05
    0.22839E-01    0.23460E+05
    0.23199E-01    0.23308E+05
    0.23564E-01    0.23149E+05
    0.23935E-01    0.22983E+05
    0.24312E-01    0.22811E+05
    0.24695E-01    0.22631E+05
    0.25084E-01    0.22446E+05
    0.25479E-01    0.22253E+05
    0.25880E-01    0.22055E+05
    0.26288E-01    0.21851E+05
    0.26702E-01    0.21641E+05
    0.27122E-01    0.21425E+05
    0.27549E-01    0.21205E+05
    0.27983E-01    0.20979E+05
    0.28424E-01    0.20748E+05
    0.28871E-01    0.20513E+05
    0.29326E-01    0.20274E+05
    0.29788E-01    0.20032E+05
    0.30257E-01    0.19786E+05
    0.30733E-01    0.19537E+05
    0.31217E-01    0.19285E+05
    0.31709E-01    0.19031E+05
    0.32208E-01    0.18775E+05
    0.32716E-01    0.18518E+05
    0.33231E-01    0.18259E+05
    0.33754E-01    0.18000E+05
    0.34286E-01    0.17741E+05
    0.34826E-01    0.17482E+05
    0.35374E-01    0.17224E+05
    0.35931E-01    0.16967E+05
    0.36497E-01    0.16711E+05
    0.37072E-01    0.16457E+05
    0.37655E-01    0.16206E+05
    0.38248E-01    0.15958E+05
    0.38851E-01    0.15712E+05
    0.39463E-01    0.15471E+05
    0.40084E-01    0.15233E+05
    0.40715E-01    0.15000E+05
    0.41356E-01    0.14771E+05
    0.42008E-01    0.14547E+05
    0.42669E-01    0.14329E+05
    0.43341E-01    0.14116E+05
    0.44024E-01    0.13909E+05
    0.44717E-01    0.13708E+05
    0.45421E-01    0.13512E+05
    0.46136E-01    0.13323E+05
    0.46863E-01    0.13141E+05
    0.47601E-01    0.12964E+05
    0.48351E-01    0.12794E+05
    0.49112E-01    0.12630E+05
    0.49885E-01    0.12472E+05
    0.50671E-01    0.12320E+05
    0.51469E-01    0.12173E+05
    0.52279E-01    0.12032E+05
    0.53103E-01    0.11896E+05
    0.53939E-01    0.11765E+05
    0.54788E-01    0.11638E+05
    0.55651E-01    0.11515E+05
    0.56528E-01    0.11395E+05
    0.57418E-01    0.11278E+05
    0.58322E-01    0.11163E+05
    0.59240E-01    0.11049E+05
    0.60173E-01    0.10935E+05
    0.61121E-01    0.10822E+05
    0.62083E-01    0.10708E+05
    0.63061E-01    0.10592E+05
    0.64054E-01    0.10474E+05
    0.65063E-01    0.10353E+05
    0.66087E-01    0.10228E+05
    0.67128E-01    0.10098E+05
    0.68185E-01    0.99636E+04
    0.69259E-01    0.98234E+04
    0.70350E-01    0.96771E+04
    0.71457E-01    0.95244E+04
    0.72583E-01    0.93649E+04
    0.73726E-01    0.91987E+04
    0.74887E-01    0.90257E+04
    0.76066E-01    0.88461E+04
    0.77264E-01    0.86603E+04
    0.78481E-01    0.84687E+04
    0.79717E-01    0.82719E+04
    0.80972E-01    0.80708E+04
    0.82247E-01    0.78661E+04
    0.83542E-01    0.76591E+04
    0.84858E-01    0.74508E+04
    0.86194E-01    0.72424E+04
    0.87552E-01    0.70352E+04
    0.88930E-01    0.68306E+04
    0.90331E-01    0.66297E+04
    0.91753E-01    0.64339E+04
    0.93198E-01    0.62444E+04
    0.94666E-01    0.60623E+04
    0.96157E-01    0.58886E+04
    0.97671E-01    0.57241E+04
    0.99209E-01    0.55695E+04
    0.10077E+00    0.54253E+04
    0.10236E+00    0.52918E+04
    0.10397E+00    0.51690E+04
    0.10561E+00    0.50568E+04
    0.10727E+00    0.49548E+04
    0.10896E+00    0.48623E+04
    0.11068E+00    0.47785E+04
    0.11242E+00    0.47023E+04
    0.11419E+00    0.46325E+04
    0.11599E+00    0.45677E+04
    0.11781E+00    0.45062E+04
    0.11967E+00    0.44465E+04
    0.12155E+00    0.43868E+04
    0.12347E+00    0.43256E+04
    0.12541E+00    0.42612E+04
    0.12739E+00    0.41923E+04
    0.12939E+00    0.41178E+04
    0.13143E+00    0.40368E+04
    0.13350E+00    0.39488E+04
    0.13560E+00    0.38540E+04
    0.13774E+00    0.37526E+04
    0.13991E+00    0.36453E+04
    0.14211E+00    0.35335E+04
    0.14435E+00    0.34185E+04
    0.14662E+00    0.33021E+04
    0.14893E+00    0.31862E+04
    0.15128E+00    0.30726E+04
    0.15366E+00    0.29631E+04
    0.15608E+00    0.28595E+04
    0.15854E+00    0.27629E+04
    0.16103E+00    0.26745E+04
    0.16357E+00    0.25947E+04
    0.16614E+00    0.25238E+04
    0.16876E+00    0.24614E+04
    0.17142E+00    0.24068E+04
    0.17412E+00    0.23588E+04
    0.17686E+00    0.23160E+04
    0.17964E+00    0.22766E+04
    0.18247E+00    0.22388E+04
    0.18535E+00    0.22008E+04
    0.18827E+00    0.21608E+04
    0.19123E+00    0.21175E+04
    0.19424E+00    0.20699E+04
    0.19730E+00    0.20175E+04
    0.20041E+00    0.19605E+04
    0.20356E+00    0.18995E+04
    0.20677E+00    0.18357E+04
    0.21003E+00    0.17706E+04
    0.21333E+00    0.17060E+04
    0.21669E+00    0.16434E+04
    0.22010E+00    0.15845E+04
    0.22357E+00    0.15303E+04
    0.22709E+00    0.14815E+04
    0.23067E+00    0.14384E+04
    0.23430E+00    0.14005E+04
    0.23799E+00    0.13670E+04
    0.24174E+00    0.13367E+04
    0.24554E+00    0.13083E+04
    0.24941E+00    0.12803E+04
    0.25334E+00    0.12513E+04
    0.25733E+00    0.12204E+04
    0.26138E+00    0.11871E+04
    0.26550E+00    0.11514E+04
    0.26968E+00    0.11140E+04
    0.27392E+00    0.10756E+04
    0.27824E+00    0.10375E+04
    0.28262E+00    0.10008E+04
    0.28707E+00    0.96649E+03
    0.29159E+00    0.93510E+03
    0.29618E+00    0.90681E+03
    0.30085E+00    0.88136E+03
    0.30558E+00    0.85811E+03
    0.31040E+00    0.83618E+03
    0.31529E+00    0.81465E+03
    0.32025E+00    0.79277E+03
    0.32529E+00    0.77004E+03
    0.33042E+00    0.74639E+03
    0.33562E+00    0.72207E+03
    0.34090E+00    0.69765E+03
    0.34627E+00    0.67378E+03
    0.35173E+00    0.65107E+03
    0.35726E+00    0.62991E+03
    0.36289E+00    0.61039E+03
    0.36861E+00    0.59230E+03
    0.37441E+00    0.57524E+03
    0.38031E+00    0.55869E+03
    0.38630E+00    0.54223E+03
    0.39238E+00    0.52560E+03
    0.39856E+00    0.50879E+03
    0.40483E+00    0.49200E+03
    0.41121E+00    0.47554E+03
    0.41769E+00    0.45974E+03
    0.42426E+00    0.44478E+03
    0.43094E+00    0.43070E+03
    0.43773E+00    0.41735E+03
    0.44462E+00    0.40450E+03
    0.45163E+00    0.39192E+03
    0.45874E+00    0.37946E+03
    0.46596E+00    0.36711E+03
    0.47330E+00    0.35497E+03
    0.48075E+00    0.34317E+03
    0.48832E+00    0.33186E+03
    0.49601E+00    0.32105E+03
    0.50382E+00    0.31071E+03
    0.51176E+00    0.30073E+03
    0.51982E+00    0.29100E+03
    0.52800E+00    0.28147E+03
    0.53632E+00    0.27215E+03
    0.54476E+00    0.26308E+03
    0.55334E+00    0.25431E+03
    0.56206E+00    0.24589E+03
    0.57091E+00    0.23777E+03
    0.57990E+00    0.22993E+03
    0.58903E+00    0.22230E+03
    0.59831E+00    0.21488E+03
    0.60773E+00    0.20767E+03
    0.61730E+00    0.20068E+03
    0.62702E+00    0.19394E+03
    0.63689E+00    0.18743E+03
    0.64692E+00    0.18113E+03
    0.65711E+00    0.17503E+03
    0.66746E+00    0.16911E+03
    0.67797E+00    0.16337E+03
    0.68865E+00    0.15782E+03
    0.69949E+00    0.15245E+03
    0.71051E+00    0.14727E+03
    0.72169E+00    0.14225E+03
    0.73306E+00    0.13739E+03
    0.74460E+00    0.13268E+03
    0.75633E+00    0.12813E+03
    0.76824E+00    0.12373E+03
    0.78034E+00    0.11948E+03
    0.79263E+00    0.11536E+03
    0.80511E+00    0.11138E+03
    0.81779E+00    0.10753E+03
    0.83067E+00    0.10380E+03
    0.84375E+00    0.10020E+03
    0.85703E+00    0.96719E+02
    0.87053E+00    0.93353E+02
    0.88424E+00    0.90099E+02
    0.89816E+00    0.86954E+02
    0.91231E+00    0.83914E+02
    0.92667E+00    0.80977E+02
    0.94127E+00    0.78137E+02
    0.95609E+00    0.75394E+02
    0.97115E+00    0.72742E+02
    0.98644E+00    0.70181E+02
    0.10020E+01    0.67706E+02
    0.10178E+01    0.65315E+02
    0.10338E+01    0.63005E+02
    0.10501E+01    0.60773E+02
    0.10666E+01    0.58617E+02
    0.10834E+01    0.56535E+02
    0.11005E+01    0.54524E+02
    0.11178E+01    0.52582E+02
    0.11354E+01    0.50707E+02
    0.11533E+01    0.48896E+02
    0.11714E+01    0.47147E+02
    0.11899E+01    0.45459E+02
    0.12086E+01    0.43829E+02
    0.12276E+01    0.42256E+02
    0.12470E+01    0.40737E+02
    0.12666E+01    0.39271E+02
    0.12866E+01    0.37856E+02
    0.13068E+01    0.36490E+02
    0.13274E+01    0.35171E+02
    0.13483E+01    0.33899E+02
    0.13695E+01    0.32671E+02
    0.13911E+01    0.31487E+02
    0.14130E+01    0.30344E+02
    0.14353E+01    0.29241E+02
    0.14579E+01    0.28177E+02
    0.14808E+01    0.27150E+02
    0.15041E+01    0.26160E+02
    0.15278E+01    0.25205E+02
    0.15519E+01    0.24283E+02
    0.15763E+01    0.23395E+02
    0.16012E+01    0.22537E+02
    0.16264E+01    0.21711E+02
    0.16520E+01    0.20913E+02
    0.16780E+01    0.20145E+02
    0.17044E+01    0.19403E+02
    0.17313E+01    0.18688E+02
    0.17585E+01    0.17999E+02
    0.17862E+01    0.17335E+02
    0.18143E+01    0.16694E+02
    0.18429E+01    0.16076E+02
    0.18719E+01    0.15481E+02
    0.19014E+01    0.14907E+02
    0.19314E+01    0.14354E+02
    0.19618E+01    0.13821E+02
    0.19927E+01    0.13307E+02
    0.20240E+01    0.12811E+02
    0.20559E+01    0.12334E+02
    0.20883E+01    0.11874E+02
    0.21212E+01    0.11431E+02
    0.21546E+01    0.11004E+02
    0.21885E+01    0.10592E+02
    0.22230E+01    0.10195E+02
    0.22580E+01    0.98133E+01
    0.22935E+01    0.94452E+01
    0.23297E+01    0.90906E+01
    0.23663E+01    0.87490E+01
    0.24036E+01    0.84199E+01
    0.24415E+01    0.81029E+01
    0.24799E+01    0.77976E+01
    0.25190E+01    0.75035E+01
    0.25586E+01    0.72203E+01
    0.25989E+01    0.69475E+01
    0.26399E+01    0.66848E+01
    0.26814E+01    0.64318E+01
    0.27236E+01    0.61881E+01
    0.27665E+01    0.59535E+01
    0.28101E+01    0.57276E+01
    0.28544E+01    0.55101E+01
    0.28993E+01    0.53006E+01
    0.29450E+01    0.50990E+01
    0.29913E+01    0.49049E+01
    0.30384E+01    0.47180E+01
    0.30863E+01    0.45381E+01
    0.31349E+01    0.43649E+01
    0.31843E+01    0.41982E+01
    0.32344E+01    0.40377E+01
    0.32853E+01    0.38833E+01
    0.33371E+01    0.37346E+01
    0.33896E+01    0.35915E+01
    0.34430E+01    0.34538E+01
    0.34972E+01    0.33212E+01
    0.35523E+01    0.31937E+01
    0.36082E+01    0.30710E+01
    0.36651E+01    0.29529E+01
    0.37228E+01    0.28392E+01
    0.37814E+01    0.27298E+01
    0.38410E+01    0.26246E+01
    0.39014E+01    0.25234E+01
    0.39629E+01    0.24260E+01
    0.40253E+01    0.23323E+01
    0.40887E+01    0.22421E+01
    0.41531E+01    0.21554E+01
    0.42185E+01    0.20719E+01
    0.42849E+01    0.19917E+01
    0.43524E+01    0.19145E+01
    0.44209E+01    0.18402E+01
    0.44905E+01    0.17688E+01
    0.45613E+01    0.17001E+01
    0.46331E+01    0.16340E+01
    0.47060E+01    0.15704E+01
    0.47802E+01    0.15093E+01
    0.48554E+01    0.14505E+01
    0.49319E+01    0.13940E+01
    0.50096E+01    0.13396E+01
    0.50884E+01    0.12874E+01
    0.51686E+01    0.12371E+01
    0.52500E+01    0.11887E+01
    0.53326E+01    0.11423E+01
    0.54166E+01    0.10976E+01
    0.55019E+01    0.10546E+01
    0.55886E+01    0.10133E+01
    0.56766E+01    0.97358E+00
    0.57660E+01    0.93540E+00
    0.58568E+01    0.89869E+00
    0.59490E+01    0.86340E+00
    0.60427E+01    0.82947E+00
    0.61378E+01    0.79686E+00
    0.62345E+01    0.76552E+00
    0.63327E+01    0.73539E+00
    0.64324E+01    0.70642E+00
    0.65337E+01    0.67858E+00
    0.66366E+01    0.65183E+00
    0.67411E+01    0.62611E+00
    0.68473E+01    0.60140E+00
    0.69551E+01    0.57764E+00
    0.70646E+01    0.55481E+00
    0.71759E+01    0.53287E+00
    0.72889E+01    0.51179E+00
    0.74036E+01    0.49153E+00
    0.75202E+01    0.47206E+00
    0.76387E+01    0.45336E+00
    0.77590E+01    0.43538E+00
    0.78811E+01    0.41811E+00
    0.80052E+01    0.40151E+00
    0.81313E+01    0.38556E+00
    0.82594E+01    0.37024E+00
    0.83894E+01    0.35552E+00
    0.85215E+01    0.34138E+00
    0.86557E+01    0.32780E+00
    0.87920E+01    0.31474E+00
    0.89305E+01    0.30221E+00
    0.90711E+01    0.29016E+00
    0.92140E+01    0.27859E+00
    0.93591E+01    0.26747E+00
    0.95065E+01    0.25679E+00
    0.96562E+01    0.24654E+00
    0.98082E+01    0.23669E+00
    0.99627E+01    0.22722E+00
    0.10120E+02    0.21814E+00
    0.10279E+02    0.20941E+00
    0.10441E+02    0.20102E+00
    0.10605E+02    0.19297E+00
    0.10772E+02    0.18524E+00
    0.10942E+02    0.17781E+00
    0.11114E+02    0.17068E+00
    0.11289E+02    0.16383E+00
    0.11467E+02    0.15725E+00
    0.11648E+02    0.15093E+00
    0.11831E+02    0.14487E+00
    0.12017E+02    0.13904E+00
    0.12207E+02    0.13345E+00
    0.12399E+02    0.12808E+00
    0.12594E+02    0.12292E+00
    0.12792E+02    0.11797E+00
    0.12994E+02    0.11322E+00
    0.13198E+02    0.10865E+00
    0.13406E+02    0.10427E+00
    0.13617E+02    0.10006E+00
    0.13832E+02    0.96022E-01
    0.14050E+02    0.92144E-01
    0.14271E+02    0.88421E-01
    0.14496E+02    0.84847E-01
    0.14724E+02    0.81416E-01
    0.14956E+02    0.78122E-01
    0.15191E+02    0.74960E-01
    0.15431E+02    0.71925E-01
    0.15674E+02    0.69011E-01
    0.15920E+02    0.66215E-01
    0.16171E+02    0.63530E-01
    0.16426E+02    0.60953E-01
    0.16684E+02    0.58480E-01
    0.16947E+02    0.56106E-01
    0.17214E+02    0.53828E-01
    0.17485E+02    0.51641E-01
    0.17760E+02    0.49542E-01
    0.18040E+02    0.47528E-01
    0.18324E+02    0.45595E-01
    0.18613E+02    0.43740E-01
    0.18906E+02    0.41959E-01
    0.19204E+02    0.40251E-01
    0.19506E+02    0.38611E-01
    0.19813E+02    0.37037E-01
    0.20125E+02    0.35527E-01
    0.20442E+02    0.34078E-01
    0.20764E+02    0.32688E-01
    0.21091E+02    0.31354E-01
    0.21423E+02    0.30073E-01
    0.21761E+02    0.28845E-01
    0.22103E+02    0.27666E-01
    0.22451E+02    0.26535E-01
    0.22805E+02    0.25450E-01
    0.23164E+02    0.24409E-01
    0.23529E+02    0.23410E-01
    0.23899E+02    0.22452E-01
    0.24276E+02    0.21532E-01
    0.24658E+02    0.20650E-01
    0.25046E+02    0.19803E-01
    0.25441E+02    0.18991E-01
    0.25841E+02    0.18212E-01
    0.26248E+02    0.17465E-01
    0.26662E+02    0.16748E-01
    0.27081E+02    0.16061E-01
    0.27508E+02    0.15401E-01
    0.27941E+02    0.14768E-01
    0.28381E+02    0.14161E-01
    0.28828E+02    0.13579E-01
    0.29282E+02    0.13020E-01
    0.29743E+02    0.12484E-01
    0.30211E+02    0.11970E-01
    0.30687E+02    0.11478E-01
    0.31171E+02    0.11005E-01
    0.31661E+02    0.10551E-01
    0.32160E+02    0.10116E-01
    0.32666E+02    0.96991E-02
    0.33181E+02    0.92990E-02
    0.33703E+02    0.89152E-02
    0.34234E+02    0.85472E-02
    0.34773E+02    0.81942E-02
    0.35321E+02    0.78557E-02
    0.35877E+02    0.75311E-02
    0.36442E+02    0.72198E-02
    0.37016E+02    0.69212E-02
    0.37599E+02    0.66349E-02
    0.38191E+02    0.63603E-02
    0.38792E+02    0.60970E-02
    0.39403E+02    0.58445E-02
    0.40024E+02    0.56024E-02
    0.40654E+02    0.53702E-02
    0.41294E+02    0.51476E-02
    0.41944E+02    0.49341E-02
    0.42605E+02    0.47295E-02
    0.43276E+02    0.45332E-02
    0.43957E+02    0.43450E-02
    0.44650E+02    0.41646E-02
    0.45353E+02    0.39916E-02
    0.46067E+02    0.38257E-02
    0.46792E+02    0.36666E-02
    0.47529E+02    0.35142E-02
    0.48278E+02    0.33680E-02
    0.49038E+02    0.32278E-02
    0.49810E+02    0.30934E-02
    0.50595E+02    0.29646E-02
    0.51391E+02    0.28411E-02
    0.52201E+02    0.27227E-02
    0.53023E+02    0.26092E-02
    0.53858E+02    0.25003E-02
    0.54706E+02    0.23960E-02
    0.55567E+02    0.22960E-02
    0.56442E+02    0.22002E-02
    0.57331E+02    0.21083E-02
    0.58234E+02    0.20202E-02
    0.59151E+02    0.19357E-02
    0.60083E+02    0.18548E-02
    0.61029E+02    0.17772E-02
    0.61990E+02    0.17028E-02
    0.62966E+02    0.16315E-02
    0.63958E+02    0.15632E-02
    0.64965E+02    0.14977E-02
    0.65988E+02    0.14350E-02
    0.67027E+02    0.13748E-02
    0.68083E+02    0.13171E-02
    0.69155E+02    0.12619E-02
    0.70244E+02    0.12089E-02
    0.71350E+02    0.11581E-02
    0.72474E+02    0.11095E-02
    0.73615E+02    0.10628E-02
    0.74774E+02    0.10181E-02
    0.75952E+02    0.97531E-03
    0.77148E+02    0.93427E-03
    0.78363E+02    0.89493E-03
    0.79597E+02    0.85723E-03
    0.80850E+02    0.82111E-03
    0.82123E+02    0.78649E-03
    0.83417E+02    0.75332E-03
    0.84730E+02    0.72153E-03
    0.86065E+02    0.69107E-03
    0.87420E+02    0.66189E-03
    0.88797E+02    0.63392E-03
    0.90195E+02    0.60712E-03
    0.91615E+02    0.58144E-03
    0.93058E+02    0.55683E-03
    0.94523E+02    0.53326E-03
    0.96012E+02    0.51067E-03
    0.97524E+02    0.48902E-03
    0.99060E+02    0.46828E-03
    0.10062E+03    0.44842E-03
    0.10220E+03    0.42938E-03
    0.10381E+03    0.41114E-03
    0.10545E+03    0.39367E-03
    0.10711E+03    0.37693E-03
    0.10880E+03    0.36089E-03
    0.11051E+03    0.34553E-03
    0.11225E+03    0.33081E-03
    0.11402E+03    0.31671E-03
    0.11581E+03    0.30320E-03
    0.11764E+03    0.29027E-03
    0.11949E+03    0.27787E-03
    0.12137E+03    0.26600E-03
    0.12328E+03    0.25462E-03
    0.12522E+03    0.24373E-03
    0.12720E+03    0.23329E-03
    0.12920E+03    0.22330E-03
    0.13123E+03    0.21372E-03
    0.13330E+03    0.20455E-03
    0.13540E+03    0.19577E-03
    0.13753E+03    0.18736E-03
    0.13970E+03    0.17930E-03
    0.14190E+03    0.17159E-03
    0.14413E+03    0.16420E-03
    0.14640E+03    0.15712E-03
    0.14871E+03    0.15034E-03
    0.15105E+03    0.14385E-03
    0.15343E+03    0.13763E-03
    0.15584E+03    0.13168E-03
    0.15830E+03    0.12598E-03
    0.16079E+03    0.12052E-03
    0.16332E+03    0.11529E-03
    0.16589E+03    0.11029E-03
    0.16851E+03    0.10550E-03
    0.17116E+03    0.10091E-03
    0.17386E+03    0.96516E-04
    0.17659E+03    0.92310E-04
    0.17937E+03    0.88282E-04
    0.18220E+03    0.84427E-04
    0.18507E+03    0.80736E-04
    0.18798E+03    0.77202E-04
    0.19094E+03    0.73820E-04
    0.19395E+03    0.70581E-04
    0.19700E+03    0.67482E-04
    0.20011E+03    0.64515E-04
    0.20326E+03    0.61674E-04
    0.20646E+03    0.58956E-04
    0.20971E+03    0.56354E-04
    0.21301E+03    0.53864E-04
    0.21637E+03    0.51481E-04
    0.21977E+03    0.49200E-04
    0.22323E+03    0.47017E-04
    0.22675E+03    0.44928E-04
    0.23032E+03    0.42930E-04
    0.23395E+03    0.41017E-04
    0.23763E+03    0.39187E-04
    0.24137E+03    0.37436E-04
    0.24517E+03    0.35761E-04
    0.24904E+03    0.34158E-04
    0.25296E+03    0.32625E-04
    0.25694E+03    0.31158E-04
    0.26099E+03    0.29755E-04
    0.26510E+03    0.28413E-04
    0.26927E+03    0.27130E-04
    0.27351E+03    0.25902E-04
    0.27782E+03    0.24728E-04
    0.28219E+03    0.23605E-04
    0.28664E+03    0.22532E-04
    0.29115E+03    0.21505E-04
    0.29574E+03    0.20524E-04
    0.30039E+03    0.19585E-04
    0.30513E+03    0.18688E-04
    0.30993E+03    0.17830E-04
    0.31481E+03    0.17010E-04
    0.31977E+03    0.16227E-04
    0.32480E+03    0.15478E-04
    0.32992E+03    0.14762E-04
    0.33511E+03    0.14078E-04
    0.34039E+03    0.13425E-04
    0.34575E+03    0.12801E-04
    0.35120E+03    0.12204E-04
    0.35673E+03    0.11634E-04
    0.36235E+03    0.11090E-04
    0.36805E+03    0.10570E-04
    0.37385E+03    0.10074E-04
    0.37973E+03    0.95999E-05
    0.38571E+03    0.91472E-05
    0.39179E+03    0.87151E-05
    0.39796E+03    0.83026E-05
    0.40423E+03    0.79089E-05
    0.41059E+03    0.75331E-05
    0.41706E+03    0.71744E-05
    0.42362E+03    0.68322E-05
    0.43030E+03    0.65057E-05
    0.43707E+03    0.61943E-05
    0.44395E+03    0.58971E-05
    0.45095E+03    0.56138E-05
    0.45805E+03    0.53436E-05
    0.46526E+03    0.50859E-05
    0.47259E+03    0.48402E-05
    0.48003E+03    0.46060E-05
    0.48759E+03    0.43828E-05
    0.49527E+03    0.41701E-05
    0.50307E+03    0.39674E-05
    0.51099E+03    0.37742E-05
    0.51904E+03    0.35902E-05
    0.52721E+03    0.34149E-05
    0.53551E+03    0.32480E-05
    0.54394E+03    0.30890E-05
    0.55251E+03    0.29376E-05
    0.56121E+03    0.27935E-05
    0.57005E+03    0.26563E-05
    0.57903E+03    0.25257E-05
    0.58814E+03    0.24015E-05
    0.59741E+03    0.22832E-05
    0.60681E+03    0.21707E-05
    0.61637E+03    0.20636E-05
    0.62608E+03    0.19618E-05
    0.63594E+03    0.18649E-05
    0.64595E+03    0.17728E-05
    0.65612E+03    0.16852E-05
    0.66645E+03    0.16018E-05
    0.67695E+03    0.15226E-05
    0.68761E+03    0.14473E-05
    0.69844E+03    0.13757E-05
    0.70944E+03    0.13076E-05
    0.72061E+03    0.12429E-05
    0.73196E+03    0.11814E-05
    0.74348E+03    0.11230E-05
    0.75519E+03    0.10674E-05
    0.76708E+03    0.10146E-05
    0.77916E+03    0.96445E-06
    0.79143E+03    0.91676E-06
    0.80390E+03    0.87144E-06
    0.81656E+03    0.82836E-06
    0.82942E+03    0.78743E-06
    0.84248E+03    0.74853E-06
    0.85574E+03    0.71156E-06
    0.86922E+03    0.67643E-06
    0.88291E+03    0.64303E-06
    0.89681E+03    0.61130E-06
    0.91094E+03    0.58114E-06
    0.92528E+03    0.55247E-06
    0.93985E+03    0.52523E-06
    0.95465E+03    0.49933E-06
    0.96969E+03    0.47471E-06
    0.98496E+03    0.45132E-06
    0.10005E+04    0.42908E-06
    0.10162E+04    0.40794E-06
    0.10322E+04    0.38784E-06
    0.10485E+04    0.36874E-06
    0.10650E+04    0.35058E-06
    0.10818E+04    0.33332E-06
    0.10988E+04    0.31692E-06
    0.11161E+04    0.30132E-06
    0.11337E+04    0.28650E-06
    0.11515E+04    0.27241E-06
    0.11697E+04    0.25901E-06
    0.11881E+04    0.24628E-06
    0.12068E+04    0.23418E-06
    0.12258E+04    0.22268E-06
    0.12451E+04    0.21174E-06
    0.12647E+04    0.20135E-06
    0.12846E+04    0.19148E-06
    0.13049E+04    0.18209E-06
    0.13254E+04    0.17317E-06
    0.13463E+04    0.16468E-06
    0.13675E+04    0.15662E-06
    0.13890E+04    0.14896E-06
    0.14109E+04    0.14168E-06
    0.14331E+04    0.13475E-06
    0.14557E+04    0.12817E-06
    0.14786E+04    0.12192E-06
    0.15019E+04    0.11597E-06
    0.15255E+04    0.11031E-06
    0.15496E+04    0.10493E-06
    0.15740E+04    0.99823E-07
    0.15987E+04    0.94962E-07
    0.16239E+04    0.90340E-07
    0.16495E+04    0.85946E-07
    0.16755E+04    0.81767E-07
    0.17019E+04    0.77793E-07
    0.17287E+04    0.74015E-07
    0.17559E+04    0.70422E-07
    0.17835E+04    0.67005E-07
    0.18116E+04    0.63756E-07
    0.18401E+04    0.60667E-07
    0.18691E+04    0.57728E-07
    0.18986E+04    0.54934E-07
    0.19285E+04    0.52277E-07
    0.19588E+04    0.49751E-07
    0.19897E+04    0.47347E-07
    0.20210E+04    0.45062E-07
    0.20528E+04    0.42888E-07
    0.20852E+04    0.40820E-07
    0.21180E+04    0.38853E-07
    0.21513E+04    0.36982E-07
    0.21852E+04    0.35202E-07
    0.22196E+04    0.33509E-07
    0.22546E+04    0.31898E-07
    0.22901E+04    0.30366E-07
    0.23262E+04    0.28908E-07
    0.23628E+04    0.27521E-07
    0.24000E+04    0.26201E-07
    0.24378E+04    0.24946E-07
    0.24762E+04    0.23752E-07
    0.25152E+04    0.22615E-07
    0.25548E+04    0.21534E-07
    0.25950E+04    0.20505E-07
    0.26359E+04    0.19526E-07
    0.26774E+04    0.18595E-07
    0.27196E+04    0.17708E-07
    0.27624E+04    0.16864E-07
    0.28059E+04    0.16061E-07
    0.28501E+04    0.15297E-07
    0.28949E+04    0.14570E-07
    0.29405E+04    0.13877E-07
    0.29868E+04    0.13218E-07
    0.30339E+04    0.12591E-07
    0.30817E+04    0.11994E-07
    0.31302E+04    0.11426E-07
    0.31795E+04    0.10885E-07
    0.32295E+04    0.10370E-07
    0.32804E+04    0.98801E-08
    0.33321E+04    0.94133E-08
    0.33845E+04    0.89690E-08
    0.34378E+04    0.85460E-08
    0.34920E+04    0.81432E-08
    0.35470E+04    0.77597E-08
    0.36028E+04    0.73945E-08
    0.36596E+04    0.70468E-08
    0.37172E+04    0.67156E-08
    0.37757E+04    0.64003E-08
    0.38352E+04    0.61000E-08
    0.38956E+04    0.58141E-08
    0.39569E+04    0.55417E-08
    0.40192E+04    0.52823E-08
    0.40825E+04    0.50352E-08
    0.41468E+04    0.47998E-08
    0.42121E+04    0.45757E-08
    0.42785E+04    0.43621E-08
    0.43458E+04    0.41587E-08
    0.44143E+04    0.39649E-08
    0.44838E+04    0.37803E-08
    0.45544E+04    0.36044E-08
    0.46261E+04    0.34369E-08
    0.46990E+04    0.32772E-08
    0.47730E+04    0.31251E-08
    0.48481E+04    0.29801E-08
    0.49245E+04    0.28420E-08
    0.50020E+04    0.27104E-08
    0.50808E+04    0.25850E-08
    0.51608E+04    0.24654E-08
    0.52421E+04    0.23515E-08
    0.53246E+04    0.22429E-08
    0.54085E+04    0.21394E-08
    0.54936E+04    0.20408E-08
    0.55802E+04    0.19468E-08
    0.56680E+04    0.18572E-08
    0.57573E+04    0.17717E-08
    0.58480E+04    0.16903E-08
    0.59400E+04    0.16126E-08
    0.60336E+04    0.15386E-08
    0.61286E+04    0.14681E-08
    0.62251E+04    0.14008E-08
    0.63231E+04    0.13366E-08
    0.64227E+04    0.12754E-08
    0.65239E+04    0.12171E-08
    0.66266E+04    0.11615E-08
    0.67310E+04    0.11084E-08
    0.68370E+04    0.10578E-08
    0.69446E+04    0.10096E-08
    0.70540E+04    0.96356E-09
    0.71651E+04    0.91967E-09
    0.72779E+04    0.87780E-09
    0.73925E+04    0.83787E-09
    0.75089E+04    0.79978E-09
    0.76272E+04    0.76345E-09
    0.77473E+04    0.72879E-09
    0.78693E+04    0.69572E-09
    0.79932E+04    0.66417E-09
    0.81191E+04    0.63408E-09
    0.82469E+04    0.60536E-09
    0.83768E+04    0.57796E-09
    0.85087E+04    0.55182E-09
    0.86427E+04    0.52687E-09
    0.87788E+04    0.50307E-09
    0.89171E+04    0.48035E-09
    0.90575E+04    0.45868E-09
    0.92001E+04    0.43799E-09
