    0.52658E-05    0.48932E-03
    0.53487E-05    0.49679E-03
    0.54330E-05    0.50437E-03
    0.55185E-05    0.51206E-03
    0.56054E-05    0.51987E-03
    0.56937E-05    0.52780E-03
    0.57833E-05    0.53586E-03
    0.58744E-05    0.54403E-03
    0.59669E-05    0.55233E-03
    0.60609E-05    0.56076E-03
    0.61563E-05    0.56931E-03
    0.62533E-05    0.57800E-03
    0.63518E-05    0.58681E-03
    0.64518E-05    0.59577E-03
    0.65534E-05    0.60486E-03
    0.66566E-05    0.61408E-03
    0.67614E-05    0.62345E-03
    0.68679E-05    0.63296E-03
    0.69761E-05    0.64262E-03
    0.70859E-05    0.65242E-03
    0.71975E-05    0.66238E-03
    0.73108E-05    0.67248E-03
    0.74260E-05    0.68274E-03
    0.75429E-05    0.69316E-03
    0.76617E-05    0.70373E-03
    0.77823E-05    0.71447E-03
    0.79049E-05    0.72537E-03
    0.80294E-05    0.73643E-03
    0.81558E-05    0.74767E-03
    0.82843E-05    0.75907E-03
    0.84147E-05    0.77065E-03
    0.85472E-05    0.78241E-03
    0.86818E-05    0.79435E-03
    0.88186E-05    0.80647E-03
    0.89574E-05    0.81877E-03
    0.90985E-05    0.83126E-03
    0.92418E-05    0.84394E-03
    0.93873E-05    0.85682E-03
    0.95351E-05    0.86989E-03
    0.96853E-05    0.88316E-03
    0.98378E-05    0.89663E-03
    0.99927E-05    0.91031E-03
    0.10150E-04    0.92420E-03
    0.10310E-04    0.93830E-03
    0.10472E-04    0.95261E-03
    0.10637E-04    0.96715E-03
    0.10805E-04    0.98190E-03
    0.10975E-04    0.99688E-03
    0.11148E-04    0.10121E-02
    0.11323E-04    0.10275E-02
    0.11502E-04    0.10432E-02
    0.11683E-04    0.10591E-02
    0.11867E-04    0.10753E-02
    0.12054E-04    0.10917E-02
    0.12243E-04    0.11083E-02
    0.12436E-04    0.11252E-02
    0.12632E-04    0.11424E-02
    0.12831E-04    0.11598E-02
    0.13033E-04    0.11775E-02
    0.13238E-04    0.11955E-02
    0.13447E-04    0.12137E-02
    0.13658E-04    0.12323E-02
    0.13874E-04    0.12511E-02
    0.14092E-04    0.12701E-02
    0.14314E-04    0.12895E-02
    0.14539E-04    0.13092E-02
    0.14768E-04    0.13292E-02
    0.15001E-04    0.13494E-02
    0.15237E-04    0.13700E-02
    0.15477E-04    0.13909E-02
    0.15721E-04    0.14121E-02
    0.15968E-04    0.14337E-02
    0.16220E-04    0.14556E-02
    0.16475E-04    0.14778E-02
    0.16735E-04    0.15003E-02
    0.16998E-04    0.15232E-02
    0.17266E-04    0.15464E-02
    0.17538E-04    0.15700E-02
    0.17814E-04    0.15940E-02
    0.18094E-04    0.16183E-02
    0.18379E-04    0.16430E-02
    0.18669E-04    0.16681E-02
    0.18963E-04    0.16935E-02
    0.19261E-04    0.17193E-02
    0.19565E-04    0.17456E-02
    0.19873E-04    0.17722E-02
    0.20186E-04    0.17992E-02
    0.20504E-04    0.18267E-02
    0.20827E-04    0.18545E-02
    0.21155E-04    0.18828E-02
    0.21488E-04    0.19116E-02
    0.21826E-04    0.19407E-02
    0.22170E-04    0.19703E-02
    0.22519E-04    0.20004E-02
    0.22874E-04    0.20309E-02
    0.23234E-04    0.20619E-02
    0.23600E-04    0.20933E-02
    0.23971E-04    0.21253E-02
    0.24349E-04    0.21577E-02
    0.24732E-04    0.21906E-02
    0.25122E-04    0.22240E-02
    0.25517E-04    0.22580E-02
    0.25919E-04    0.22924E-02
    0.26327E-04    0.23274E-02
    0.26742E-04    0.23629E-02
    0.27163E-04    0.23989E-02
    0.27591E-04    0.24355E-02
    0.28025E-04    0.24727E-02
    0.28467E-04    0.25104E-02
    0.28915E-04    0.25487E-02
    0.29370E-04    0.25876E-02
    0.29833E-04    0.26271E-02
    0.30303E-04    0.26672E-02
    0.30780E-04    0.27078E-02
    0.31264E-04    0.27492E-02
    0.31757E-04    0.27911E-02
    0.32257E-04    0.28337E-02
    0.32765E-04    0.28769E-02
    0.33281E-04    0.29208E-02
    0.33805E-04    0.29654E-02
    0.34337E-04    0.30106E-02
    0.34878E-04    0.30565E-02
    0.35427E-04    0.31032E-02
    0.35985E-04    0.31505E-02
    0.36552E-04    0.31986E-02
    0.37127E-04    0.32474E-02
    0.37712E-04    0.32969E-02
    0.38306E-04    0.33472E-02
    0.38909E-04    0.33983E-02
    0.39522E-04    0.34501E-02
    0.40144E-04    0.35027E-02
    0.40777E-04    0.35562E-02
    0.41419E-04    0.36104E-02
    0.42071E-04    0.36655E-02
    0.42733E-04    0.37214E-02
    0.43406E-04    0.37782E-02
    0.44090E-04    0.38358E-02
    0.44784E-04    0.38943E-02
    0.45490E-04    0.39538E-02
    0.46206E-04    0.40141E-02
    0.46934E-04    0.40753E-02
    0.47673E-04    0.41375E-02
    0.48423E-04    0.42006E-02
    0.49186E-04    0.42647E-02
    0.49961E-04    0.43297E-02
    0.50747E-04    0.43958E-02
    0.51546E-04    0.44629E-02
    0.52358E-04    0.45309E-02
    0.53183E-04    0.46001E-02
    0.54020E-04    0.46702E-02
    0.54871E-04    0.47415E-02
    0.55735E-04    0.48138E-02
    0.56613E-04    0.48873E-02
    0.57504E-04    0.49618E-02
    0.58410E-04    0.50375E-02
    0.59330E-04    0.51144E-02
    0.60264E-04    0.51924E-02
    0.61213E-04    0.52716E-02
    0.62177E-04    0.53520E-02
    0.63156E-04    0.54337E-02
    0.64151E-04    0.55166E-02
    0.65161E-04    0.56007E-02
    0.66187E-04    0.56862E-02
    0.67229E-04    0.57729E-02
    0.68288E-04    0.58610E-02
    0.69363E-04    0.59504E-02
    0.70456E-04    0.60412E-02
    0.71565E-04    0.61333E-02
    0.72692E-04    0.62269E-02
    0.73837E-04    0.63219E-02
    0.75000E-04    0.64183E-02
    0.76181E-04    0.65162E-02
    0.77380E-04    0.66156E-02
    0.78599E-04    0.67166E-02
    0.79837E-04    0.68190E-02
    0.81094E-04    0.69231E-02
    0.82371E-04    0.70287E-02
    0.83668E-04    0.71359E-02
    0.84986E-04    0.72448E-02
    0.86324E-04    0.73553E-02
    0.87683E-04    0.74675E-02
    0.89064E-04    0.75814E-02
    0.90467E-04    0.76971E-02
    0.91891E-04    0.78145E-02
    0.93339E-04    0.79337E-02
    0.94808E-04    0.80547E-02
    0.96301E-04    0.81776E-02
    0.97818E-04    0.83023E-02
    0.99358E-04    0.84290E-02
    0.10092E-03    0.85576E-02
    0.10251E-03    0.86881E-02
    0.10413E-03    0.88207E-02
    0.10577E-03    0.89552E-02
    0.10743E-03    0.90918E-02
    0.10912E-03    0.92305E-02
    0.11084E-03    0.93713E-02
    0.11259E-03    0.95143E-02
    0.11436E-03    0.96594E-02
    0.11616E-03    0.98068E-02
    0.11799E-03    0.99564E-02
    0.11985E-03    0.10108E-01
    0.12174E-03    0.10262E-01
    0.12365E-03    0.10419E-01
    0.12560E-03    0.10578E-01
    0.12758E-03    0.10739E-01
    0.12959E-03    0.10903E-01
    0.13163E-03    0.11069E-01
    0.13370E-03    0.11238E-01
    0.13581E-03    0.11410E-01
    0.13795E-03    0.11584E-01
    0.14012E-03    0.11760E-01
    0.14232E-03    0.11940E-01
    0.14457E-03    0.12122E-01
    0.14684E-03    0.12307E-01
    0.14915E-03    0.12495E-01
    0.15150E-03    0.12685E-01
    0.15389E-03    0.12879E-01
    0.15631E-03    0.13075E-01
    0.15877E-03    0.13275E-01
    0.16127E-03    0.13477E-01
    0.16381E-03    0.13683E-01
    0.16639E-03    0.13891E-01
    0.16901E-03    0.14103E-01
    0.17168E-03    0.14318E-01
    0.17438E-03    0.14537E-01
    0.17713E-03    0.14759E-01
    0.17991E-03    0.14984E-01
    0.18275E-03    0.15212E-01
    0.18563E-03    0.15444E-01
    0.18855E-03    0.15680E-01
    0.19152E-03    0.15919E-01
    0.19453E-03    0.16162E-01
    0.19760E-03    0.16408E-01
    0.20071E-03    0.16659E-01
    0.20387E-03    0.16913E-01
    0.20708E-03    0.17171E-01
    0.21034E-03    0.17433E-01
    0.21365E-03    0.17698E-01
    0.21702E-03    0.17968E-01
    0.22044E-03    0.18242E-01
    0.22391E-03    0.18521E-01
    0.22743E-03    0.18803E-01
    0.23102E-03    0.19090E-01
    0.23465E-03    0.19381E-01
    0.23835E-03    0.19677E-01
    0.24210E-03    0.19977E-01
    0.24591E-03    0.20281E-01
    0.24979E-03    0.20591E-01
    0.25372E-03    0.20905E-01
    0.25772E-03    0.21224E-01
    0.26177E-03    0.21547E-01
    0.26590E-03    0.21876E-01
    0.27008E-03    0.22209E-01
    0.27434E-03    0.22548E-01
    0.27866E-03    0.22892E-01
    0.28305E-03    0.23241E-01
    0.28750E-03    0.23595E-01
    0.29203E-03    0.23955E-01
    0.29663E-03    0.24320E-01
    0.30130E-03    0.24691E-01
    0.30605E-03    0.25068E-01
    0.31086E-03    0.25450E-01
    0.31576E-03    0.25838E-01
    0.32073E-03    0.26232E-01
    0.32578E-03    0.26632E-01
    0.33091E-03    0.27038E-01
    0.33612E-03    0.27450E-01
    0.34142E-03    0.27869E-01
    0.34679E-03    0.28294E-01
    0.35226E-03    0.28725E-01
    0.35780E-03    0.29163E-01
    0.36344E-03    0.29608E-01
    0.36916E-03    0.30059E-01
    0.37497E-03    0.30517E-01
    0.38088E-03    0.30982E-01
    0.38688E-03    0.31455E-01
    0.39297E-03    0.31934E-01
    0.39916E-03    0.32421E-01
    0.40544E-03    0.32915E-01
    0.41183E-03    0.33417E-01
    0.41831E-03    0.33926E-01
    0.42490E-03    0.34443E-01
    0.43159E-03    0.34968E-01
    0.43839E-03    0.35501E-01
    0.44529E-03    0.36042E-01
    0.45231E-03    0.36591E-01
    0.45943E-03    0.37149E-01
    0.46666E-03    0.37715E-01
    0.47401E-03    0.38290E-01
    0.48148E-03    0.38873E-01
    0.48906E-03    0.39466E-01
    0.49676E-03    0.40067E-01
    0.50458E-03    0.40677E-01
    0.51253E-03    0.41297E-01
    0.52060E-03    0.41926E-01
    0.52880E-03    0.42565E-01
    0.53713E-03    0.43213E-01
    0.54558E-03    0.43871E-01
    0.55418E-03    0.44540E-01
    0.56290E-03    0.45218E-01
    0.57177E-03    0.45907E-01
    0.58077E-03    0.46606E-01
    0.58992E-03    0.47315E-01
    0.59921E-03    0.48036E-01
    0.60864E-03    0.48767E-01
    0.61823E-03    0.49510E-01
    0.62796E-03    0.50263E-01
    0.63785E-03    0.51029E-01
    0.64790E-03    0.51805E-01
    0.65810E-03    0.52594E-01
    0.66846E-03    0.53394E-01
    0.67899E-03    0.54207E-01
    0.68968E-03    0.55032E-01
    0.70054E-03    0.55869E-01
    0.71158E-03    0.56719E-01
    0.72278E-03    0.57582E-01
    0.73416E-03    0.58458E-01
    0.74573E-03    0.59347E-01
    0.75747E-03    0.60250E-01
    0.76940E-03    0.61166E-01
    0.78151E-03    0.62096E-01
    0.79382E-03    0.63040E-01
    0.80632E-03    0.63999E-01
    0.81902E-03    0.64972E-01
    0.83192E-03    0.65959E-01
    0.84502E-03    0.66962E-01
    0.85833E-03    0.67979E-01
    0.87184E-03    0.69012E-01
    0.88557E-03    0.70061E-01
    0.89952E-03    0.71125E-01
    0.91368E-03    0.72205E-01
    0.92807E-03    0.73302E-01
    0.94269E-03    0.74415E-01
    0.95753E-03    0.75545E-01
    0.97261E-03    0.76691E-01
    0.98793E-03    0.77855E-01
    0.10035E-02    0.79037E-01
    0.10193E-02    0.80236E-01
    0.10353E-02    0.81453E-01
    0.10516E-02    0.82688E-01
    0.10682E-02    0.83942E-01
    0.10850E-02    0.85215E-01
    0.11021E-02    0.86507E-01
    0.11195E-02    0.87817E-01
    0.11371E-02    0.89148E-01
    0.11550E-02    0.90499E-01
    0.11732E-02    0.91869E-01
    0.11917E-02    0.93260E-01
    0.12104E-02    0.94672E-01
    0.12295E-02    0.96105E-01
    0.12489E-02    0.97559E-01
    0.12685E-02    0.99034E-01
    0.12885E-02    0.10053E+00
    0.13088E-02    0.10205E+00
    0.13294E-02    0.10359E+00
    0.13503E-02    0.10516E+00
    0.13716E-02    0.10675E+00
    0.13932E-02    0.10836E+00
    0.14151E-02    0.11000E+00
    0.14374E-02    0.11165E+00
    0.14601E-02    0.11334E+00
    0.14831E-02    0.11505E+00
    0.15064E-02    0.11678E+00
    0.15301E-02    0.11854E+00
    0.15542E-02    0.12033E+00
    0.15787E-02    0.12214E+00
    0.16036E-02    0.12398E+00
    0.16288E-02    0.12584E+00
    0.16545E-02    0.12773E+00
    0.16805E-02    0.12965E+00
    0.17070E-02    0.13160E+00
    0.17339E-02    0.13358E+00
    0.17612E-02    0.13558E+00
    0.17889E-02    0.13762E+00
    0.18171E-02    0.13968E+00
    0.18457E-02    0.14177E+00
    0.18748E-02    0.14389E+00
    0.19043E-02    0.14605E+00
    0.19343E-02    0.14823E+00
    0.19647E-02    0.15045E+00
    0.19957E-02    0.15269E+00
    0.20271E-02    0.15497E+00
    0.20590E-02    0.15728E+00
    0.20914E-02    0.15963E+00
    0.21244E-02    0.16201E+00
    0.21578E-02    0.16442E+00
    0.21918E-02    0.16686E+00
    0.22263E-02    0.16934E+00
    0.22614E-02    0.17186E+00
    0.22970E-02    0.17441E+00
    0.23332E-02    0.17699E+00
    0.23699E-02    0.17961E+00
    0.24072E-02    0.18227E+00
    0.24451E-02    0.18496E+00
    0.24836E-02    0.18769E+00
    0.25228E-02    0.19046E+00
    0.25625E-02    0.19327E+00
    0.26028E-02    0.19611E+00
    0.26438E-02    0.19899E+00
    0.26855E-02    0.20191E+00
    0.27278E-02    0.20488E+00
    0.27707E-02    0.20788E+00
    0.28143E-02    0.21092E+00
    0.28587E-02    0.21400E+00
    0.29037E-02    0.21712E+00
    0.29494E-02    0.22028E+00
    0.29958E-02    0.22348E+00
    0.30430E-02    0.22673E+00
    0.30909E-02    0.23002E+00
    0.31396E-02    0.23335E+00
    0.31891E-02    0.23672E+00
    0.32393E-02    0.24013E+00
    0.32903E-02    0.24359E+00
    0.33421E-02    0.24709E+00
    0.33947E-02    0.25064E+00
    0.34482E-02    0.25422E+00
    0.35025E-02    0.25786E+00
    0.35577E-02    0.26153E+00
    0.36137E-02    0.26525E+00
    0.36706E-02    0.26902E+00
    0.37284E-02    0.27283E+00
    0.37871E-02    0.27668E+00
    0.38467E-02    0.28058E+00
    0.39073E-02    0.28453E+00
    0.39689E-02    0.28852E+00
    0.40314E-02    0.29255E+00
    0.40948E-02    0.29663E+00
    0.41593E-02    0.30076E+00
    0.42248E-02    0.30493E+00
    0.42914E-02    0.30914E+00
    0.43589E-02    0.31340E+00
    0.44276E-02    0.31771E+00
    0.44973E-02    0.32205E+00
    0.45681E-02    0.32645E+00
    0.46401E-02    0.33088E+00
    0.47131E-02    0.33536E+00
    0.47874E-02    0.33988E+00
    0.48627E-02    0.34445E+00
    0.49393E-02    0.34906E+00
    0.50171E-02    0.35371E+00
    0.50961E-02    0.35840E+00
    0.51764E-02    0.36313E+00
    0.52579E-02    0.36790E+00
    0.53407E-02    0.37271E+00
    0.54248E-02    0.37756E+00
    0.55102E-02    0.38245E+00
    0.55970E-02    0.38738E+00
    0.56851E-02    0.39234E+00
    0.57746E-02    0.39733E+00
    0.58656E-02    0.40236E+00
    0.59580E-02    0.40742E+00
    0.60518E-02    0.41252E+00
    0.61471E-02    0.41764E+00
    0.62439E-02    0.42280E+00
    0.63422E-02    0.42798E+00
    0.64421E-02    0.43318E+00
    0.65435E-02    0.43841E+00
    0.66466E-02    0.44367E+00
    0.67512E-02    0.44894E+00
    0.68576E-02    0.45424E+00
    0.69656E-02    0.45955E+00
    0.70752E-02    0.46487E+00
    0.71867E-02    0.47021E+00
    0.72998E-02    0.47556E+00
    0.74148E-02    0.48092E+00
    0.75316E-02    0.48628E+00
    0.76502E-02    0.49165E+00
    0.77706E-02    0.49702E+00
    0.78930E-02    0.50238E+00
    0.80173E-02    0.50774E+00
    0.81436E-02    0.51310E+00
    0.82718E-02    0.51844E+00
    0.84021E-02    0.52377E+00
    0.85344E-02    0.52908E+00
    0.86688E-02    0.53437E+00
    0.88053E-02    0.53964E+00
    0.89440E-02    0.54488E+00
    0.90848E-02    0.55010E+00
    0.92279E-02    0.55527E+00
    0.93732E-02    0.56041E+00
    0.95208E-02    0.56551E+00
    0.96707E-02    0.57056E+00
    0.98230E-02    0.57556E+00
    0.99777E-02    0.58051E+00
    0.10135E-01    0.58539E+00
    0.10294E-01    0.59022E+00
    0.10457E-01    0.59498E+00
    0.10621E-01    0.59967E+00
    0.10788E-01    0.60428E+00
    0.10958E-01    0.60881E+00
    0.11131E-01    0.61326E+00
    0.11306E-01    0.61762E+00
    0.11484E-01    0.62189E+00
    0.11665E-01    0.62606E+00
    0.11849E-01    0.63012E+00
    0.12035E-01    0.63408E+00
    0.12225E-01    0.63792E+00
    0.12417E-01    0.64165E+00
    0.12613E-01    0.64526E+00
    0.12812E-01    0.64874E+00
    0.13013E-01    0.65208E+00
    0.13218E-01    0.65530E+00
    0.13426E-01    0.65837E+00
    0.13638E-01    0.66130E+00
    0.13853E-01    0.66408E+00
    0.14071E-01    0.66671E+00
    0.14292E-01    0.66918E+00
    0.14517E-01    0.67149E+00
    0.14746E-01    0.67364E+00
    0.14978E-01    0.67561E+00
    0.15214E-01    0.67741E+00
    0.15454E-01    0.67903E+00
    0.15697E-01    0.68048E+00
    0.15944E-01    0.68173E+00
    0.16195E-01    0.68280E+00
    0.16450E-01    0.68368E+00
    0.16710E-01    0.68437E+00
    0.16973E-01    0.68486E+00
    0.17240E-01    0.68515E+00
    0.17511E-01    0.68523E+00
    0.17787E-01    0.68511E+00
    0.18067E-01    0.68479E+00
    0.18352E-01    0.68425E+00
    0.18641E-01    0.68351E+00
    0.18934E-01    0.68255E+00
    0.19233E-01    0.68138E+00
    0.19535E-01    0.67999E+00
    0.19843E-01    0.67838E+00
    0.20156E-01    0.67656E+00
    0.20473E-01    0.67452E+00
    0.20795E-01    0.67226E+00
    0.21123E-01    0.66979E+00
    0.21455E-01    0.66709E+00
    0.21793E-01    0.66418E+00
    0.22136E-01    0.66106E+00
    0.22485E-01    0.65772E+00
    0.22839E-01    0.65416E+00
    0.23199E-01    0.65040E+00
    0.23564E-01    0.64642E+00
    0.23935E-01    0.64224E+00
    0.24312E-01    0.63786E+00
    0.24695E-01    0.63328E+00
    0.25084E-01    0.62850E+00
    0.25479E-01    0.62353E+00
    0.25880E-01    0.61837E+00
    0.26288E-01    0.61304E+00
    0.26702E-01    0.60753E+00
    0.27122E-01    0.60185E+00
    0.27549E-01    0.59601E+00
    0.27983E-01    0.59001E+00
    0.28424E-01    0.58387E+00
    0.28871E-01    0.57759E+00
    0.29326E-01    0.57119E+00
    0.29788E-01    0.56466E+00
    0.30257E-01    0.55803E+00
    0.30733E-01    0.55129E+00
    0.31217E-01    0.54447E+00
    0.31709E-01    0.53757E+00
    0.32208E-01    0.53060E+00
    0.32716E-01    0.52358E+00
    0.33231E-01    0.51651E+00
    0.33754E-01    0.50942E+00
    0.34286E-01    0.50230E+00
    0.34826E-01    0.49518E+00
    0.35374E-01    0.48806E+00
    0.35931E-01    0.48097E+00
    0.36497E-01    0.47390E+00
    0.37072E-01    0.46688E+00
    0.37655E-01    0.45991E+00
    0.38248E-01    0.45302E+00
    0.38851E-01    0.44620E+00
    0.39463E-01    0.43947E+00
    0.40084E-01    0.43284E+00
    0.40715E-01    0.42632E+00
    0.41356E-01    0.41993E+00
    0.42008E-01    0.41366E+00
    0.42669E-01    0.40754E+00
    0.43341E-01    0.40156E+00
    0.44024E-01    0.39573E+00
    0.44717E-01    0.39006E+00
    0.45421E-01    0.38456E+00
    0.46136E-01    0.37922E+00
    0.46863E-01    0.37405E+00
    0.47601E-01    0.36905E+00
    0.48351E-01    0.36423E+00
    0.49112E-01    0.35957E+00
    0.49885E-01    0.35507E+00
    0.50671E-01    0.35074E+00
    0.51469E-01    0.34657E+00
    0.52279E-01    0.34255E+00
    0.53103E-01    0.33866E+00
    0.53939E-01    0.33491E+00
    0.54788E-01    0.33128E+00
    0.55651E-01    0.32776E+00
    0.56528E-01    0.32432E+00
    0.57418E-01    0.32096E+00
    0.58322E-01    0.31766E+00
    0.59240E-01    0.31440E+00
    0.60173E-01    0.31116E+00
    0.61121E-01    0.30792E+00
    0.62083E-01    0.30466E+00
    0.63061E-01    0.30136E+00
    0.64054E-01    0.29799E+00
    0.65063E-01    0.29454E+00
    0.66087E-01    0.29099E+00
    0.67128E-01    0.28732E+00
    0.68185E-01    0.28351E+00
    0.69259E-01    0.27955E+00
    0.70350E-01    0.27542E+00
    0.71457E-01    0.27111E+00
    0.72583E-01    0.26662E+00
    0.73726E-01    0.26194E+00
    0.74887E-01    0.25707E+00
    0.76066E-01    0.25202E+00
    0.77264E-01    0.24680E+00
    0.78481E-01    0.24141E+00
    0.79717E-01    0.23588E+00
    0.80972E-01    0.23022E+00
    0.82247E-01    0.22446E+00
    0.83542E-01    0.21864E+00
    0.84858E-01    0.21277E+00
    0.86194E-01    0.20690E+00
    0.87552E-01    0.20106E+00
    0.88930E-01    0.19528E+00
    0.90331E-01    0.18961E+00
    0.91753E-01    0.18407E+00
    0.93198E-01    0.17870E+00
    0.94666E-01    0.17353E+00
    0.96157E-01    0.16859E+00
    0.97671E-01    0.16391E+00
    0.99209E-01    0.15950E+00
    0.10077E+00    0.15537E+00
    0.10236E+00    0.15154E+00
    0.10397E+00    0.14801E+00
    0.10561E+00    0.14477E+00
    0.10727E+00    0.14182E+00
    0.10896E+00    0.13913E+00
    0.11068E+00    0.13669E+00
    0.11242E+00    0.13446E+00
    0.11419E+00    0.13242E+00
    0.11599E+00    0.13052E+00
    0.11781E+00    0.12871E+00
    0.11967E+00    0.12697E+00
    0.12155E+00    0.12522E+00
    0.12347E+00    0.12344E+00
    0.12541E+00    0.12158E+00
    0.12739E+00    0.11960E+00
    0.12939E+00    0.11747E+00
    0.13143E+00    0.11517E+00
    0.13350E+00    0.11267E+00
    0.13560E+00    0.10999E+00
    0.13774E+00    0.10712E+00
    0.13991E+00    0.10410E+00
    0.14211E+00    0.10095E+00
    0.14435E+00    0.97703E-01
    0.14662E+00    0.94419E-01
    0.14893E+00    0.91145E-01
    0.15128E+00    0.87933E-01
    0.15366E+00    0.84832E-01
    0.15608E+00    0.81889E-01
    0.15854E+00    0.79141E-01
    0.16103E+00    0.76616E-01
    0.16357E+00    0.74331E-01
    0.16614E+00    0.72291E-01
    0.16876E+00    0.70488E-01
    0.17142E+00    0.68903E-01
    0.17412E+00    0.67505E-01
    0.17686E+00    0.66253E-01
    0.17964E+00    0.65101E-01
    0.18247E+00    0.63997E-01
    0.18535E+00    0.62891E-01
    0.18827E+00    0.61735E-01
    0.19123E+00    0.60490E-01
    0.19424E+00    0.59129E-01
    0.19730E+00    0.57638E-01
    0.20041E+00    0.56020E-01
    0.20356E+00    0.54293E-01
    0.20677E+00    0.52489E-01
    0.21003E+00    0.50647E-01
    0.21333E+00    0.48816E-01
    0.21669E+00    0.47042E-01
    0.22010E+00    0.45366E-01
    0.22357E+00    0.43820E-01
    0.22709E+00    0.42425E-01
    0.23067E+00    0.41185E-01
    0.23430E+00    0.40092E-01
    0.23799E+00    0.39123E-01
    0.24174E+00    0.38246E-01
    0.24554E+00    0.37422E-01
    0.24941E+00    0.36610E-01
    0.25334E+00    0.35775E-01
    0.25733E+00    0.34890E-01
    0.26138E+00    0.33940E-01
    0.26550E+00    0.32926E-01
    0.26968E+00    0.31862E-01
    0.27392E+00    0.30773E-01
    0.27824E+00    0.29691E-01
    0.28262E+00    0.28646E-01
    0.28707E+00    0.27667E-01
    0.29159E+00    0.26769E-01
    0.29618E+00    0.25958E-01
    0.30085E+00    0.25226E-01
    0.30558E+00    0.24556E-01
    0.31040E+00    0.23924E-01
    0.31529E+00    0.23304E-01
    0.32025E+00    0.22677E-01
    0.32529E+00    0.22027E-01
    0.33042E+00    0.21352E-01
    0.33562E+00    0.20659E-01
    0.34090E+00    0.19963E-01
    0.34627E+00    0.19283E-01
    0.35173E+00    0.18635E-01
    0.35726E+00    0.18029E-01
    0.36289E+00    0.17470E-01
    0.36861E+00    0.16951E-01
    0.37441E+00    0.16461E-01
    0.38031E+00    0.15986E-01
    0.38630E+00    0.15514E-01
    0.39238E+00    0.15039E-01
    0.39856E+00    0.14559E-01
    0.40483E+00    0.14079E-01
    0.41121E+00    0.13609E-01
    0.41769E+00    0.13158E-01
    0.42426E+00    0.12730E-01
    0.43094E+00    0.12326E-01
    0.43773E+00    0.11944E-01
    0.44462E+00    0.11576E-01
    0.45163E+00    0.11215E-01
    0.45874E+00    0.10859E-01
    0.46596E+00    0.10506E-01
    0.47330E+00    0.10159E-01
    0.48075E+00    0.98215E-02
    0.48832E+00    0.94977E-02
    0.49601E+00    0.91884E-02
    0.50382E+00    0.88923E-02
    0.51176E+00    0.86065E-02
    0.51982E+00    0.83281E-02
    0.52800E+00    0.80554E-02
    0.53632E+00    0.77887E-02
    0.54476E+00    0.75292E-02
    0.55334E+00    0.72786E-02
    0.56206E+00    0.70374E-02
    0.57091E+00    0.68051E-02
    0.57990E+00    0.65805E-02
    0.58903E+00    0.63623E-02
    0.59831E+00    0.61499E-02
    0.60773E+00    0.59436E-02
    0.61730E+00    0.57437E-02
    0.62702E+00    0.55507E-02
    0.63689E+00    0.53643E-02
    0.64692E+00    0.51841E-02
    0.65711E+00    0.50094E-02
    0.66746E+00    0.48400E-02
    0.67797E+00    0.46758E-02
    0.68865E+00    0.45170E-02
    0.69949E+00    0.43635E-02
    0.71051E+00    0.42150E-02
    0.72169E+00    0.40714E-02
    0.73306E+00    0.39323E-02
    0.74460E+00    0.37976E-02
    0.75633E+00    0.36674E-02
    0.76824E+00    0.35414E-02
    0.78034E+00    0.34197E-02
    0.79263E+00    0.33019E-02
    0.80511E+00    0.31879E-02
    0.81779E+00    0.30776E-02
    0.83067E+00    0.29710E-02
    0.84375E+00    0.28680E-02
    0.85703E+00    0.27684E-02
    0.87053E+00    0.26720E-02
    0.88424E+00    0.25789E-02
    0.89816E+00    0.24889E-02
    0.91231E+00    0.24019E-02
    0.92667E+00    0.23178E-02
    0.94127E+00    0.22365E-02
    0.95609E+00    0.21580E-02
    0.97115E+00    0.20821E-02
    0.98644E+00    0.20088E-02
    0.10020E+01    0.19380E-02
    0.10178E+01    0.18695E-02
    0.10338E+01    0.18034E-02
    0.10501E+01    0.17395E-02
    0.10666E+01    0.16778E-02
    0.10834E+01    0.16182E-02
    0.11005E+01    0.15607E-02
    0.11178E+01    0.15051E-02
    0.11354E+01    0.14514E-02
    0.11533E+01    0.13996E-02
    0.11714E+01    0.13495E-02
    0.11899E+01    0.13012E-02
    0.12086E+01    0.12546E-02
    0.12276E+01    0.12095E-02
    0.12470E+01    0.11661E-02
    0.12666E+01    0.11241E-02
    0.12866E+01    0.10836E-02
    0.13068E+01    0.10445E-02
    0.13274E+01    0.10068E-02
    0.13483E+01    0.97034E-03
    0.13695E+01    0.93520E-03
    0.13911E+01    0.90129E-03
    0.14130E+01    0.86858E-03
    0.14353E+01    0.83701E-03
    0.14579E+01    0.80656E-03
    0.14808E+01    0.77718E-03
    0.15041E+01    0.74883E-03
    0.15278E+01    0.72149E-03
    0.15519E+01    0.69511E-03
    0.15763E+01    0.66967E-03
    0.16012E+01    0.64514E-03
    0.16264E+01    0.62147E-03
    0.16520E+01    0.59865E-03
    0.16780E+01    0.57665E-03
    0.17044E+01    0.55543E-03
    0.17313E+01    0.53496E-03
    0.17585E+01    0.51524E-03
    0.17862E+01    0.49621E-03
    0.18143E+01    0.47787E-03
    0.18429E+01    0.46019E-03
    0.18719E+01    0.44315E-03
    0.19014E+01    0.42672E-03
    0.19314E+01    0.41089E-03
    0.19618E+01    0.39563E-03
    0.19927E+01    0.38092E-03
    0.20240E+01    0.36674E-03
    0.20559E+01    0.35307E-03
    0.20883E+01    0.33990E-03
    0.21212E+01    0.32722E-03
    0.21546E+01    0.31499E-03
    0.21885E+01    0.30321E-03
    0.22230E+01    0.29186E-03
    0.22580E+01    0.28092E-03
    0.22935E+01    0.27038E-03
    0.23297E+01    0.26023E-03
    0.23663E+01    0.25045E-03
    0.24036E+01    0.24103E-03
    0.24415E+01    0.23196E-03
    0.24799E+01    0.22322E-03
    0.25190E+01    0.21480E-03
    0.25586E+01    0.20669E-03
    0.25989E+01    0.19888E-03
    0.26399E+01    0.19136E-03
    0.26814E+01    0.18412E-03
    0.27236E+01    0.17715E-03
    0.27665E+01    0.17043E-03
    0.28101E+01    0.16396E-03
    0.28544E+01    0.15774E-03
    0.28993E+01    0.15174E-03
    0.29450E+01    0.14597E-03
    0.29913E+01    0.14041E-03
    0.30384E+01    0.13506E-03
    0.30863E+01    0.12991E-03
    0.31349E+01    0.12495E-03
    0.31843E+01    0.12018E-03
    0.32344E+01    0.11559E-03
    0.32853E+01    0.11117E-03
    0.33371E+01    0.10691E-03
    0.33896E+01    0.10281E-03
    0.34430E+01    0.98872E-04
    0.34972E+01    0.95078E-04
    0.35523E+01    0.91427E-04
    0.36082E+01    0.87914E-04
    0.36651E+01    0.84533E-04
    0.37228E+01    0.81279E-04
    0.37814E+01    0.78149E-04
    0.38410E+01    0.75137E-04
    0.39014E+01    0.72239E-04
    0.39629E+01    0.69450E-04
    0.40253E+01    0.66768E-04
    0.40887E+01    0.64187E-04
    0.41531E+01    0.61704E-04
    0.42185E+01    0.59315E-04
    0.42849E+01    0.57018E-04
    0.43524E+01    0.54808E-04
    0.44209E+01    0.52682E-04
    0.44905E+01    0.50637E-04
    0.45613E+01    0.48670E-04
    0.46331E+01    0.46778E-04
    0.47060E+01    0.44959E-04
    0.47802E+01    0.43209E-04
    0.48554E+01    0.41526E-04
    0.49319E+01    0.39908E-04
    0.50096E+01    0.38352E-04
    0.50884E+01    0.36855E-04
    0.51686E+01    0.35416E-04
    0.52500E+01    0.34032E-04
    0.53326E+01    0.32702E-04
    0.54166E+01    0.31422E-04
    0.55019E+01    0.30192E-04
    0.55886E+01    0.29010E-04
    0.56766E+01    0.27873E-04
    0.57660E+01    0.26779E-04
    0.58568E+01    0.25729E-04
    0.59490E+01    0.24718E-04
    0.60427E+01    0.23747E-04
    0.61378E+01    0.22814E-04
    0.62345E+01    0.21916E-04
    0.63327E+01    0.21054E-04
    0.64324E+01    0.20224E-04
    0.65337E+01    0.19428E-04
    0.66366E+01    0.18662E-04
    0.67411E+01    0.17925E-04
    0.68473E+01    0.17218E-04
    0.69551E+01    0.16538E-04
    0.70646E+01    0.15884E-04
    0.71759E+01    0.15256E-04
    0.72889E+01    0.14653E-04
    0.74036E+01    0.14073E-04
    0.75202E+01    0.13515E-04
    0.76387E+01    0.12980E-04
    0.77590E+01    0.12465E-04
    0.78811E+01    0.11971E-04
    0.80052E+01    0.11495E-04
    0.81313E+01    0.11039E-04
    0.82594E+01    0.10600E-04
    0.83894E+01    0.10179E-04
    0.85215E+01    0.97741E-05
    0.86557E+01    0.93852E-05
    0.87920E+01    0.90115E-05
    0.89305E+01    0.86525E-05
    0.90711E+01    0.83077E-05
    0.92140E+01    0.79764E-05
    0.93591E+01    0.76582E-05
    0.95065E+01    0.73525E-05
    0.96562E+01    0.70589E-05
    0.98082E+01    0.67768E-05
    0.99627E+01    0.65059E-05
    0.10120E+02    0.62457E-05
    0.10279E+02    0.59958E-05
    0.10441E+02    0.57558E-05
    0.10605E+02    0.55253E-05
    0.10772E+02    0.53039E-05
    0.10942E+02    0.50912E-05
    0.11114E+02    0.48870E-05
    0.11289E+02    0.46909E-05
    0.11467E+02    0.45026E-05
    0.11648E+02    0.43217E-05
    0.11831E+02    0.41481E-05
    0.12017E+02    0.39813E-05
    0.12207E+02    0.38212E-05
    0.12399E+02    0.36675E-05
    0.12594E+02    0.35198E-05
    0.12792E+02    0.33781E-05
    0.12994E+02    0.32420E-05
    0.13198E+02    0.31113E-05
    0.13406E+02    0.29858E-05
    0.13617E+02    0.28653E-05
    0.13832E+02    0.27497E-05
    0.14050E+02    0.26387E-05
    0.14271E+02    0.25321E-05
    0.14496E+02    0.24297E-05
    0.14724E+02    0.23315E-05
    0.14956E+02    0.22372E-05
    0.15191E+02    0.21467E-05
    0.15431E+02    0.20598E-05
    0.15674E+02    0.19764E-05
    0.15920E+02    0.18963E-05
    0.16171E+02    0.18194E-05
    0.16426E+02    0.17457E-05
    0.16684E+02    0.16749E-05
    0.16947E+02    0.16069E-05
    0.17214E+02    0.15417E-05
    0.17485E+02    0.14790E-05
    0.17760E+02    0.14190E-05
    0.18040E+02    0.13613E-05
    0.18324E+02    0.13059E-05
    0.18613E+02    0.12528E-05
    0.18906E+02    0.12018E-05
    0.19204E+02    0.11529E-05
    0.19506E+02    0.11060E-05
    0.19813E+02    0.10609E-05
    0.20125E+02    0.10177E-05
    0.20442E+02    0.97618E-06
    0.20764E+02    0.93637E-06
    0.21091E+02    0.89816E-06
    0.21423E+02    0.86151E-06
    0.21761E+02    0.82633E-06
    0.22103E+02    0.79258E-06
    0.22451E+02    0.76020E-06
    0.22805E+02    0.72913E-06
    0.23164E+02    0.69931E-06
    0.23529E+02    0.67071E-06
    0.23899E+02    0.64326E-06
    0.24276E+02    0.61693E-06
    0.24658E+02    0.59167E-06
    0.25046E+02    0.56744E-06
    0.25441E+02    0.54419E-06
    0.25841E+02    0.52188E-06
    0.26248E+02    0.50048E-06
    0.26662E+02    0.47995E-06
    0.27081E+02    0.46026E-06
    0.27508E+02    0.44137E-06
    0.27941E+02    0.42325E-06
    0.28381E+02    0.40586E-06
    0.28828E+02    0.38919E-06
    0.29282E+02    0.37319E-06
    0.29743E+02    0.35785E-06
    0.30211E+02    0.34313E-06
    0.30687E+02    0.32901E-06
    0.31171E+02    0.31547E-06
    0.31661E+02    0.30248E-06
    0.32160E+02    0.29003E-06
    0.32666E+02    0.27808E-06
    0.33181E+02    0.26662E-06
    0.33703E+02    0.25563E-06
    0.34234E+02    0.24509E-06
    0.34773E+02    0.23498E-06
    0.35321E+02    0.22529E-06
    0.35877E+02    0.21599E-06
    0.36442E+02    0.20707E-06
    0.37016E+02    0.19852E-06
    0.37599E+02    0.19032E-06
    0.38191E+02    0.18245E-06
    0.38792E+02    0.17491E-06
    0.39403E+02    0.16768E-06
    0.40024E+02    0.16074E-06
    0.40654E+02    0.15409E-06
    0.41294E+02    0.14771E-06
    0.41944E+02    0.14160E-06
    0.42605E+02    0.13573E-06
    0.43276E+02    0.13011E-06
    0.43957E+02    0.12472E-06
    0.44650E+02    0.11955E-06
    0.45353E+02    0.11459E-06
    0.46067E+02    0.10984E-06
    0.46792E+02    0.10529E-06
    0.47529E+02    0.10092E-06
    0.48278E+02    0.96728E-07
    0.49038E+02    0.92711E-07
    0.49810E+02    0.88861E-07
    0.50595E+02    0.85169E-07
    0.51391E+02    0.81630E-07
    0.52201E+02    0.78237E-07
    0.53023E+02    0.74984E-07
    0.53858E+02    0.71865E-07
    0.54706E+02    0.68875E-07
    0.55567E+02    0.66009E-07
    0.56442E+02    0.63261E-07
    0.57331E+02    0.60627E-07
    0.58234E+02    0.58102E-07
    0.59151E+02    0.55682E-07
    0.60083E+02    0.53361E-07
    0.61029E+02    0.51137E-07
    0.61990E+02    0.49005E-07
    0.62966E+02    0.46961E-07
    0.63958E+02    0.45002E-07
    0.64965E+02    0.43124E-07
    0.65988E+02    0.41324E-07
    0.67027E+02    0.39599E-07
    0.68083E+02    0.37945E-07
    0.69155E+02    0.36360E-07
    0.70244E+02    0.34841E-07
    0.71350E+02    0.33385E-07
    0.72474E+02    0.31989E-07
    0.73615E+02    0.30651E-07
    0.74774E+02    0.29369E-07
    0.75952E+02    0.28140E-07
    0.77148E+02    0.26963E-07
    0.78363E+02    0.25834E-07
    0.79597E+02    0.24752E-07
    0.80850E+02    0.23716E-07
    0.82123E+02    0.22722E-07
    0.83417E+02    0.21770E-07
    0.84730E+02    0.20857E-07
    0.86065E+02    0.19983E-07
    0.87420E+02    0.19145E-07
    0.88797E+02    0.18342E-07
    0.90195E+02    0.17572E-07
    0.91615E+02    0.16835E-07
    0.93058E+02    0.16128E-07
    0.94523E+02    0.15451E-07
    0.96012E+02    0.14802E-07
    0.97524E+02    0.14180E-07
    0.99060E+02    0.13584E-07
    0.10062E+03    0.13013E-07
    0.10220E+03    0.12466E-07
    0.10381E+03    0.11942E-07
    0.10545E+03    0.11439E-07
    0.10711E+03    0.10958E-07
    0.10880E+03    0.10497E-07
    0.11051E+03    0.10055E-07
    0.11225E+03    0.96315E-08
    0.11402E+03    0.92258E-08
    0.11581E+03    0.88371E-08
    0.11764E+03    0.84647E-08
    0.11949E+03    0.81078E-08
    0.12137E+03    0.77660E-08
    0.12328E+03    0.74384E-08
    0.12522E+03    0.71246E-08
    0.12720E+03    0.68240E-08
    0.12920E+03    0.65360E-08
    0.13123E+03    0.62600E-08
    0.13330E+03    0.59957E-08
    0.13540E+03    0.57424E-08
    0.13753E+03    0.54998E-08
    0.13970E+03    0.52673E-08
    0.14190E+03    0.50446E-08
    0.14413E+03    0.48313E-08
    0.14640E+03    0.46270E-08
    0.14871E+03    0.44312E-08
    0.15105E+03    0.42437E-08
    0.15343E+03    0.40640E-08
    0.15584E+03    0.38919E-08
    0.15830E+03    0.37271E-08
    0.16079E+03    0.35692E-08
    0.16332E+03    0.34179E-08
    0.16589E+03    0.32730E-08
    0.16851E+03    0.31342E-08
    0.17116E+03    0.30013E-08
    0.17386E+03    0.28740E-08
    0.17659E+03    0.27520E-08
    0.17937E+03    0.26352E-08
    0.18220E+03    0.25233E-08
    0.18507E+03    0.24161E-08
    0.18798E+03    0.23134E-08
    0.19094E+03    0.22151E-08
    0.19395E+03    0.21209E-08
    0.19700E+03    0.20307E-08
    0.20011E+03    0.19444E-08
    0.20326E+03    0.18616E-08
    0.20646E+03    0.17824E-08
    0.20971E+03    0.17065E-08
    0.21301E+03    0.16338E-08
    0.21637E+03    0.15642E-08
    0.21977E+03    0.14975E-08
    0.22323E+03    0.14337E-08
    0.22675E+03    0.13725E-08
    0.23032E+03    0.13140E-08
    0.23395E+03    0.12579E-08
    0.23763E+03    0.12042E-08
    0.24137E+03    0.11528E-08
    0.24517E+03    0.11035E-08
    0.24904E+03    0.10564E-08
    0.25296E+03    0.10112E-08
    0.25694E+03    0.96794E-09
    0.26099E+03    0.92653E-09
    0.26510E+03    0.88688E-09
    0.26927E+03    0.84891E-09
    0.27351E+03    0.81255E-09
    0.27782E+03    0.77773E-09
    0.28219E+03    0.74439E-09
    0.28664E+03    0.71247E-09
    0.29115E+03    0.68191E-09
    0.29574E+03    0.65264E-09
    0.30039E+03    0.62462E-09
    0.30513E+03    0.59779E-09
    0.30993E+03    0.57210E-09
    0.31481E+03    0.54751E-09
    0.31977E+03    0.52396E-09
    0.32480E+03    0.50142E-09
    0.32992E+03    0.47983E-09
    0.33511E+03    0.45917E-09
    0.34039E+03    0.43938E-09
    0.34575E+03    0.42044E-09
    0.35120E+03    0.40231E-09
    0.35673E+03    0.38495E-09
    0.36235E+03    0.36833E-09
    0.36805E+03    0.35242E-09
    0.37385E+03    0.33719E-09
    0.37973E+03    0.32261E-09
    0.38571E+03    0.30866E-09
    0.39179E+03    0.29530E-09
    0.39796E+03    0.28251E-09
    0.40423E+03    0.27027E-09
    0.41059E+03    0.25855E-09
    0.41706E+03    0.24734E-09
    0.42362E+03    0.23660E-09
    0.43030E+03    0.22633E-09
    0.43707E+03    0.21649E-09
    0.44395E+03    0.20708E-09
    0.45095E+03    0.19807E-09
    0.45805E+03    0.18945E-09
    0.46526E+03    0.18119E-09
    0.47259E+03    0.17330E-09
    0.48003E+03    0.16574E-09
    0.48759E+03    0.15850E-09
    0.49527E+03    0.15158E-09
    0.50307E+03    0.14496E-09
    0.51099E+03    0.13862E-09
    0.51904E+03    0.13255E-09
    0.52721E+03    0.12675E-09
    0.53551E+03    0.12119E-09
    0.54394E+03    0.11588E-09
    0.55251E+03    0.11079E-09
    0.56121E+03    0.10593E-09
    0.57005E+03    0.10127E-09
    0.57903E+03    0.96820E-10
    0.58814E+03    0.92559E-10
    0.59741E+03    0.88483E-10
    0.60681E+03    0.84583E-10
    0.61637E+03    0.80852E-10
    0.62608E+03    0.77283E-10
    0.63594E+03    0.73870E-10
    0.64595E+03    0.70604E-10
    0.65612E+03    0.67481E-10
    0.66645E+03    0.64493E-10
    0.67695E+03    0.61636E-10
    0.68761E+03    0.58903E-10
    0.69844E+03    0.56289E-10
    0.70944E+03    0.53790E-10
    0.72061E+03    0.51399E-10
    0.73196E+03    0.49114E-10
    0.74348E+03    0.46928E-10
    0.75519E+03    0.44838E-10
    0.76708E+03    0.42840E-10
    0.77916E+03    0.40929E-10
    0.79143E+03    0.39103E-10
    0.80390E+03    0.37356E-10
    0.81656E+03    0.35687E-10
    0.82942E+03    0.34091E-10
    0.84248E+03    0.32566E-10
    0.85574E+03    0.31108E-10
    0.86922E+03    0.29715E-10
    0.88291E+03    0.28383E-10
    0.89681E+03    0.27110E-10
    0.91094E+03    0.25894E-10
    0.92528E+03    0.24732E-10
    0.93985E+03    0.23621E-10
    0.95465E+03    0.22560E-10
    0.96969E+03    0.21546E-10
    0.98496E+03    0.20578E-10
    0.10005E+04    0.19652E-10
    0.10162E+04    0.18768E-10
    0.10322E+04    0.17924E-10
    0.10485E+04    0.17118E-10
    0.10650E+04    0.16348E-10
    0.10818E+04    0.15612E-10
    0.10988E+04    0.14910E-10
    0.11161E+04    0.14239E-10
    0.11337E+04    0.13598E-10
    0.11515E+04    0.12987E-10
    0.11697E+04    0.12403E-10
    0.11881E+04    0.11845E-10
    0.12068E+04    0.11313E-10
    0.12258E+04    0.10805E-10
    0.12451E+04    0.10320E-10
    0.12647E+04    0.98567E-11
    0.12846E+04    0.94147E-11
    0.13049E+04    0.89928E-11
    0.13254E+04    0.85902E-11
    0.13463E+04    0.82058E-11
    0.13675E+04    0.78390E-11
    0.13890E+04    0.74888E-11
    0.14109E+04    0.71547E-11
    0.14331E+04    0.68357E-11
    0.14557E+04    0.65313E-11
    0.14786E+04    0.62408E-11
    0.15019E+04    0.59635E-11
    0.15255E+04    0.56989E-11
    0.15496E+04    0.54462E-11
    0.15740E+04    0.52051E-11
    0.15987E+04    0.49749E-11
    0.16239E+04    0.47552E-11
    0.16495E+04    0.45454E-11
    0.16755E+04    0.43451E-11
    0.17019E+04    0.41539E-11
    0.17287E+04    0.39713E-11
    0.17559E+04    0.37969E-11
    0.17835E+04    0.36304E-11
    0.18116E+04    0.34713E-11
    0.18401E+04    0.33194E-11
    0.18691E+04    0.31742E-11
    0.18986E+04    0.30355E-11
    0.19285E+04    0.29029E-11
    0.19588E+04    0.27762E-11
    0.19897E+04    0.26552E-11
    0.20210E+04    0.25394E-11
    0.20528E+04    0.24287E-11
    0.20852E+04    0.23229E-11
    0.21180E+04    0.22217E-11
    0.21513E+04    0.21250E-11
    0.21852E+04    0.20324E-11
    0.22196E+04    0.19438E-11
    0.22546E+04    0.18591E-11
    0.22901E+04    0.17781E-11
    0.23262E+04    0.17006E-11
    0.23628E+04    0.16264E-11
    0.24000E+04    0.15554E-11
    0.24378E+04    0.14875E-11
    0.24762E+04    0.14225E-11
    0.25152E+04    0.13603E-11
    0.25548E+04    0.13008E-11
    0.25950E+04    0.12439E-11
    0.26359E+04    0.11894E-11
    0.26774E+04    0.11373E-11
    0.27196E+04    0.10875E-11
    0.27624E+04    0.10399E-11
    0.28059E+04    0.99428E-12
    0.28501E+04    0.95070E-12
    0.28949E+04    0.90902E-12
    0.29405E+04    0.86918E-12
    0.29868E+04    0.83110E-12
    0.30339E+04    0.79469E-12
    0.30817E+04    0.75990E-12
    0.31302E+04    0.72664E-12
    0.31795E+04    0.69486E-12
    0.32295E+04    0.66448E-12
    0.32804E+04    0.63545E-12
    0.33321E+04    0.60770E-12
    0.33845E+04    0.58119E-12
    0.34378E+04    0.55584E-12
    0.34920E+04    0.53161E-12
    0.35470E+04    0.50845E-12
    0.36028E+04    0.48630E-12
    0.36596E+04    0.46513E-12
    0.37172E+04    0.44487E-12
    0.37757E+04    0.42551E-12
    0.38352E+04    0.40698E-12
    0.38956E+04    0.38925E-12
    0.39569E+04    0.37229E-12
    0.40192E+04    0.35607E-12
    0.40825E+04    0.34055E-12
    0.41468E+04    0.32569E-12
    0.42121E+04    0.31148E-12
    0.42785E+04    0.29789E-12
    0.43458E+04    0.28488E-12
    0.44143E+04    0.27244E-12
    0.44838E+04    0.26054E-12
    0.45544E+04    0.24916E-12
    0.46261E+04    0.23828E-12
    0.46990E+04    0.22787E-12
    0.47730E+04    0.21792E-12
    0.48481E+04    0.20841E-12
    0.49245E+04    0.19932E-12
    0.50020E+04    0.19062E-12
    0.50808E+04    0.18231E-12
    0.51608E+04    0.17436E-12
    0.52421E+04    0.16676E-12
    0.53246E+04    0.15949E-12
    0.54085E+04    0.15254E-12
    0.54936E+04    0.14588E-12
    0.55802E+04    0.13952E-12
    0.56680E+04    0.13344E-12
    0.57573E+04    0.12762E-12
    0.58480E+04    0.12205E-12
    0.59400E+04    0.11672E-12
    0.60336E+04    0.11162E-12
    0.61286E+04    0.10675E-12
    0.62251E+04    0.10209E-12
    0.63231E+04    0.97632E-13
    0.64227E+04    0.93369E-13
    0.65239E+04    0.89294E-13
    0.66266E+04    0.85396E-13
    0.67310E+04    0.81669E-13
    0.68370E+04    0.78105E-13
    0.69446E+04    0.74697E-13
    0.70540E+04    0.71437E-13
    0.71651E+04    0.68319E-13
    0.72779E+04    0.65336E-13
    0.73925E+04    0.62484E-13
    0.75089E+04    0.59755E-13
    0.76272E+04    0.57145E-13
    0.77473E+04    0.54649E-13
    0.78693E+04    0.52262E-13
    0.79932E+04    0.49980E-13
    0.81191E+04    0.47797E-13
    0.82469E+04    0.45709E-13
    0.83768E+04    0.43713E-13
    0.85087E+04    0.41803E-13
    0.86427E+04    0.39977E-13
    0.87788E+04    0.38231E-13
    0.89171E+04    0.36561E-13
    0.90575E+04    0.34963E-13
    0.92001E+04    0.33436E-13
